 $DATA  
Title                                                                           
CNV      2

S          16.0      0.0000000000      0.0000000000     -0.0955330016
   PC1     0
        
O           8.0      1.0832885283      0.0000000000      0.0954799938
   PC1     0
        
 $END      
 $ZMAT   IZMAT(1)=
         1,   3,   1,
         1,   2,   1,
         2,   2,   1,   3,
 $END
--- CLOSED SHELL ORBITALS --- GENERATED AT Thu Feb 26 00:12:13 2015
Title                                                                           
E(R-PBE)=     -547.4330002279, E(NUC)=  138.7857063332,   24 ITERS
 $VEC   
 1  1 1.00299060E+00-1.00537333E-02 2.34365937E-03 7.11700718E-05 0.00000000E+00
 1  2 0.00000000E+00 4.51378255E-05 0.00000000E+00 0.00000000E+00 1.13137281E-04
 1  3 0.00000000E+00 0.00000000E+00 2.49546859E-05 5.89748406E-04-2.97236594E-04
 1  4-2.92511811E-04 0.00000000E+00 0.00000000E+00 0.00000000E+00-1.50129673E-05
 1  5-1.62498610E-04-7.41835307E-04-2.60798722E-04 0.00000000E+00 6.99118299E-05
 1  6-4.33023831E-04 0.00000000E+00 1.15595582E-04-3.11354813E-05 2.53929101E-05
 1  7 5.74257116E-06 0.00000000E+00 5.65835369E-05 0.00000000E+00-1.50129673E-05
 1  8-1.62498610E-04-7.41835307E-04 2.60798722E-04 0.00000000E+00 6.99118299E-05
 1  9 4.33023831E-04 0.00000000E+00 1.15595582E-04-3.11354813E-05 2.53929101E-05
 1 10 5.74257116E-06 0.00000000E+00-5.65835369E-05 0.00000000E+00
 2  1-1.11469573E-04 4.86804486E-04-1.67667248E-03 8.65078595E-03 0.00000000E+00
 2  2 0.00000000E+00-3.44895964E-05 0.00000000E+00 0.00000000E+00-9.43948154E-06
 2  3 0.00000000E+00 0.00000000E+00 2.23363960E-03-5.29721567E-03 2.55599859E-03
 2  4 2.74121708E-03 0.00000000E+00 0.00000000E+00 0.00000000E+00 7.03255226E-01
 2  5 2.89826681E-02-1.24636480E-02 3.34813670E-03 0.00000000E+00-5.40000249E-04
 2  6-3.33647062E-03 0.00000000E+00-8.15831305E-04 3.66418579E-04-2.96967990E-04
 2  7-6.94505887E-05 0.00000000E+00-6.93462571E-04 0.00000000E+00 7.03255226E-01
 2  8 2.89826681E-02-1.24636480E-02-3.34813670E-03 0.00000000E+00-5.40000249E-04
 2  9 3.33647062E-03 0.00000000E+00-8.15831305E-04 3.66418579E-04-2.96967990E-04
 2 10-6.94505887E-05 0.00000000E+00 6.93462571E-04 0.00000000E+00
 3  1 0.00000000E+00 0.00000000E+00 0.00000000E+00 0.00000000E+00-1.88877262E-04
 3  2 0.00000000E+00 0.00000000E+00 3.66639628E-03 0.00000000E+00 0.00000000E+00
 3  3-8.35994131E-03 0.00000000E+00 0.00000000E+00 0.00000000E+00 0.00000000E+00
 3  4 0.00000000E+00 0.00000000E+00 2.02701336E-03 0.00000000E+00 7.03123964E-01
 3  5 2.79093151E-02-1.38705315E-02 2.44687713E-03 0.00000000E+00-4.62348847E-05
 3  6-6.38055205E-04 0.00000000E+00 1.15301863E-03 9.25444052E-04-3.36128740E-04
 3  7-5.89315312E-04 0.00000000E+00 3.13391776E-04 0.00000000E+00-7.03123964E-01
 3  8-2.79093151E-02 1.38705315E-02 2.44687713E-03 0.00000000E+00 4.62348847E-05
 3  9-6.38055205E-04 0.00000000E+00-1.15301863E-03-9.25444052E-04 3.36128740E-04
 3 10 5.89315312E-04 0.00000000E+00 3.13391776E-04 0.00000000E+00
 4  1-2.73574845E-01 1.03838103E+00 4.44948641E-02-4.51505920E-03 0.00000000E+00
 4  2 0.00000000E+00 1.32371945E-02 0.00000000E+00 0.00000000E+00 1.96783978E-03
 4  3 0.00000000E+00 0.00000000E+00-1.63244601E-04 5.15467692E-03-2.56352369E-03
 4  4-2.59115323E-03 0.00000000E+00 0.00000000E+00 0.00000000E+00-2.41378928E-03
 4  5 5.92174256E-04-4.84856690E-03 2.23931331E-03 0.00000000E+00-2.05008915E-04
 4  6-3.48894830E-03 0.00000000E+00 9.20255671E-04 2.62538359E-03-1.31111505E-03
 4  7-1.31426853E-03 0.00000000E+00-4.92732144E-04 0.00000000E+00-2.41378928E-03
 4  8 5.92174256E-04-4.84856690E-03-2.23931331E-03 0.00000000E+00-2.05008915E-04
 4  9 3.48894830E-03 0.00000000E+00 9.20255671E-04 2.62538359E-03-1.31111505E-03
 4 10-1.31426853E-03 0.00000000E+00 4.92732144E-04 0.00000000E+00
 5  1 0.00000000E+00 0.00000000E+00 0.00000000E+00 0.00000000E+00 9.91790222E-01
 5  2 0.00000000E+00 0.00000000E+00 1.34633864E-02 0.00000000E+00 0.00000000E+00
 5  3-4.78488270E-04 0.00000000E+00 0.00000000E+00 0.00000000E+00 0.00000000E+00
 5  4 0.00000000E+00 0.00000000E+00 2.50097184E-03 0.00000000E+00 4.75584362E-03
 5  5-5.55000793E-03 6.67535924E-04-8.27132259E-03 0.00000000E+00 1.92768233E-03
 5  6 1.00688384E-03 0.00000000E+00 3.64245290E-04-3.77284932E-03 2.09754935E-03
 5  7 1.67529997E-03 0.00000000E+00 1.75790002E-03 0.00000000E+00-4.75584362E-03
 5  8 5.55000793E-03-6.67535924E-04-8.27132259E-03 0.00000000E+00-1.92768233E-03
 5  9 1.00688384E-03 0.00000000E+00-3.64245290E-04 3.77284932E-03-2.09754935E-03
 5 10-1.67529997E-03 0.00000000E+00 1.75790002E-03 0.00000000E+00
 6  1 0.00000000E+00 0.00000000E+00 0.00000000E+00 0.00000000E+00 0.00000000E+00
 6  2 9.96166982E-01 0.00000000E+00 0.00000000E+00 1.05365439E-02 0.00000000E+00
 6  3 0.00000000E+00-8.93537723E-04 0.00000000E+00 0.00000000E+00 0.00000000E+00
 6  4 0.00000000E+00 0.00000000E+00 0.00000000E+00 1.05611728E-03 0.00000000E+00
 6  5 0.00000000E+00 0.00000000E+00 0.00000000E+00 1.28495875E-03 0.00000000E+00
 6  6 0.00000000E+00-4.10621218E-05 0.00000000E+00 0.00000000E+00 0.00000000E+00
 6  7 0.00000000E+00 1.15057402E-03 0.00000000E+00-2.87243676E-04 0.00000000E+00
 6  8 0.00000000E+00 0.00000000E+00 0.00000000E+00 1.28495875E-03 0.00000000E+00
 6  9 0.00000000E+00-4.10621218E-05 0.00000000E+00 0.00000000E+00 0.00000000E+00
 6 10 0.00000000E+00-1.15057402E-03 0.00000000E+00-2.87243676E-04
 7  1 4.05934551E-03-1.50581657E-02 1.24048523E-03-4.72902900E-04 0.00000000E+00
 7  2 0.00000000E+00 9.95999431E-01 0.00000000E+00 0.00000000E+00 1.04719939E-02
 7  3 0.00000000E+00 0.00000000E+00-8.51913626E-04-4.37556401E-04-7.05987290E-04
 7  4 1.14354369E-03 0.00000000E+00 0.00000000E+00 0.00000000E+00-7.71024983E-04
 7  5 1.05115548E-03 2.62333140E-05 1.61408653E-03 0.00000000E+00 1.00300205E-03
 7  6-2.64286732E-04 0.00000000E+00-2.42817089E-05 8.25234947E-04-1.76994747E-04
 7  7-6.48240200E-04 0.00000000E+00 9.43515828E-04 0.00000000E+00-7.71024983E-04
 7  8 1.05115548E-03 2.62333140E-05-1.61408653E-03 0.00000000E+00 1.00300205E-03
 7  9 2.64286732E-04 0.00000000E+00-2.42817089E-05 8.25234947E-04-1.76994747E-04
 7 10-6.48240200E-04 0.00000000E+00-9.43515828E-04 0.00000000E+00
 8  1 6.64151656E-02-2.31457189E-01 3.07093134E-01 7.72032255E-02 0.00000000E+00
 8  2 0.00000000E+00-4.63493925E-02 0.00000000E+00 0.00000000E+00 6.50695473E-02
 8  3 0.00000000E+00 0.00000000E+00-8.71303493E-03 9.91862779E-02-5.14254713E-02
 8  4-4.77608066E-02 0.00000000E+00 0.00000000E+00 0.00000000E+00-1.35131790E-01
 8  5 2.34393977E-01 2.17975123E-01 1.63995892E-01 0.00000000E+00-1.55239358E-02
 8  6 4.09626798E-02 0.00000000E+00 4.71163691E-03 3.00058865E-02-1.42531194E-02
 8  7-1.57527671E-02 0.00000000E+00-2.87579086E-03 0.00000000E+00-1.35131790E-01
 8  8 2.34393977E-01 2.17975123E-01-1.63995892E-01 0.00000000E+00-1.55239358E-02
 8  9-4.09626798E-02 0.00000000E+00 4.71163691E-03 3.00058865E-02-1.42531194E-02
 8 10-1.57527671E-02 0.00000000E+00 2.87579086E-03 0.00000000E+00
 9  1 0.00000000E+00 0.00000000E+00 0.00000000E+00 0.00000000E+00-2.49222381E-01
 9  2 0.00000000E+00 0.00000000E+00 3.58638268E-01 0.00000000E+00 0.00000000E+00
 9  3-6.40200744E-03 0.00000000E+00 0.00000000E+00 0.00000000E+00 0.00000000E+00
 9  4 0.00000000E+00 0.00000000E+00 5.27861786E-02 0.00000000E+00 1.50539263E-01
 9  5-2.82461499E-01-2.45416140E-01-1.64834851E-01 0.00000000E+00 2.51206663E-02
 9  6-1.00294666E-02 0.00000000E+00 5.20886857E-03-2.35594935E-02 1.28882566E-02
 9  7 1.06712369E-02 0.00000000E+00 1.04139422E-02 0.00000000E+00-1.50539263E-01
 9  8 2.82461499E-01 2.45416140E-01-1.64834851E-01 0.00000000E+00-2.51206663E-02
 9  9-1.00294666E-02 0.00000000E+00-5.20886857E-03 2.35594935E-02-1.28882566E-02
 9 10-1.06712369E-02 0.00000000E+00 1.04139422E-02 0.00000000E+00
10  1 0.00000000E+00 0.00000000E+00 0.00000000E+00 0.00000000E+00 0.00000000E+00
10  2-2.12129746E-01 0.00000000E+00 0.00000000E+00 4.44238805E-01 0.00000000E+00
10  3 0.00000000E+00 1.10456271E-01 0.00000000E+00 0.00000000E+00 0.00000000E+00
10  4 0.00000000E+00 0.00000000E+00 0.00000000E+00 3.97626816E-02 0.00000000E+00
10  5 0.00000000E+00 0.00000000E+00 0.00000000E+00 3.53177959E-01 0.00000000E+00
10  6 0.00000000E+00 1.73473889E-01 0.00000000E+00 0.00000000E+00 0.00000000E+00
10  7 0.00000000E+00 3.61161909E-02 0.00000000E+00-4.73495808E-03 0.00000000E+00
10  8 0.00000000E+00 0.00000000E+00 0.00000000E+00 3.53177959E-01 0.00000000E+00
10  9 0.00000000E+00 1.73473889E-01 0.00000000E+00 0.00000000E+00 0.00000000E+00
10 10 0.00000000E+00-3.61161909E-02 0.00000000E+00-4.73495808E-03
11  1-7.79985878E-03 2.27696364E-02-4.70531693E-02-4.82844801E-02 0.00000000E+00
11  2 0.00000000E+00-2.05290772E-01 0.00000000E+00 0.00000000E+00 4.29586897E-01
11  3 0.00000000E+00 0.00000000E+00 1.07829736E-01-6.62284942E-02-1.32265137E-03
11  4 6.75511455E-02 0.00000000E+00 0.00000000E+00 0.00000000E+00 6.89520097E-03
11  5-3.35672498E-03-3.48412717E-03 6.09843481E-02 0.00000000E+00 3.49719299E-01
11  6 3.45955341E-02 0.00000000E+00 1.69349551E-01 7.46301467E-03-1.16118801E-04
11  7-7.34689587E-03 0.00000000E+00 3.29413838E-02 0.00000000E+00 6.89520097E-03
11  8-3.35672498E-03-3.48412717E-03-6.09843481E-02 0.00000000E+00 3.49719299E-01
11  9-3.45955341E-02 0.00000000E+00 1.69349551E-01 7.46301467E-03-1.16118801E-04
11 10-7.34689587E-03 0.00000000E+00-3.29413838E-02 0.00000000E+00
12  1 4.55766967E-02-1.32829155E-01 2.73410186E-01 5.98715819E-02 0.00000000E+00
12  2 0.00000000E+00-1.35839219E-02 0.00000000E+00 0.00000000E+00 2.44553935E-02
12  3 0.00000000E+00 0.00000000E+00-1.96502794E-02-1.51388848E-02 8.63749472E-03
12  4 6.50139008E-03 0.00000000E+00 0.00000000E+00 0.00000000E+00 9.32065227E-02
12  5-1.90715645E-01-3.35668300E-01 3.45421327E-01 0.00000000E+00-5.48937623E-02
12  6 1.88050652E-01 0.00000000E+00-2.76110477E-02 2.28465881E-02-1.20907891E-02
12  7-1.07557990E-02 0.00000000E+00-6.03074213E-03 0.00000000E+00 9.32065227E-02
12  8-1.90715645E-01-3.35668300E-01-3.45421327E-01 0.00000000E+00-5.48937623E-02
12  9-1.88050652E-01 0.00000000E+00-2.76110477E-02 2.28465881E-02-1.20907891E-02
12 10-1.07557990E-02 0.00000000E+00 6.03074213E-03 0.00000000E+00
13  1 0.00000000E+00 0.00000000E+00 0.00000000E+00 0.00000000E+00 1.69646519E-01
13  2 0.00000000E+00 0.00000000E+00-3.02628626E-01 0.00000000E+00 0.00000000E+00
13  3 7.40688060E-02 0.00000000E+00 0.00000000E+00 0.00000000E+00 0.00000000E+00
13  4 0.00000000E+00 0.00000000E+00 2.46351026E-02 0.00000000E+00 5.96832602E-02
13  5-1.23630061E-01-2.54505182E-01 3.88464702E-01 0.00000000E+00-1.94228579E-01
13  6 1.72388196E-01 0.00000000E+00-1.09896488E-01 2.53557434E-02-1.39497796E-02
13  7-1.14059638E-02 0.00000000E+00-1.59439539E-02 0.00000000E+00-5.96832602E-02
13  8 1.23630061E-01 2.54505182E-01 3.88464702E-01 0.00000000E+00 1.94228579E-01
13  9 1.72388196E-01 0.00000000E+00 1.09896488E-01-2.53557434E-02 1.39497796E-02
13 10 1.14059638E-02 0.00000000E+00-1.59439539E-02 0.00000000E+00
14  1 0.00000000E+00 0.00000000E+00 0.00000000E+00 0.00000000E+00 0.00000000E+00
14  2 0.00000000E+00 0.00000000E+00 0.00000000E+00 0.00000000E+00 0.00000000E+00
14  3 0.00000000E+00 0.00000000E+00 0.00000000E+00 0.00000000E+00 0.00000000E+00
14  4 0.00000000E+00-2.14064334E-01 0.00000000E+00 0.00000000E+00 0.00000000E+00
14  5 0.00000000E+00 0.00000000E+00 0.00000000E+00 4.55077697E-01 0.00000000E+00
14  6 0.00000000E+00 2.56750637E-01 0.00000000E+00 0.00000000E+00 0.00000000E+00
14  7 0.00000000E+00 2.32195874E-02 0.00000000E+00-2.70550693E-04 0.00000000E+00
14  8 0.00000000E+00 0.00000000E+00 0.00000000E+00-4.55077697E-01 0.00000000E+00
14  9 0.00000000E+00-2.56750637E-01 0.00000000E+00 0.00000000E+00 0.00000000E+00
14 10 0.00000000E+00 2.32195874E-02 0.00000000E+00 2.70550693E-04
15  1 0.00000000E+00 0.00000000E+00 0.00000000E+00 0.00000000E+00 2.52555750E-02
15  2 0.00000000E+00 0.00000000E+00-3.99791204E-02 0.00000000E+00 0.00000000E+00
15  3 2.91943302E-02 0.00000000E+00 0.00000000E+00 0.00000000E+00 0.00000000E+00
15  4 0.00000000E+00 0.00000000E+00-2.07250432E-01 0.00000000E+00 1.22044062E-02
15  5-4.15340317E-02-5.99764631E-02 1.98084825E-01 0.00000000E+00 4.12471097E-01
15  6 1.07517925E-01 0.00000000E+00 2.34045515E-01 1.64430940E-02-7.95308269E-03
15  7-8.49001130E-03 0.00000000E+00 2.03651765E-02 0.00000000E+00-1.22044062E-02
15  8 4.15340317E-02 5.99764631E-02 1.98084825E-01 0.00000000E+00-4.12471097E-01
15  9 1.07517925E-01 0.00000000E+00-2.34045515E-01-1.64430940E-02 7.95308269E-03
15 10 8.49001130E-03 0.00000000E+00 2.03651765E-02 0.00000000E+00
16  1 2.30297273E-02-1.19930759E-01 1.00813108E-01 1.37557941E+00 0.00000000E+00
16  2 0.00000000E+00 9.45829238E-02 0.00000000E+00 0.00000000E+00-2.04892421E-01
16  3 0.00000000E+00 0.00000000E+00-1.32278931E-01-2.71476028E-01 1.41100166E-01
16  4 1.30375863E-01 0.00000000E+00 0.00000000E+00 0.00000000E+00 6.53222588E-02
16  5-9.38097042E-02-4.43369559E-01-2.32959872E-01 0.00000000E+00 1.69527543E-01
16  6-2.11600098E-01 0.00000000E+00 1.56145002E-01-4.10481820E-02 2.05137010E-02
16  7 2.05344810E-02 0.00000000E+00 1.06243993E-02 0.00000000E+00 6.53222588E-02
16  8-9.38097042E-02-4.43369559E-01 2.32959872E-01 0.00000000E+00 1.69527543E-01
16  9 2.11600098E-01 0.00000000E+00 1.56145002E-01-4.10481820E-02 2.05137010E-02
16 10 2.05344810E-02 0.00000000E+00-1.06243993E-02 0.00000000E+00
17  1 0.00000000E+00 0.00000000E+00 0.00000000E+00 0.00000000E+00 0.00000000E+00
17  2-1.81711278E-01 0.00000000E+00 0.00000000E+00 5.03891320E-01 0.00000000E+00
17  3 0.00000000E+00 9.43037305E-01 0.00000000E+00 0.00000000E+00 0.00000000E+00
17  4 0.00000000E+00 0.00000000E+00 0.00000000E+00-4.83199827E-02 0.00000000E+00
17  5 0.00000000E+00 0.00000000E+00 0.00000000E+00-3.98403291E-01 0.00000000E+00
17  6 0.00000000E+00-4.80864161E-01 0.00000000E+00 0.00000000E+00 0.00000000E+00
17  7 0.00000000E+00-8.15531322E-03 0.00000000E+00-1.71735448E-03 0.00000000E+00
17  8 0.00000000E+00 0.00000000E+00 0.00000000E+00-3.98403291E-01 0.00000000E+00
17  9 0.00000000E+00-4.80864161E-01 0.00000000E+00 0.00000000E+00 0.00000000E+00
17 10 0.00000000E+00 8.15531322E-03 0.00000000E+00-1.71735448E-03
18  1 3.01750540E-04-5.32787679E-02-5.44277389E-02 9.44215853E-01 0.00000000E+00
18  2 0.00000000E+00-1.50702506E-01 0.00000000E+00 0.00000000E+00 4.38577480E-01
18  3 0.00000000E+00 0.00000000E+00 1.02799251E+00-8.27662052E-02 9.46225275E-02
18  4-1.18563223E-02 0.00000000E+00 0.00000000E+00 0.00000000E+00 3.84140316E-02
18  5-6.47787680E-02-4.48064687E-01-1.46569275E-01 0.00000000E+00-3.48309518E-01
18  6-2.20806114E-01 0.00000000E+00-4.30641256E-01-2.13205481E-02 1.31979852E-02
18  7 8.12256293E-03 0.00000000E+00-7.84200710E-04 0.00000000E+00 3.84140316E-02
18  8-6.47787680E-02-4.48064687E-01 1.46569275E-01 0.00000000E+00-3.48309518E-01
18  9 2.20806114E-01 0.00000000E+00-4.30641256E-01-2.13205481E-02 1.31979852E-02
18 10 8.12256293E-03 0.00000000E+00 7.84200710E-04 0.00000000E+00
19  1 0.00000000E+00 0.00000000E+00 0.00000000E+00 0.00000000E+00-1.11468473E-02
19  2 0.00000000E+00 0.00000000E+00 1.64794821E-01 0.00000000E+00 0.00000000E+00
19  3 2.20158347E+00 0.00000000E+00 0.00000000E+00 0.00000000E+00 0.00000000E+00
19  4 0.00000000E+00 0.00000000E+00-1.21757553E-02 0.00000000E+00-7.82715729E-02
19  5 9.00780572E-02 1.39613760E+00-7.83676626E-02 0.00000000E+00-5.69764952E-02
19  6 1.46304251E-01 0.00000000E+00-1.48944705E-01 3.04539345E-02-1.51252067E-02
19  7-1.53287278E-02 0.00000000E+00-8.75619528E-03 0.00000000E+00 7.82715729E-02
19  8-9.00780572E-02-1.39613760E+00-7.83676626E-02 0.00000000E+00 5.69764952E-02
19  9 1.46304251E-01 0.00000000E+00 1.48944705E-01-3.04539345E-02 1.51252067E-02
19 10 1.53287278E-02 0.00000000E+00-8.75619528E-03 0.00000000E+00
20  1 0.00000000E+00 0.00000000E+00 0.00000000E+00 0.00000000E+00 0.00000000E+00
20  2-3.04722801E-01 0.00000000E+00 0.00000000E+00 1.14027639E+00 0.00000000E+00
20  3 0.00000000E+00-1.09706758E+00 0.00000000E+00 0.00000000E+00 0.00000000E+00
20  4 0.00000000E+00 0.00000000E+00 0.00000000E+00 6.25619179E-02 0.00000000E+00
20  5 0.00000000E+00 0.00000000E+00 0.00000000E+00-3.22797698E-02 0.00000000E+00
20  6 0.00000000E+00-4.23272158E-02 0.00000000E+00 0.00000000E+00 0.00000000E+00
20  7 0.00000000E+00 4.31978403E-02 0.00000000E+00-5.00574518E-03 0.00000000E+00
20  8 0.00000000E+00 0.00000000E+00 0.00000000E+00-3.22797698E-02 0.00000000E+00
20  9 0.00000000E+00-4.23272158E-02 0.00000000E+00 0.00000000E+00 0.00000000E+00
20 10 0.00000000E+00-4.31978403E-02 0.00000000E+00-5.00574518E-03
21  1-2.50288253E-03-3.39376152E-02-6.92745644E-02-3.79342946E-01 0.00000000E+00
21  2 0.00000000E+00-2.99477911E-01 0.00000000E+00 0.00000000E+00 1.10761777E+00
21  3 0.00000000E+00 0.00000000E+00-1.04352831E+00-2.38894912E-01 8.76982974E-02
21  4 1.51196614E-01 0.00000000E+00 0.00000000E+00 0.00000000E+00 1.38104580E-03
21  5-2.09289612E-02 3.13094857E-01-8.71778913E-02 0.00000000E+00-3.72592937E-02
21  6 1.24285193E-01 0.00000000E+00-1.09188410E-01 1.75419233E-02-4.26678226E-03
21  7-1.32751411E-02 0.00000000E+00 3.53013473E-02 0.00000000E+00 1.38104580E-03
21  8-2.09289612E-02 3.13094857E-01 8.71778913E-02 0.00000000E+00-3.72592937E-02
21  9-1.24285193E-01 0.00000000E+00-1.09188410E-01 1.75419233E-02-4.26678226E-03
21 10-1.32751411E-02 0.00000000E+00-3.53013473E-02 0.00000000E+00
22  1-4.68182359E-02 5.39833330E-02-4.32331065E-01 2.97183020E+00 0.00000000E+00
22  2 0.00000000E+00-6.09585634E-02 0.00000000E+00 0.00000000E+00 3.12457776E-01
22  3 0.00000000E+00 0.00000000E+00-1.15227745E-01 6.66189913E-01-4.35736764E-01
22  4-2.30453149E-01 0.00000000E+00 0.00000000E+00 0.00000000E+00 2.26443044E-02
22  5-8.13381630E-03-1.39303112E+00 2.87421525E-01 0.00000000E+00-2.85118928E-02
22  6-9.26868454E-01 0.00000000E+00 2.28777499E-01-4.56599899E-02 2.16931550E-02
22  7 2.39668350E-02 0.00000000E+00 3.43207849E-02 0.00000000E+00 2.26443044E-02
22  8-8.13381630E-03-1.39303112E+00-2.87421525E-01 0.00000000E+00-2.85118928E-02
22  9 9.26868454E-01 0.00000000E+00 2.28777499E-01-4.56599899E-02 2.16931550E-02
22 10 2.39668350E-02 0.00000000E+00-3.43207849E-02 0.00000000E+00
23  1 0.00000000E+00 0.00000000E+00 0.00000000E+00 0.00000000E+00 0.00000000E+00
23  2 1.09863245E-02 0.00000000E+00 0.00000000E+00-4.06242921E-02 0.00000000E+00
23  3 0.00000000E+00 1.71688242E-01 0.00000000E+00 0.00000000E+00 0.00000000E+00
23  4 0.00000000E+00 0.00000000E+00 0.00000000E+00 9.73189433E-01 0.00000000E+00
23  5 0.00000000E+00 0.00000000E+00 0.00000000E+00-1.16437689E-01 0.00000000E+00
23  6 0.00000000E+00-5.80595028E-02 0.00000000E+00 0.00000000E+00 0.00000000E+00
23  7 0.00000000E+00 6.66014438E-03 0.00000000E+00 6.45496882E-02 0.00000000E+00
23  8 0.00000000E+00 0.00000000E+00 0.00000000E+00-1.16437689E-01 0.00000000E+00
23  9 0.00000000E+00-5.80595028E-02 0.00000000E+00 0.00000000E+00 0.00000000E+00
23 10 0.00000000E+00-6.66014438E-03 0.00000000E+00 6.45496882E-02
24  1 4.11692403E-03-2.29306361E-02 1.69658395E-02-2.32087710E-01 0.00000000E+00
24  2 0.00000000E+00 1.02924020E-02 0.00000000E+00 0.00000000E+00-4.64403714E-02
24  3 0.00000000E+00 0.00000000E+00 1.75907278E-01-7.87432720E-02-7.97356326E-01
24  4 8.76099598E-01 0.00000000E+00 0.00000000E+00 0.00000000E+00-2.88753995E-04
24  5-2.08033782E-02 1.18316383E-01-6.88660194E-02 0.00000000E+00-1.13047974E-01
24  6 1.01138887E-01 0.00000000E+00-8.76816879E-02 3.51268540E-03-5.74958560E-02
24  7 5.39831706E-02 0.00000000E+00 6.17392584E-03 0.00000000E+00-2.88753995E-04
24  8-2.08033782E-02 1.18316383E-01 6.88660194E-02 0.00000000E+00-1.13047974E-01
24  9-1.01138887E-01 0.00000000E+00-8.76816879E-02 3.51268540E-03-5.74958560E-02
24 10 5.39831706E-02 0.00000000E+00-6.17392584E-03 0.00000000E+00
25  1 0.00000000E+00 0.00000000E+00 0.00000000E+00 0.00000000E+00-1.11689907E-01
25  2 0.00000000E+00 0.00000000E+00 9.38673896E-01 0.00000000E+00 0.00000000E+00
25  3-2.05772696E-01 0.00000000E+00 0.00000000E+00 0.00000000E+00 0.00000000E+00
25  4 0.00000000E+00 0.00000000E+00 3.26769916E-01 0.00000000E+00-2.77661254E-02
25  5-7.67304849E-02 7.60074068E-01-2.89124390E-01 0.00000000E+00 1.30866771E-01
25  6 1.32396434E+00 0.00000000E+00-8.25886161E-02 8.59484665E-03-6.03468836E-03
25  7-2.56015829E-03 0.00000000E+00-5.06520719E-03 0.00000000E+00 2.77661254E-02
25  8 7.67304849E-02-7.60074068E-01-2.89124390E-01 0.00000000E+00-1.30866771E-01
25  9 1.32396434E+00 0.00000000E+00 8.25886161E-02-8.59484665E-03 6.03468836E-03
25 10 2.56015829E-03 0.00000000E+00-5.06520719E-03 0.00000000E+00
26  1 0.00000000E+00 0.00000000E+00 0.00000000E+00 0.00000000E+00 0.00000000E+00
26  2 0.00000000E+00 0.00000000E+00 0.00000000E+00 0.00000000E+00 0.00000000E+00
26  3 0.00000000E+00 0.00000000E+00 0.00000000E+00 0.00000000E+00 0.00000000E+00
26  4 0.00000000E+00 6.70540272E-01 0.00000000E+00 0.00000000E+00 0.00000000E+00
26  5 0.00000000E+00 0.00000000E+00 0.00000000E+00-3.56842872E-01 0.00000000E+00
26  6 0.00000000E+00 9.21753462E-01 0.00000000E+00 0.00000000E+00 0.00000000E+00
26  7 0.00000000E+00-1.22084631E-02 0.00000000E+00 5.29710644E-03 0.00000000E+00
26  8 0.00000000E+00 0.00000000E+00 0.00000000E+00 3.56842872E-01 0.00000000E+00
26  9 0.00000000E+00-9.21753462E-01 0.00000000E+00 0.00000000E+00 0.00000000E+00
26 10 0.00000000E+00-1.22084631E-02 0.00000000E+00-5.29710644E-03
27  1 0.00000000E+00 0.00000000E+00 0.00000000E+00 0.00000000E+00 6.75353621E-02
27  2 0.00000000E+00 0.00000000E+00-3.21560360E-01 0.00000000E+00 0.00000000E+00
27  3 2.68698995E-02 0.00000000E+00 0.00000000E+00 0.00000000E+00 0.00000000E+00
27  4 0.00000000E+00 0.00000000E+00 6.70144462E-01 0.00000000E+00 1.88064987E-02
27  5-3.92236379E-02-4.21057555E-02-1.27579231E-02 0.00000000E+00-3.35708185E-01
27  6-4.14048432E-02 0.00000000E+00 9.16840920E-01-5.63456008E-03-3.16041293E-03
27  7 8.79497301E-03 0.00000000E+00-1.87114321E-02 0.00000000E+00-1.88064987E-02
27  8 3.92236379E-02 4.21057555E-02-1.27579231E-02 0.00000000E+00 3.35708185E-01
27  9-4.14048432E-02 0.00000000E+00-9.16840920E-01 5.63456008E-03 3.16041293E-03
27 10-8.79497301E-03 0.00000000E+00-1.87114321E-02 0.00000000E+00
28  1 1.14610298E-01 5.82212310E-01 1.98591612E+00-2.83553218E-01 0.00000000E+00
28  2 0.00000000E+00-2.50882018E-02 0.00000000E+00 0.00000000E+00 1.75418118E-01
28  3 0.00000000E+00 0.00000000E+00 1.40448800E-01-1.06258618E-01 2.50334325E-02
28  4 8.12251858E-02 0.00000000E+00 0.00000000E+00 0.00000000E+00 5.47146155E-02
28  5-9.55072023E-02-4.62433240E-01 1.35247055E-01 0.00000000E+00 4.01063541E-02
28  6-1.04742744E+00 0.00000000E+00 8.92320061E-03 1.16195623E-02-5.49780178E-03
28  7-6.12176052E-03 0.00000000E+00 4.04492225E-03 0.00000000E+00 5.47146155E-02
28  8-9.55072023E-02-4.62433240E-01-1.35247055E-01 0.00000000E+00 4.01063541E-02
28  9 1.04742744E+00 0.00000000E+00 8.92320061E-03 1.16195623E-02-5.49780178E-03
28 10-6.12176052E-03 0.00000000E+00-4.04492225E-03 0.00000000E+00
29  1-2.48976163E-02-1.26196130E-01-4.36560187E-01 1.56027847E-01 0.00000000E+00
29  2 0.00000000E+00 4.96486253E-02 0.00000000E+00 0.00000000E+00-1.05477268E-01
29  3 0.00000000E+00 0.00000000E+00 1.20143408E+00-1.01270293E-01-3.68883352E-02
29  4 1.38158628E-01 0.00000000E+00 0.00000000E+00 0.00000000E+00 9.53896115E-04
29  5-1.24146908E-02 5.62886528E-02 1.67137760E-01 0.00000000E+00 5.89386552E-01
29  6-2.46277901E-02 0.00000000E+00-1.19235233E+00-4.02846810E-03 5.20939113E-03
29  7-1.18092302E-03 0.00000000E+00 3.84109568E-02 0.00000000E+00 9.53896115E-04
29  8-1.24146908E-02 5.62886528E-02-1.67137760E-01 0.00000000E+00 5.89386552E-01
29  9 2.46277901E-02 0.00000000E+00-1.19235233E+00-4.02846810E-03 5.20939113E-03
29 10-1.18092302E-03 0.00000000E+00-3.84109568E-02 0.00000000E+00
30  1 0.00000000E+00 0.00000000E+00 0.00000000E+00 0.00000000E+00 0.00000000E+00
30  2 4.12013043E-02 0.00000000E+00 0.00000000E+00-5.74423503E-02 0.00000000E+00
30  3 0.00000000E+00 1.22390468E+00 0.00000000E+00 0.00000000E+00 0.00000000E+00
30  4 0.00000000E+00 0.00000000E+00 0.00000000E+00 1.04658628E-01 0.00000000E+00
30  5 0.00000000E+00 0.00000000E+00 0.00000000E+00 6.21827020E-01 0.00000000E+00
30  6 0.00000000E+00-1.21393701E+00 0.00000000E+00 0.00000000E+00 0.00000000E+00
30  7 0.00000000E+00 4.80079426E-02 0.00000000E+00-4.94354894E-03 0.00000000E+00
30  8 0.00000000E+00 0.00000000E+00 0.00000000E+00 6.21827020E-01 0.00000000E+00
30  9 0.00000000E+00-1.21393701E+00 0.00000000E+00 0.00000000E+00 0.00000000E+00
30 10 0.00000000E+00-4.80079426E-02 0.00000000E+00-4.94354894E-03
31  1 0.00000000E+00 0.00000000E+00 0.00000000E+00 0.00000000E+00-1.59135447E-01
31  2 0.00000000E+00 0.00000000E+00 7.56094338E-01 0.00000000E+00 0.00000000E+00
31  3-4.99737312E-01 0.00000000E+00 0.00000000E+00 0.00000000E+00 0.00000000E+00
31  4 0.00000000E+00 0.00000000E+00-7.25548902E-01 0.00000000E+00-1.87101291E-02
31  5 2.74732489E-02 6.00122458E-02-1.22380459E-02 0.00000000E+00-5.82482040E-01
31  6 4.09763712E-01 0.00000000E+00 1.54016768E-01-2.34993661E-03 2.99693461E-02
31  7-2.76194095E-02 0.00000000E+00 6.72774691E-02 0.00000000E+00 1.87101291E-02
31  8-2.74732489E-02-6.00122458E-02-1.22380459E-02 0.00000000E+00 5.82482040E-01
31  9 4.09763712E-01 0.00000000E+00-1.54016768E-01 2.34993661E-03-2.99693461E-02
31 10 2.76194095E-02 0.00000000E+00 6.72774691E-02 0.00000000E+00
32  1 0.00000000E+00 0.00000000E+00 0.00000000E+00 0.00000000E+00 0.00000000E+00
32  2 0.00000000E+00 0.00000000E+00 0.00000000E+00 0.00000000E+00 0.00000000E+00
32  3 0.00000000E+00 0.00000000E+00 0.00000000E+00 0.00000000E+00 0.00000000E+00
32  4 0.00000000E+00 8.95922902E-01 0.00000000E+00 0.00000000E+00 0.00000000E+00
32  5 0.00000000E+00 0.00000000E+00 0.00000000E+00 5.89428387E-01 0.00000000E+00
32  6 0.00000000E+00-9.79537359E-02 0.00000000E+00 0.00000000E+00 0.00000000E+00
32  7 0.00000000E+00-8.27143818E-02 0.00000000E+00 3.97868531E-02 0.00000000E+00
32  8 0.00000000E+00 0.00000000E+00 0.00000000E+00-5.89428387E-01 0.00000000E+00
32  9 0.00000000E+00 9.79537359E-02 0.00000000E+00 0.00000000E+00 0.00000000E+00
32 10 0.00000000E+00-8.27143818E-02 0.00000000E+00-3.97868531E-02
33  1 0.00000000E+00 0.00000000E+00 0.00000000E+00 0.00000000E+00-3.61733033E-01
33  2 0.00000000E+00 0.00000000E+00 1.57556711E+00 0.00000000E+00 0.00000000E+00
33  3 1.58254597E-01 0.00000000E+00 0.00000000E+00 0.00000000E+00 0.00000000E+00
33  4 0.00000000E+00 0.00000000E+00 4.05982138E-01 0.00000000E+00-3.26451754E-02
33  5 4.10032464E-01 6.00893220E-01 6.72415345E-01 0.00000000E+00 2.32693215E-02
33  6 6.74975424E-02 0.00000000E+00-4.71590753E-02-2.16858927E-01 5.14511591E-02
33  7 1.65407768E-01 0.00000000E+00-6.34401366E-02 0.00000000E+00 3.26451754E-02
33  8-4.10032464E-01-6.00893220E-01 6.72415345E-01 0.00000000E+00-2.32693215E-02
33  9 6.74975424E-02 0.00000000E+00 4.71590753E-02 2.16858927E-01-5.14511591E-02
33 10-1.65407768E-01 0.00000000E+00-6.34401366E-02 0.00000000E+00
34  1 4.31289704E-02 1.79662914E-01 7.12320425E-01 2.66254286E+00 0.00000000E+00
34  2 0.00000000E+00-3.75889231E-02 0.00000000E+00 0.00000000E+00 2.43092363E-01
34  3 0.00000000E+00 0.00000000E+00 4.45944918E-01 6.90347623E-01-3.70993068E-01
34  4-3.19354555E-01 0.00000000E+00 0.00000000E+00 0.00000000E+00 3.16036757E-03
34  5 9.10005471E-01-2.65341200E+00-3.95293269E-01 0.00000000E+00 1.67610385E-01
34  6-7.25699716E-01 0.00000000E+00-8.59661843E-02 2.10380201E-01-1.11192143E-01
34  7-9.91880584E-02 0.00000000E+00-1.67406146E-02 0.00000000E+00 3.16036757E-03
34  8 9.10005471E-01-2.65341200E+00 3.95293269E-01 0.00000000E+00 1.67610385E-01
34  9 7.25699716E-01 0.00000000E+00-8.59661843E-02 2.10380201E-01-1.11192143E-01
34 10-9.91880584E-02 0.00000000E+00 1.67406146E-02 0.00000000E+00
35  1 0.00000000E+00 0.00000000E+00 0.00000000E+00 0.00000000E+00-2.87568623E-02
35  2 0.00000000E+00 0.00000000E+00 4.57878738E-01 0.00000000E+00 0.00000000E+00
35  3 1.91295859E+00 0.00000000E+00 0.00000000E+00 0.00000000E+00 0.00000000E+00
35  4 0.00000000E+00 0.00000000E+00 9.64311526E-02 0.00000000E+00-1.09666459E-02
35  5-1.31826587E+00 2.80358648E+00 1.82462868E-01 0.00000000E+00 2.46838638E-02
35  6 2.13133342E-01 0.00000000E+00-2.03811480E-01-1.01458649E-01 7.02199861E-02
35  7 3.12386632E-02 0.00000000E+00 1.34673459E-01 0.00000000E+00 1.09666459E-02
35  8 1.31826587E+00-2.80358648E+00 1.82462868E-01 0.00000000E+00-2.46838638E-02
35  9 2.13133342E-01 0.00000000E+00 2.03811480E-01 1.01458649E-01-7.02199861E-02
35 10-3.12386632E-02 0.00000000E+00 1.34673459E-01 0.00000000E+00
36  1 0.00000000E+00 0.00000000E+00 0.00000000E+00 0.00000000E+00 0.00000000E+00
36  2 0.00000000E+00 0.00000000E+00 0.00000000E+00 0.00000000E+00 0.00000000E+00
36  3 0.00000000E+00 0.00000000E+00 0.00000000E+00 0.00000000E+00 0.00000000E+00
36  4 0.00000000E+00 4.35468136E-02 0.00000000E+00 0.00000000E+00 0.00000000E+00
36  5 0.00000000E+00 0.00000000E+00 0.00000000E+00-9.97966900E-03 0.00000000E+00
36  6 0.00000000E+00 2.95367783E-02 0.00000000E+00 0.00000000E+00 0.00000000E+00
36  7 0.00000000E+00 2.27244333E-01 0.00000000E+00 6.70661431E-01 0.00000000E+00
36  8 0.00000000E+00 0.00000000E+00 0.00000000E+00 9.97966900E-03 0.00000000E+00
36  9 0.00000000E+00-2.95367783E-02 0.00000000E+00 0.00000000E+00 0.00000000E+00
36 10 0.00000000E+00 2.27244333E-01 0.00000000E+00-6.70661431E-01
37  1 0.00000000E+00 0.00000000E+00 0.00000000E+00 0.00000000E+00-1.35553948E-02
37  2 0.00000000E+00 0.00000000E+00 3.75211539E-02 0.00000000E+00 0.00000000E+00
37  3 4.86196703E-02 0.00000000E+00 0.00000000E+00 0.00000000E+00 0.00000000E+00
37  4 0.00000000E+00 0.00000000E+00-3.37649097E-02 0.00000000E+00-1.53118940E-03
37  5-4.98008809E-03 4.52963251E-02 2.49155677E-02 0.00000000E+00 1.28789732E-02
37  6-2.23934310E-02 0.00000000E+00-3.52526881E-02-7.59866847E-02 6.16947914E-01
37  7-5.40961229E-01 0.00000000E+00-2.20236829E-01 0.00000000E+00 1.53118940E-03
37  8 4.98008809E-03-4.52963251E-02 2.49155677E-02 0.00000000E+00-1.28789732E-02
37  9-2.23934310E-02 0.00000000E+00 3.52526881E-02 7.59866847E-02-6.16947914E-01
37 10 5.40961229E-01 0.00000000E+00-2.20236829E-01 0.00000000E+00
38  1 1.41858509E-02-9.37916918E-02 5.81860020E-02-3.96196871E-02 0.00000000E+00
38  2 0.00000000E+00-6.33529161E-02 0.00000000E+00 0.00000000E+00 3.67326536E-01
38  3 0.00000000E+00 0.00000000E+00-2.24827576E-02 4.34970519E-01-3.45078254E-02
38  4-4.00462693E-01 0.00000000E+00 0.00000000E+00 0.00000000E+00-5.38906336E-03
38  5-4.31464759E-01 1.95526729E-01-2.20375433E-01 0.00000000E+00 1.13654698E-01
38  6 1.22458269E-01 0.00000000E+00-1.21964297E-01-1.93769888E-02-5.25699177E-01
38  7 5.45076166E-01 0.00000000E+00-2.56916468E-01 0.00000000E+00-5.38906336E-03
38  8-4.31464759E-01 1.95526729E-01 2.20375433E-01 0.00000000E+00 1.13654698E-01
38  9-1.22458269E-01 0.00000000E+00-1.21964297E-01-1.93769888E-02-5.25699177E-01
38 10 5.45076166E-01 0.00000000E+00 2.56916468E-01 0.00000000E+00
39  1 0.00000000E+00 0.00000000E+00 0.00000000E+00 0.00000000E+00 0.00000000E+00
39  2-2.88301096E-02 0.00000000E+00 0.00000000E+00 1.96960571E-01 0.00000000E+00
39  3 0.00000000E+00-1.78928267E-03 0.00000000E+00 0.00000000E+00 0.00000000E+00
39  4 0.00000000E+00 0.00000000E+00 0.00000000E+00-3.00243152E-01 0.00000000E+00
39  5 0.00000000E+00 0.00000000E+00 0.00000000E+00 3.29487955E-02 0.00000000E+00
39  6 0.00000000E+00-6.81678935E-02 0.00000000E+00 0.00000000E+00 0.00000000E+00
39  7 0.00000000E+00-1.00142992E-01 0.00000000E+00 7.21252631E-01 0.00000000E+00
39  8 0.00000000E+00 0.00000000E+00 0.00000000E+00 3.29487955E-02 0.00000000E+00
39  9 0.00000000E+00-6.81678935E-02 0.00000000E+00 0.00000000E+00 0.00000000E+00
39 10 0.00000000E+00 1.00142992E-01 0.00000000E+00 7.21252631E-01
40  1-1.54484510E-02 1.92036806E-01 5.17207234E-02 4.94675503E-02 0.00000000E+00
40  2 0.00000000E+00 7.93654020E-02 0.00000000E+00 0.00000000E+00-4.31920641E-01
40  3 0.00000000E+00 0.00000000E+00-3.87049640E-02-6.19108892E-01 5.73918081E-01
40  4 4.51908108E-02 0.00000000E+00 0.00000000E+00 0.00000000E+00 1.07752626E-02
40  5 6.30519861E-01-3.32388190E-01 3.13049574E-01 0.00000000E+00-1.30877018E-01
40  6-2.26275028E-01 0.00000000E+00 2.06170807E-01-2.17918293E-02-3.15574929E-01
40  7 3.37366758E-01 0.00000000E+00 5.15360610E-01 0.00000000E+00 1.07752626E-02
40  8 6.30519861E-01-3.32388190E-01-3.13049574E-01 0.00000000E+00-1.30877018E-01
40  9 2.26275028E-01 0.00000000E+00 2.06170807E-01-2.17918293E-02-3.15574929E-01
40 10 3.37366758E-01 0.00000000E+00-5.15360610E-01 0.00000000E+00
41  1 0.00000000E+00 0.00000000E+00 0.00000000E+00 0.00000000E+00 0.00000000E+00
41  2 1.00748247E-01 0.00000000E+00 0.00000000E+00-6.91162128E-01 0.00000000E+00
41  3 0.00000000E+00-1.70639512E-01 0.00000000E+00 0.00000000E+00 0.00000000E+00
41  4 0.00000000E+00 0.00000000E+00 0.00000000E+00-2.56236659E-01 0.00000000E+00
41  5 0.00000000E+00 0.00000000E+00 0.00000000E+00-6.23056831E-02 0.00000000E+00
41  6 0.00000000E+00 3.69332781E-01 0.00000000E+00 0.00000000E+00 0.00000000E+00
41  7 0.00000000E+00 7.97905721E-01 0.00000000E+00 9.14322996E-02 0.00000000E+00
41  8 0.00000000E+00 0.00000000E+00 0.00000000E+00-6.23056831E-02 0.00000000E+00
41  9 0.00000000E+00 3.69332781E-01 0.00000000E+00 0.00000000E+00 0.00000000E+00
41 10 0.00000000E+00-7.97905721E-01 0.00000000E+00 9.14322996E-02
42  1-5.57681417E-02-8.16452905E-01-1.75744581E+00-1.40761618E+00 0.00000000E+00
42  2 0.00000000E+00 5.40669928E-02 0.00000000E+00 0.00000000E+00-6.68424562E-01
42  3 0.00000000E+00 0.00000000E+00-2.41730364E-01-6.75275818E-02 1.40446433E-01
42  4-7.29188510E-02 0.00000000E+00 0.00000000E+00 0.00000000E+00-3.63352620E-02
42  5-7.64936441E-01 2.06027682E+00 1.06157865E-01 0.00000000E+00-2.99950591E-02
42  6 1.06813856E+00 0.00000000E+00 7.19822916E-02 8.36346112E-01-4.20124811E-01
42  7-4.16221301E-01 0.00000000E+00 1.83120392E-01 0.00000000E+00-3.63352620E-02
42  8-7.64936441E-01 2.06027682E+00-1.06157865E-01 0.00000000E+00-2.99950591E-02
42  9-1.06813856E+00 0.00000000E+00 7.19822916E-02 8.36346112E-01-4.20124811E-01
42 10-4.16221301E-01 0.00000000E+00-1.83120392E-01 0.00000000E+00
43  1 0.00000000E+00 0.00000000E+00 0.00000000E+00 0.00000000E+00-5.62078662E-02
43  2 0.00000000E+00 0.00000000E+00 1.92380382E+00 0.00000000E+00 0.00000000E+00
43  3 3.52322682E-01 0.00000000E+00 0.00000000E+00 0.00000000E+00 0.00000000E+00
43  4 0.00000000E+00 0.00000000E+00-5.49181470E-01 0.00000000E+00-4.00425760E-02
43  5-4.64445539E-01 1.80049014E+00 2.45145240E-01 0.00000000E+00-1.40370271E-01
43  6 8.56137833E-01 0.00000000E+00-4.17236279E-01 5.40120291E-01-4.21566432E-01
43  7-1.18553860E-01 0.00000000E+00-7.45150725E-01 0.00000000E+00 4.00425760E-02
43  8 4.64445539E-01-1.80049014E+00 2.45145240E-01 0.00000000E+00 1.40370271E-01
43  9 8.56137833E-01 0.00000000E+00 4.17236279E-01-5.40120291E-01 4.21566432E-01
43 10 1.18553860E-01 0.00000000E+00-7.45150725E-01 0.00000000E+00
44  1 0.00000000E+00 0.00000000E+00 0.00000000E+00 0.00000000E+00 0.00000000E+00
44  2 0.00000000E+00 0.00000000E+00 0.00000000E+00 0.00000000E+00 0.00000000E+00
44  3 0.00000000E+00 0.00000000E+00 0.00000000E+00 0.00000000E+00 0.00000000E+00
44  4 0.00000000E+00 1.27808810E+00 0.00000000E+00 0.00000000E+00 0.00000000E+00
44  5 0.00000000E+00 0.00000000E+00 0.00000000E+00 2.18527661E-01 0.00000000E+00
44  6 0.00000000E+00 4.39863126E-01 0.00000000E+00 0.00000000E+00 0.00000000E+00
44  7 0.00000000E+00 9.29479344E-01 0.00000000E+00-2.76301046E-01 0.00000000E+00
44  8 0.00000000E+00 0.00000000E+00 0.00000000E+00-2.18527661E-01 0.00000000E+00
44  9 0.00000000E+00-4.39863126E-01 0.00000000E+00 0.00000000E+00 0.00000000E+00
44 10 0.00000000E+00 9.29479344E-01 0.00000000E+00 2.76301046E-01
45  1 0.00000000E+00 0.00000000E+00 0.00000000E+00 0.00000000E+00-1.21098331E-01
45  2 0.00000000E+00 0.00000000E+00 1.85914802E+00 0.00000000E+00 0.00000000E+00
45  3 1.09486146E-01 0.00000000E+00 0.00000000E+00 0.00000000E+00 0.00000000E+00
45  4 0.00000000E+00 0.00000000E+00 1.23712355E+00 0.00000000E+00-1.84963963E-02
45  5 1.10599983E-01 1.24479440E+00 4.92150244E-01 0.00000000E+00 1.01093662E-01
45  6 7.34216850E-01 0.00000000E+00 2.30024189E-01 7.91100438E-01-2.18433999E-01
45  7-5.72666439E-01 0.00000000E+00 4.95585233E-01 0.00000000E+00 1.84963963E-02
45  8-1.10599983E-01-1.24479440E+00 4.92150244E-01 0.00000000E+00-1.01093662E-01
45  9 7.34216850E-01 0.00000000E+00-2.30024189E-01-7.91100438E-01 2.18433999E-01
45 10 5.72666439E-01 0.00000000E+00 4.95585233E-01 0.00000000E+00
46  1 9.43883879E-02 5.25747926E-01 1.89247379E+00 1.32872966E+00 0.00000000E+00
46  2 0.00000000E+00 1.27605790E-02 0.00000000E+00 0.00000000E+00 3.94318758E-02
46  3 0.00000000E+00 0.00000000E+00-1.32152994E-01 1.99239585E+00-9.33095659E-01
46  4-1.05930019E+00 0.00000000E+00 0.00000000E+00 0.00000000E+00-1.35576350E-02
46  5-6.82144900E-01-1.42179906E+00-8.25374778E-01 0.00000000E+00 2.27380727E-01
46  6-5.27099194E-01 0.00000000E+00 3.90746574E-01-3.88126653E-01 2.68283134E-01
46  7 1.19843519E-01 0.00000000E+00 6.14397993E-01 0.00000000E+00-1.35576350E-02
46  8-6.82144900E-01-1.42179906E+00 8.25374778E-01 0.00000000E+00 2.27380727E-01
46  9 5.27099194E-01 0.00000000E+00 3.90746574E-01-3.88126653E-01 2.68283134E-01
46 10 1.19843519E-01 0.00000000E+00-6.14397993E-01 0.00000000E+00
 $END   
 POPULATION ANALYSIS
S           15.94389   0.05611  15.59268   0.40732
O            8.02805  -0.02805   8.20366  -0.20366
O            8.02805  -0.02805   8.20366  -0.20366
 MOMENTS AT POINT    1 X,Y,Z=  0.000000  0.000000  0.000000
 DIPOLE       0.000000  0.000000  0.830990
