 $DATA  
Title                                                                           
CNV      2

S          16.0      0.0000000000      0.0000000000     -0.5737356090
   PC1     0
        
O           8.0      1.6383040886      0.0000000000      0.5734172637
   PC1     0
        
 $END      
 $ZMAT   IZMAT(1)=
         1,   3,   1,
         1,   2,   1,
         2,   2,   1,   3,
 $END
--- CLOSED SHELL ORBITALS --- GENERATED AT Thu Feb 26 00:22:39 2015
Title                                                                           
E(R-PBE)=        0.0000000000, E(NUC)=   78.0707861239,   30 ITERS
 $VEC   
 1  1 1.00312535E+00-1.04706011E-02 2.66791610E-03-1.58315989E-03 0.00000000E+00
 1  2 0.00000000E+00-1.94635728E-04 0.00000000E+00 0.00000000E+00 1.10825806E-04
 1  3 0.00000000E+00 0.00000000E+00-2.08511925E-04-3.75866173E-05 4.45027675E-05
 1  4-6.91615020E-06 0.00000000E+00 0.00000000E+00 0.00000000E+00-6.93067261E-06
 1  5-6.49682498E-05 2.35762238E-04 1.16191189E-05 0.00000000E+00-1.81113230E-05
 1  6 8.15584141E-05 0.00000000E+00-1.60711792E-05-5.70028481E-06 1.05589305E-05
 1  7-4.85864571E-06 0.00000000E+00 1.93907329E-05 0.00000000E+00-6.93067261E-06
 1  8-6.49682498E-05 2.35762238E-04-1.16191189E-05 0.00000000E+00-1.81113230E-05
 1  9-8.15584141E-05 0.00000000E+00-1.60711792E-05-5.70028481E-06 1.05589305E-05
 1 10-4.85864571E-06 0.00000000E+00-1.93907329E-05 0.00000000E+00
 2  1-6.36600638E-05-7.89802224E-04-1.68011031E-03 4.12331230E-03 0.00000000E+00
 2  2 0.00000000E+00-5.37144726E-05 0.00000000E+00 0.00000000E+00 7.20793954E-05
 2  3 0.00000000E+00 0.00000000E+00 2.00525748E-03 6.58637062E-04-6.98763621E-04
 2  4 4.01265588E-05 0.00000000E+00 0.00000000E+00 0.00000000E+00 7.03362282E-01
 2  5 2.17205178E-02-6.43961076E-03 8.12495793E-04 0.00000000E+00-7.22102761E-04
 2  6-1.55952223E-03 0.00000000E+00 8.07923883E-04-1.53554988E-04 9.59659025E-05
 2  7 5.75890856E-05 0.00000000E+00 1.31752671E-04 0.00000000E+00 7.03362282E-01
 2  8 2.17205178E-02-6.43961076E-03-8.12495793E-04 0.00000000E+00-7.22102761E-04
 2  9 1.55952223E-03 0.00000000E+00 8.07923883E-04-1.53554988E-04 9.59659025E-05
 2 10 5.75890856E-05 0.00000000E+00-1.31752671E-04 0.00000000E+00
 3  1 0.00000000E+00 0.00000000E+00 0.00000000E+00 0.00000000E+00 7.81936483E-05
 3  2 0.00000000E+00 0.00000000E+00-1.42326477E-04 0.00000000E+00 0.00000000E+00
 3  3-2.43117163E-03 0.00000000E+00 0.00000000E+00 0.00000000E+00 0.00000000E+00
 3  4 0.00000000E+00 0.00000000E+00-9.53333536E-04 0.00000000E+00 7.03351031E-01
 3  5 2.15661346E-02-6.13349958E-03 7.09791459E-04 0.00000000E+00-7.94153600E-04
 3  6-9.92020099E-04 0.00000000E+00 1.09471161E-03-4.06972556E-05 7.17423303E-05
 3  7-3.10450747E-05 0.00000000E+00 1.30120442E-04 0.00000000E+00-7.03351031E-01
 3  8-2.15661346E-02 6.13349958E-03 7.09791459E-04 0.00000000E+00 7.94153600E-04
 3  9-9.92020099E-04 0.00000000E+00-1.09471161E-03 4.06972556E-05-7.17423303E-05
 3 10 3.10450747E-05 0.00000000E+00 1.30120442E-04 0.00000000E+00
 4  1-2.76283157E-01 1.03884085E+00 1.35445851E-02-1.21212030E-03 0.00000000E+00
 4  2 0.00000000E+00-3.18390739E-02 0.00000000E+00 0.00000000E+00-2.42818638E-03
 4  3 0.00000000E+00 0.00000000E+00 1.07751944E-03-1.28669097E-04 5.60644433E-05
 4  4 7.26046540E-05 0.00000000E+00 0.00000000E+00 0.00000000E+00-7.54833177E-06
 4  5 7.89262888E-05-1.80968807E-04-3.39372729E-06 0.00000000E+00 3.45829100E-05
 4  6-2.12596535E-05 0.00000000E+00-1.35909247E-04-4.77709036E-05 3.38931251E-05
 4  7 1.38777785E-05 0.00000000E+00 4.79514574E-05 0.00000000E+00-7.54833177E-06
 4  8 7.89262888E-05-1.80968807E-04 3.39372729E-06 0.00000000E+00 3.45829100E-05
 4  9 2.12596535E-05 0.00000000E+00-1.35909247E-04-4.77709036E-05 3.38931251E-05
 4 10 1.38777785E-05 0.00000000E+00-4.79514574E-05 0.00000000E+00
 5  1 0.00000000E+00 0.00000000E+00 0.00000000E+00 0.00000000E+00 0.00000000E+00
 5  2 1.00214458E+00 0.00000000E+00 0.00000000E+00-7.36049404E-03 0.00000000E+00
 5  3 0.00000000E+00 4.55048365E-03 0.00000000E+00 0.00000000E+00 0.00000000E+00
 5  4 0.00000000E+00 0.00000000E+00 0.00000000E+00-2.14825301E-03 0.00000000E+00
 5  5 0.00000000E+00 0.00000000E+00 0.00000000E+00 6.09294713E-06 0.00000000E+00
 5  6 0.00000000E+00-3.49089011E-04 0.00000000E+00 0.00000000E+00 0.00000000E+00
 5  7 0.00000000E+00-1.62487649E-06 0.00000000E+00 6.70057769E-06 0.00000000E+00
 5  8 0.00000000E+00 0.00000000E+00 0.00000000E+00 6.09294713E-06 0.00000000E+00
 5  9 0.00000000E+00-3.49089011E-04 0.00000000E+00 0.00000000E+00 0.00000000E+00
 5 10 0.00000000E+00 1.62487649E-06 0.00000000E+00 6.70057769E-06
 6  1 0.00000000E+00 0.00000000E+00 0.00000000E+00 0.00000000E+00 1.00262944E+00
 6  2 0.00000000E+00 0.00000000E+00-8.93384913E-03 0.00000000E+00 0.00000000E+00
 6  3 3.97146669E-03 0.00000000E+00 0.00000000E+00 0.00000000E+00 0.00000000E+00
 6  4 0.00000000E+00 0.00000000E+00-2.95427476E-03 0.00000000E+00 5.41194215E-05
 6  5 6.88449808E-04-4.66823751E-04 3.63391093E-04 0.00000000E+00-1.89455158E-04
 6  6-1.39863662E-03 0.00000000E+00 6.07886597E-04-4.01457244E-04 3.61957804E-04
 6  7 3.94994395E-05 0.00000000E+00 5.83598390E-04 0.00000000E+00-5.41194215E-05
 6  8-6.88449808E-04 4.66823751E-04 3.63391093E-04 0.00000000E+00 1.89455158E-04
 6  9-1.39863662E-03 0.00000000E+00-6.07886597E-04 4.01457244E-04-3.61957804E-04
 6 10-3.94994395E-05 0.00000000E+00 5.83598390E-04 0.00000000E+00
 7  1-9.27294979E-03 3.37748742E-02-4.29254101E-03 1.86857315E-03 0.00000000E+00
 7  2 0.00000000E+00 1.00190755E+00 0.00000000E+00 0.00000000E+00-8.38085103E-03
 7  3 0.00000000E+00 0.00000000E+00 4.90344012E-03 1.13860885E-03 1.35561201E-03
 7  4-2.49422086E-03 0.00000000E+00 0.00000000E+00 0.00000000E+00-8.26560484E-06
 7  5-1.27845466E-04-5.18713455E-04-2.06412002E-04 0.00000000E+00 1.20628445E-04
 7  6 2.90173346E-04 0.00000000E+00-4.85961398E-04 2.10688942E-04-1.92273719E-04
 7  7-1.84152228E-05 0.00000000E+00-2.98988982E-04 0.00000000E+00-8.26560484E-06
 7  8-1.27845466E-04-5.18713455E-04 2.06412002E-04 0.00000000E+00 1.20628445E-04
 7  9-2.90173346E-04 0.00000000E+00-4.85961398E-04 2.10688942E-04-1.92273719E-04
 7 10-1.84152228E-05 0.00000000E+00 2.98988982E-04 0.00000000E+00
 8  1 9.34373502E-02-2.03554953E-01 6.95551146E-01 3.52557918E-01 0.00000000E+00
 8  2 0.00000000E+00 3.40860854E-02 0.00000000E+00 0.00000000E+00-8.88950507E-02
 8  3 0.00000000E+00 0.00000000E+00-1.30550521E-02-1.72996029E-02 8.73659764E-03
 8  4 8.56300522E-03 0.00000000E+00 0.00000000E+00 0.00000000E+00-1.25168067E-02
 8  5 2.19076097E-02 1.32860832E-02 1.23888206E-02 0.00000000E+00-1.39260879E-02
 8  6-9.48148008E-04 0.00000000E+00-7.25164603E-04 1.40254206E-03-1.47005693E-03
 8  7 6.75148760E-05 0.00000000E+00-2.54875952E-03 0.00000000E+00-1.25168067E-02
 8  8 2.19076097E-02 1.32860832E-02-1.23888206E-02 0.00000000E+00-1.39260879E-02
 8  9 9.48148008E-04 0.00000000E+00-7.25164603E-04 1.40254206E-03-1.47005693E-03
 8 10 6.75148760E-05 0.00000000E+00 2.54875952E-03 0.00000000E+00
 9  1 0.00000000E+00 0.00000000E+00 0.00000000E+00 0.00000000E+00-2.04235462E-01
 9  2 0.00000000E+00 0.00000000E+00 5.28971933E-01 0.00000000E+00 0.00000000E+00
 9  3 1.74382531E-01 0.00000000E+00 0.00000000E+00 0.00000000E+00 0.00000000E+00
 9  4 0.00000000E+00 0.00000000E+00 3.38516627E-04 0.00000000E+00 1.01903132E-01
 9  5-1.66770513E-01-2.79842529E-01-6.38450357E-02 0.00000000E+00 7.04050979E-02
 9  6-4.87945901E-02 0.00000000E+00 5.33790995E-02-3.29641994E-03 5.67703545E-03
 9  7-2.38061550E-03 0.00000000E+00 1.03286486E-02 0.00000000E+00-1.01903132E-01
 9  8 1.66770513E-01 2.79842529E-01-6.38450357E-02 0.00000000E+00-7.04050979E-02
 9  9-4.87945901E-02 0.00000000E+00-5.33790995E-02 3.29641994E-03-5.67703545E-03
 9 10 2.38061550E-03 0.00000000E+00 1.03286486E-02 0.00000000E+00
10  1-6.36656351E-03 1.00543287E-02-5.61321916E-02-5.20004370E-02 0.00000000E+00
10  2 0.00000000E+00-2.16194599E-01 0.00000000E+00 0.00000000E+00 5.69226573E-01
10  3 0.00000000E+00 0.00000000E+00 1.77411584E-01 8.92786347E-02 2.10942335E-04
10  4-8.94895771E-02 0.00000000E+00 0.00000000E+00 0.00000000E+00-1.01116108E-01
10  5 1.60729582E-01 2.97436216E-01 7.12886559E-02 0.00000000E+00-4.18321796E-02
10  6 5.01773042E-02 0.00000000E+00-5.38791688E-02 3.56477370E-03-5.09930640E-03
10  7 1.53453270E-03 0.00000000E+00-9.51891518E-03 0.00000000E+00-1.01116108E-01
10  8 1.60729582E-01 2.97436216E-01-7.12886559E-02 0.00000000E+00-4.18321796E-02
10  9-5.01773042E-02 0.00000000E+00-5.38791688E-02 3.56477370E-03-5.09930640E-03
10 10 1.53453270E-03 0.00000000E+00 9.51891518E-03 0.00000000E+00
11  1 0.00000000E+00 0.00000000E+00 0.00000000E+00 0.00000000E+00 0.00000000E+00
11  2-3.11364628E-01 0.00000000E+00 0.00000000E+00 8.37465877E-01 0.00000000E+00
11  3 0.00000000E+00 2.84393212E-01 0.00000000E+00 0.00000000E+00 0.00000000E+00
11  4 0.00000000E+00 0.00000000E+00 0.00000000E+00-1.23130141E-01 0.00000000E+00
11  5 0.00000000E+00 0.00000000E+00 0.00000000E+00 4.24725931E-02 0.00000000E+00
11  6 0.00000000E+00 1.42677668E-02 0.00000000E+00 0.00000000E+00 0.00000000E+00
11  7 0.00000000E+00 1.42598900E-03 0.00000000E+00-1.80575376E-03 0.00000000E+00
11  8 0.00000000E+00 0.00000000E+00 0.00000000E+00 4.24725931E-02 0.00000000E+00
11  9 0.00000000E+00 1.42677668E-02 0.00000000E+00 0.00000000E+00 0.00000000E+00
11 10 0.00000000E+00-1.42598900E-03 0.00000000E+00-1.80575376E-03
12  1 2.52435687E-02-4.40357509E-03 2.66330091E-01-5.41700997E-02 0.00000000E+00
12  2 0.00000000E+00-2.15722894E-01 0.00000000E+00 0.00000000E+00 5.93333973E-01
12  3 0.00000000E+00 0.00000000E+00 2.10720638E-01-1.20422570E-02 1.16535744E-01
12  4-1.04493487E-01 0.00000000E+00 0.00000000E+00 0.00000000E+00 1.18259428E-01
12  5-1.77886150E-01-4.19538086E-01 3.07123421E-02 0.00000000E+00 2.85984989E-02
12  6 8.12562857E-03 0.00000000E+00 3.16333869E-02 2.39989073E-03 7.60061934E-04
12  7-3.15995267E-03 0.00000000E+00 1.39400196E-03 0.00000000E+00 1.18259428E-01
12  8-1.77886150E-01-4.19538086E-01-3.07123421E-02 0.00000000E+00 2.85984989E-02
12  9-8.12562857E-03 0.00000000E+00 3.16333869E-02 2.39989073E-03 7.60061934E-04
12 10-3.15995267E-03 0.00000000E+00-1.39400196E-03 0.00000000E+00
13  1 0.00000000E+00 0.00000000E+00 0.00000000E+00 0.00000000E+00-2.34578465E-01
13  2 0.00000000E+00 0.00000000E+00 6.56564441E-01 0.00000000E+00 0.00000000E+00
13  3 2.05818082E-01 0.00000000E+00 0.00000000E+00 0.00000000E+00 0.00000000E+00
13  4 0.00000000E+00 0.00000000E+00-1.75044246E-01 0.00000000E+00-1.17785018E-01
13  5 1.70497417E-01 4.40808656E-01-9.31196790E-03 0.00000000E+00 2.22040565E-02
13  6 1.08421124E-02 0.00000000E+00-5.89425959E-03 1.41203426E-03-1.81794420E-04
13  7-1.23023984E-03 0.00000000E+00-1.02990528E-03 0.00000000E+00 1.17785018E-01
13  8-1.70497417E-01-4.40808656E-01-9.31196790E-03 0.00000000E+00-2.22040565E-02
13  9 1.08421124E-02 0.00000000E+00 5.89425959E-03-1.41203426E-03 1.81794420E-04
13 10 1.23023984E-03 0.00000000E+00-1.02990528E-03 0.00000000E+00
14  1 1.36790873E-02 2.17014674E-02 1.80015709E-01-6.43179792E-02 0.00000000E+00
14  2 0.00000000E+00 4.39587903E-02 0.00000000E+00 0.00000000E+00-1.85394338E-01
14  3 0.00000000E+00 0.00000000E+00 2.87285141E-01-3.20370325E-01 9.82432548E-02
14  4 2.22127070E-01 0.00000000E+00 0.00000000E+00 0.00000000E+00-2.29043619E-02
14  5 6.33495044E-02 1.05236653E-02 4.37879538E-02 0.00000000E+00 3.00089149E-01
14  6 3.04697831E-02 0.00000000E+00 3.79167871E-01 1.24864602E-02 7.75542663E-03
14  7-2.02418869E-02 0.00000000E+00 1.35483481E-02 0.00000000E+00-2.29043619E-02
14  8 6.33495044E-02 1.05236653E-02-4.37879538E-02 0.00000000E+00 3.00089149E-01
14  9-3.04697831E-02 0.00000000E+00 3.79167871E-01 1.24864602E-02 7.75542663E-03
14 10-2.02418869E-02 0.00000000E+00-1.35483481E-02 0.00000000E+00
15  1 0.00000000E+00 0.00000000E+00 0.00000000E+00 0.00000000E+00 2.78612621E-02
15  2 0.00000000E+00 0.00000000E+00-1.46504592E-01 0.00000000E+00 0.00000000E+00
15  3 4.98686438E-01 0.00000000E+00 0.00000000E+00 0.00000000E+00 0.00000000E+00
15  4 0.00000000E+00 0.00000000E+00-3.87943613E-01 0.00000000E+00 1.80883487E-02
15  5-7.79663530E-02 8.98065755E-02 2.94917716E-01 0.00000000E+00 1.73127439E-02
15  6 4.00460561E-01 0.00000000E+00-4.00211864E-02 1.90970632E-02-1.02459613E-02
15  7-8.85110192E-03 0.00000000E+00-1.99802595E-02 0.00000000E+00-1.80883487E-02
15  8 7.79663530E-02-8.98065755E-02 2.94917716E-01 0.00000000E+00-1.73127439E-02
15  9 4.00460561E-01 0.00000000E+00 4.00211864E-02-1.90970632E-02 1.02459613E-02
15 10 8.85110192E-03 0.00000000E+00-1.99802595E-02 0.00000000E+00
16  1 0.00000000E+00 0.00000000E+00 0.00000000E+00 0.00000000E+00 0.00000000E+00
16  2 0.00000000E+00 0.00000000E+00 0.00000000E+00 0.00000000E+00 0.00000000E+00
16  3 0.00000000E+00 0.00000000E+00 0.00000000E+00 0.00000000E+00 0.00000000E+00
16  4 0.00000000E+00-3.49831419E-01 0.00000000E+00 0.00000000E+00 0.00000000E+00
16  5 0.00000000E+00 0.00000000E+00 0.00000000E+00 3.21093860E-01 0.00000000E+00
16  6 0.00000000E+00 4.19790982E-01 0.00000000E+00 0.00000000E+00 0.00000000E+00
16  7 0.00000000E+00 1.85080032E-02 0.00000000E+00-1.90148938E-02 0.00000000E+00
16  8 0.00000000E+00 0.00000000E+00 0.00000000E+00-3.21093860E-01 0.00000000E+00
16  9 0.00000000E+00-4.19790982E-01 0.00000000E+00 0.00000000E+00 0.00000000E+00
16 10 0.00000000E+00 1.85080032E-02 0.00000000E+00 1.90148938E-02
17  1 0.00000000E+00 0.00000000E+00 0.00000000E+00 0.00000000E+00 0.00000000E+00
17  2 8.67349581E-02 0.00000000E+00 0.00000000E+00-3.15216192E-01 0.00000000E+00
17  3 0.00000000E+00 1.87933754E-01 0.00000000E+00 0.00000000E+00 0.00000000E+00
17  4 0.00000000E+00 0.00000000E+00 0.00000000E+00 3.14614130E-01 0.00000000E+00
17  5 0.00000000E+00 0.00000000E+00 0.00000000E+00 3.21883751E-01 0.00000000E+00
17  6 0.00000000E+00 3.93651994E-01 0.00000000E+00 0.00000000E+00 0.00000000E+00
17  7 0.00000000E+00 1.58600517E-02 0.00000000E+00-1.50306714E-02 0.00000000E+00
17  8 0.00000000E+00 0.00000000E+00 0.00000000E+00 3.21883751E-01 0.00000000E+00
17  9 0.00000000E+00 3.93651994E-01 0.00000000E+00 0.00000000E+00 0.00000000E+00
17 10 0.00000000E+00-1.58600517E-02 0.00000000E+00-1.50306714E-02
18  1-2.63637164E-02-3.26452600E-02-3.34663847E-01 9.43592523E-02 0.00000000E+00
18  2 0.00000000E+00 1.77990309E-02 0.00000000E+00 0.00000000E+00-1.57805031E-02
18  3 0.00000000E+00 0.00000000E+00-3.54606300E-01 9.59397916E-02-4.19801603E-01
18  4 3.23861811E-01 0.00000000E+00 0.00000000E+00 0.00000000E+00 1.45309790E-02
18  5-4.98721266E-02 2.42820601E-02 3.04299018E-01 0.00000000E+00-2.49616019E-02
18  6 4.24033754E-01 0.00000000E+00-6.00255550E-03 1.90823267E-02-1.01023014E-02
18  7-8.98002530E-03 0.00000000E+00-1.35763822E-02 0.00000000E+00 1.45309790E-02
18  8-4.98721266E-02 2.42820601E-02-3.04299018E-01 0.00000000E+00-2.49616019E-02
18  9-4.24033754E-01 0.00000000E+00-6.00255550E-03 1.90823267E-02-1.01023014E-02
18 10-8.98002530E-03 0.00000000E+00 1.35763822E-02 0.00000000E+00
19  1 0.00000000E+00 0.00000000E+00 0.00000000E+00 0.00000000E+00 8.87266378E-02
19  2 0.00000000E+00 0.00000000E+00-3.03104016E-01 0.00000000E+00 0.00000000E+00
19  3-5.94573000E-03 0.00000000E+00 0.00000000E+00 0.00000000E+00 0.00000000E+00
19  4 0.00000000E+00 0.00000000E+00 2.42237374E-01 0.00000000E+00-1.90278060E-02
19  5 4.56031467E-02 4.28611727E-02 3.12127620E-02 0.00000000E+00 3.51853936E-01
19  6 4.12233049E-02 0.00000000E+00 4.33188451E-01 9.69735340E-03 8.08865899E-03
19  7-1.77860124E-02 0.00000000E+00 1.28351917E-02 0.00000000E+00 1.90278060E-02
19  8-4.56031467E-02-4.28611727E-02 3.12127620E-02 0.00000000E+00-3.51853936E-01
19  9 4.12233049E-02 0.00000000E+00-4.33188451E-01-9.69735340E-03-8.08865899E-03
19 10 1.77860124E-02 0.00000000E+00 1.28351917E-02 0.00000000E+00
20  1-6.77646086E-02-2.72296715E-01-1.09782486E+00 1.28953920E+00 0.00000000E+00
20  2 0.00000000E+00-1.85329497E-01 0.00000000E+00 0.00000000E+00 7.53450303E-01
20  3 0.00000000E+00 0.00000000E+00-8.21214067E-01-2.63047695E-01 2.95748763E-01
20  4-3.27010677E-02 0.00000000E+00 0.00000000E+00 0.00000000E+00-8.28573052E-04
20  5-3.95449892E-03 3.58022908E-02-4.84473962E-02 0.00000000E+00 5.83247682E-02
20  6-1.62386598E-02 0.00000000E+00 1.51658033E-01 2.34310958E-03 7.28529983E-03
20  7-9.62840941E-03 0.00000000E+00 1.35121906E-02 0.00000000E+00-8.28573052E-04
20  8-3.95449892E-03 3.58022908E-02 4.84473962E-02 0.00000000E+00 5.83247682E-02
20  9 1.62386598E-02 0.00000000E+00 1.51658033E-01 2.34310958E-03 7.28529983E-03
20 10-9.62840941E-03 0.00000000E+00-1.35121906E-02 0.00000000E+00
21  1 0.00000000E+00 0.00000000E+00 0.00000000E+00 0.00000000E+00 0.00000000E+00
21  2 2.19396253E-01 0.00000000E+00 0.00000000E+00-8.88918089E-01 0.00000000E+00
21  3 0.00000000E+00 9.87598613E-01 0.00000000E+00 0.00000000E+00 0.00000000E+00
21  4 0.00000000E+00 0.00000000E+00 0.00000000E+00-6.10128765E-01 0.00000000E+00
21  5 0.00000000E+00 0.00000000E+00 0.00000000E+00 1.72797229E-02 0.00000000E+00
21  6 0.00000000E+00-1.01573407E-01 0.00000000E+00 0.00000000E+00 0.00000000E+00
21  7 0.00000000E+00-1.29706796E-02 0.00000000E+00 6.41106485E-03 0.00000000E+00
21  8 0.00000000E+00 0.00000000E+00 0.00000000E+00 1.72797229E-02 0.00000000E+00
21  9 0.00000000E+00-1.01573407E-01 0.00000000E+00 0.00000000E+00 0.00000000E+00
21 10 0.00000000E+00 1.29706796E-02 0.00000000E+00 6.41106485E-03
22  1 0.00000000E+00 0.00000000E+00 0.00000000E+00 0.00000000E+00 2.38736299E-01
22  2 0.00000000E+00 0.00000000E+00-1.02410805E+00 0.00000000E+00 0.00000000E+00
22  3 1.43350994E+00 0.00000000E+00 0.00000000E+00 0.00000000E+00 0.00000000E+00
22  4 0.00000000E+00 0.00000000E+00-1.16091373E-01 0.00000000E+00-2.45899204E-02
22  5-5.54541718E-02 4.57196206E-01-1.88634574E-01 0.00000000E+00-1.66147873E-02
22  6-6.70729615E-02 0.00000000E+00-1.98387604E-01 4.54537507E-04-7.52516524E-03
22  7 7.07062773E-03 0.00000000E+00-1.27041481E-02 0.00000000E+00 2.45899204E-02
22  8 5.54541718E-02-4.57196206E-01-1.88634574E-01 0.00000000E+00 1.66147873E-02
22  9-6.70729615E-02 0.00000000E+00 1.98387604E-01-4.54537507E-04 7.52516524E-03
22 10-7.07062773E-03 0.00000000E+00-1.27041481E-02 0.00000000E+00
23  1-3.41548506E-02-1.08759765E-01-5.18055467E-01 4.94866299E-01 0.00000000E+00
23  2 0.00000000E+00 1.51042762E-01 0.00000000E+00 0.00000000E+00-5.72575872E-01
23  3 0.00000000E+00 0.00000000E+00 4.49545674E-01-3.77967466E-03 6.65756914E-01
23  4-6.61977239E-01 0.00000000E+00 0.00000000E+00 0.00000000E+00 3.33596919E-03
23  5 3.02619221E-02-1.38278485E-01 1.88102748E-01 0.00000000E+00-2.17075923E-02
23  6 1.12839468E-01 0.00000000E+00-3.09762670E-02-1.10595142E-02 5.75465283E-03
23  7 5.30486135E-03 0.00000000E+00-6.25678720E-04 0.00000000E+00 3.33596919E-03
23  8 3.02619221E-02-1.38278485E-01-1.88102748E-01 0.00000000E+00-2.17075923E-02
23  9-1.12839468E-01 0.00000000E+00-3.09762670E-02-1.10595142E-02 5.75465283E-03
23 10 5.30486135E-03 0.00000000E+00 6.25678720E-04 0.00000000E+00
24  1 0.00000000E+00 0.00000000E+00 0.00000000E+00 0.00000000E+00 0.00000000E+00
24  2 0.00000000E+00 0.00000000E+00 0.00000000E+00 0.00000000E+00 0.00000000E+00
24  3 0.00000000E+00 0.00000000E+00 0.00000000E+00 0.00000000E+00 0.00000000E+00
24  4 0.00000000E+00 9.35940976E-01 0.00000000E+00 0.00000000E+00 0.00000000E+00
24  5 0.00000000E+00 0.00000000E+00 0.00000000E+00 1.88135011E-01 0.00000000E+00
24  6 0.00000000E+00 1.84164541E-01 0.00000000E+00 0.00000000E+00 0.00000000E+00
24  7 0.00000000E+00-5.18284301E-03 0.00000000E+00 3.74924504E-03 0.00000000E+00
24  8 0.00000000E+00 0.00000000E+00 0.00000000E+00-1.88135011E-01 0.00000000E+00
24  9 0.00000000E+00-1.84164541E-01 0.00000000E+00 0.00000000E+00 0.00000000E+00
24 10 0.00000000E+00-5.18284301E-03 0.00000000E+00-3.74924504E-03
25  1 0.00000000E+00 0.00000000E+00 0.00000000E+00 0.00000000E+00 0.00000000E+00
25  2 1.02741514E-01 0.00000000E+00 0.00000000E+00-4.97330023E-01 0.00000000E+00
25  3 0.00000000E+00 8.49971088E-01 0.00000000E+00 0.00000000E+00 0.00000000E+00
25  4 0.00000000E+00 0.00000000E+00 0.00000000E+00 7.15035738E-01 0.00000000E+00
25  5 0.00000000E+00 0.00000000E+00 0.00000000E+00-1.90914009E-01 0.00000000E+00
25  6 0.00000000E+00-2.80678482E-01 0.00000000E+00 0.00000000E+00 0.00000000E+00
25  7 0.00000000E+00-1.55508510E-03 0.00000000E+00 6.61440689E-03 0.00000000E+00
25  8 0.00000000E+00 0.00000000E+00 0.00000000E+00-1.90914009E-01 0.00000000E+00
25  9 0.00000000E+00-2.80678482E-01 0.00000000E+00 0.00000000E+00 0.00000000E+00
25 10 0.00000000E+00 1.55508510E-03 0.00000000E+00 6.61440689E-03
26  1 1.65463677E-02 4.63629984E-02 2.42506352E-01-2.06590918E-01 0.00000000E+00
26  2 0.00000000E+00-5.81415178E-02 0.00000000E+00 0.00000000E+00 2.85066736E-01
26  3 0.00000000E+00 0.00000000E+00-4.68787069E-01 8.27002431E-01-2.17434138E-01
26  4-6.09568293E-01 0.00000000E+00 0.00000000E+00 0.00000000E+00-1.70694546E-03
26  5-1.74245827E-02 9.86522299E-02 8.98683617E-03 0.00000000E+00 2.18851211E-01
26  6 4.83056115E-02 0.00000000E+00 2.21672515E-01-1.90151272E-03-1.64671449E-03
26  7 3.54822721E-03 0.00000000E+00-7.52672696E-03 0.00000000E+00-1.70694546E-03
26  8-1.74245827E-02 9.86522299E-02-8.98683617E-03 0.00000000E+00 2.18851211E-01
26  9-4.83056115E-02 0.00000000E+00 2.21672515E-01-1.90151272E-03-1.64671449E-03
26 10 3.54822721E-03 0.00000000E+00 7.52672696E-03 0.00000000E+00
27  1 0.00000000E+00 0.00000000E+00 0.00000000E+00 0.00000000E+00-6.91233205E-03
27  2 0.00000000E+00 0.00000000E+00-9.66205253E-02 0.00000000E+00 0.00000000E+00
27  3 8.70567620E-01 0.00000000E+00 0.00000000E+00 0.00000000E+00 0.00000000E+00
27  4 0.00000000E+00 0.00000000E+00 9.23167964E-01 0.00000000E+00-4.76475045E-02
27  5 5.85484062E-02 3.51930850E-01 1.63738777E-01 0.00000000E+00-1.37152925E-01
27  6 3.31277025E-01 0.00000000E+00-2.84642733E-01-6.75646796E-03-2.40481317E-03
27  7 9.16128113E-03 0.00000000E+00-3.88089490E-03 0.00000000E+00 4.76475045E-02
27  8-5.85484062E-02-3.51930850E-01 1.63738777E-01 0.00000000E+00 1.37152925E-01
27  9 3.31277025E-01 0.00000000E+00 2.84642733E-01 6.75646796E-03 2.40481317E-03
27 10-9.16128113E-03 0.00000000E+00-3.88089490E-03 0.00000000E+00
28  1-7.65169073E-02-4.27317270E-01-1.39725583E+00 2.04390857E+00 0.00000000E+00
28  2 0.00000000E+00 7.57939807E-02 0.00000000E+00 0.00000000E+00-4.14541248E-01
28  3 0.00000000E+00 0.00000000E+00 1.07750595E+00 4.06795490E-01-5.12212874E-01
28  4 1.05417384E-01 0.00000000E+00 0.00000000E+00 0.00000000E+00 5.68206465E-02
28  5-5.45234913E-02-5.03462679E-01-1.31845983E-01 0.00000000E+00 5.27635767E-02
28  6-4.52889016E-01 0.00000000E+00 1.62489248E-01-1.62382287E-02 1.19617341E-02
28  7 4.27649461E-03 0.00000000E+00 2.18462535E-02 0.00000000E+00 5.68206465E-02
28  8-5.45234913E-02-5.03462679E-01 1.31845983E-01 0.00000000E+00 5.27635767E-02
28  9 4.52889016E-01 0.00000000E+00 1.62489248E-01-1.62382287E-02 1.19617341E-02
28 10 4.27649461E-03 0.00000000E+00-2.18462535E-02 0.00000000E+00
29  1 0.00000000E+00 0.00000000E+00 0.00000000E+00 0.00000000E+00 0.00000000E+00
29  2 0.00000000E+00 0.00000000E+00 0.00000000E+00 0.00000000E+00 0.00000000E+00
29  3 0.00000000E+00 0.00000000E+00 0.00000000E+00 0.00000000E+00 0.00000000E+00
29  4 0.00000000E+00-1.53617647E-01 0.00000000E+00 0.00000000E+00 0.00000000E+00
29  5 0.00000000E+00 0.00000000E+00 0.00000000E+00 7.11307934E-01 0.00000000E+00
29  6 0.00000000E+00-6.74506963E-01 0.00000000E+00 0.00000000E+00 0.00000000E+00
29  7 0.00000000E+00 9.44181805E-03 0.00000000E+00-7.12968781E-03 0.00000000E+00
29  8 0.00000000E+00 0.00000000E+00 0.00000000E+00-7.11307934E-01 0.00000000E+00
29  9 0.00000000E+00 6.74506963E-01 0.00000000E+00 0.00000000E+00 0.00000000E+00
29 10 0.00000000E+00 9.44181805E-03 0.00000000E+00 7.12968781E-03
30  1-2.02154822E-03-8.49907072E-03-3.39567078E-02 3.54901384E-02 0.00000000E+00
30  2 0.00000000E+00 5.43176177E-03 0.00000000E+00 0.00000000E+00-4.85482172E-02
30  3 0.00000000E+00 0.00000000E+00 2.21678785E-01-1.60153194E-01-3.41520907E-03
30  4 1.63568403E-01 0.00000000E+00 0.00000000E+00 0.00000000E+00 9.08688022E-03
30  5-1.12378977E-01 5.85095296E-02 3.92892722E-01 0.00000000E+00 5.85883670E-01
30  6-3.98446380E-01 0.00000000E+00-5.67915147E-01 1.16606461E-02 4.33168975E-03
30  7-1.59923358E-02 0.00000000E+00 1.06523753E-02 0.00000000E+00 9.08688022E-03
30  8-1.12378977E-01 5.85095296E-02-3.92892722E-01 0.00000000E+00 5.85883670E-01
30  9 3.98446380E-01 0.00000000E+00-5.67915147E-01 1.16606461E-02 4.33168975E-03
30 10-1.59923358E-02 0.00000000E+00-1.06523753E-02 0.00000000E+00
31  1 0.00000000E+00 0.00000000E+00 0.00000000E+00 0.00000000E+00 0.00000000E+00
31  2-7.24493987E-03 0.00000000E+00 0.00000000E+00 6.00245602E-02 0.00000000E+00
31  3 0.00000000E+00-2.77277135E-01 0.00000000E+00 0.00000000E+00 0.00000000E+00
31  4 0.00000000E+00 0.00000000E+00 0.00000000E+00-1.20473471E-01 0.00000000E+00
31  5 0.00000000E+00 0.00000000E+00 0.00000000E+00-7.12709092E-01 0.00000000E+00
31  6 0.00000000E+00 7.22190866E-01 0.00000000E+00 0.00000000E+00 0.00000000E+00
31  7 0.00000000E+00-1.47084798E-02 0.00000000E+00 9.73706896E-03 0.00000000E+00
31  8 0.00000000E+00 0.00000000E+00 0.00000000E+00-7.12709092E-01 0.00000000E+00
31  9 0.00000000E+00 7.22190866E-01 0.00000000E+00 0.00000000E+00 0.00000000E+00
31 10 0.00000000E+00 1.47084798E-02 0.00000000E+00 9.73706896E-03
32  1 0.00000000E+00 0.00000000E+00 0.00000000E+00 0.00000000E+00-6.69839833E-03
32  2 0.00000000E+00 0.00000000E+00 5.48074599E-02 0.00000000E+00 0.00000000E+00
32  3-3.06992305E-01 0.00000000E+00 0.00000000E+00 0.00000000E+00 0.00000000E+00
32  4 0.00000000E+00 0.00000000E+00-4.00157613E-03 0.00000000E+00 8.03899240E-03
32  5-1.32409090E-02-8.45896906E-02-3.61506319E-01 0.00000000E+00-6.13687215E-01
32  6 3.11935960E-01 0.00000000E+00 6.50221058E-01-9.37223027E-03 1.14951833E-03
32  7 8.22271194E-03 0.00000000E+00-5.59185765E-03 0.00000000E+00-8.03899240E-03
32  8 1.32409090E-02 8.45896906E-02-3.61506319E-01 0.00000000E+00 6.13687215E-01
32  9 3.11935960E-01 0.00000000E+00-6.50221058E-01 9.37223027E-03-1.14951833E-03
32 10-8.22271194E-03 0.00000000E+00-5.59185765E-03 0.00000000E+00
33  1-1.17644249E-03 8.24233866E-02 8.16455119E-02-6.03590323E-01 0.00000000E+00
33  2 0.00000000E+00 3.27515000E-02 0.00000000E+00 0.00000000E+00-1.56124685E-01
33  3 0.00000000E+00 0.00000000E+00-1.90586620E-01-1.13254657E-01 1.16430072E-01
33  4-3.17541526E-03 0.00000000E+00 0.00000000E+00 0.00000000E+00-2.52757324E-02
33  5 1.40016914E-01 3.18256168E-02-5.71546864E-01 0.00000000E+00 3.99842813E-01
33  6 7.11354640E-01 0.00000000E+00-4.76922450E-01-2.27321271E-02 1.93786065E-02
33  7 3.35352061E-03 0.00000000E+00 3.22473519E-02 0.00000000E+00-2.52757324E-02
33  8 1.40016914E-01 3.18256168E-02 5.71546864E-01 0.00000000E+00 3.99842813E-01
33  9-7.11354640E-01 0.00000000E+00-4.76922450E-01-2.27321271E-02 1.93786065E-02
33 10 3.35352061E-03 0.00000000E+00-3.22473519E-02 0.00000000E+00
34  1 0.00000000E+00 0.00000000E+00 0.00000000E+00 0.00000000E+00-4.86691451E-02
34  2 0.00000000E+00 0.00000000E+00 2.39465887E-01 0.00000000E+00 0.00000000E+00
34  3 1.91559122E-01 0.00000000E+00 0.00000000E+00 0.00000000E+00 0.00000000E+00
34  4 0.00000000E+00 0.00000000E+00 1.65580341E-01 0.00000000E+00-2.00111944E-02
34  5 1.11411563E-01 1.33695141E-02-6.07844634E-01 0.00000000E+00 3.54217018E-01
34  6 7.00368116E-01 0.00000000E+00-4.30357455E-01-2.31895040E-02 2.31783560E-02
34  7 1.11479775E-05 0.00000000E+00 3.48507403E-02 0.00000000E+00 2.00111944E-02
34  8-1.11411563E-01-1.33695141E-02-6.07844634E-01 0.00000000E+00-3.54217018E-01
34  9 7.00368116E-01 0.00000000E+00 4.30357455E-01 2.31895040E-02-2.31783560E-02
34 10-1.11479775E-05 0.00000000E+00 3.48507403E-02 0.00000000E+00
35  1 0.00000000E+00 0.00000000E+00 0.00000000E+00 0.00000000E+00-2.03018033E-02
35  2 0.00000000E+00 0.00000000E+00 2.98973643E-02 0.00000000E+00 0.00000000E+00
35  3 6.07977803E-01 0.00000000E+00 0.00000000E+00 0.00000000E+00 0.00000000E+00
35  4 0.00000000E+00 0.00000000E+00 3.06383279E-01 0.00000000E+00 4.30466623E-02
35  5-1.18785663E+00 1.32789543E+00-7.39204916E-02 0.00000000E+00 7.96517931E-02
35  6 2.46294339E-01 0.00000000E+00-2.58178061E-01-3.33859997E-02 4.68001469E-02
35  7-1.34141473E-02 0.00000000E+00 8.21523596E-02 0.00000000E+00-4.30466623E-02
35  8 1.18785663E+00-1.32789543E+00-7.39204916E-02 0.00000000E+00-7.96517931E-02
35  9 2.46294339E-01 0.00000000E+00 2.58178061E-01 3.33859997E-02-4.68001469E-02
35 10 1.34141473E-02 0.00000000E+00 8.21523596E-02 0.00000000E+00
36  1 2.10826641E-02 2.29037238E-01 5.22603170E-01-1.15458853E+00 0.00000000E+00
36  2 0.00000000E+00 1.01458610E-02 0.00000000E+00 0.00000000E+00 7.99495068E-03
36  3 0.00000000E+00 0.00000000E+00-5.64359231E-01-1.88680030E-01 2.21675722E-01
36  4-3.29956921E-02 0.00000000E+00 0.00000000E+00 0.00000000E+00 3.62176383E-02
36  5-1.18969743E+00 1.39667244E+00-1.49040679E-01 0.00000000E+00 9.78693441E-03
36  6 4.55905739E-01 0.00000000E+00-1.34758478E-01-9.48784544E-02 5.68495305E-02
36  7 3.80289238E-02 0.00000000E+00 7.33622876E-02 0.00000000E+00 3.62176383E-02
36  8-1.18969743E+00 1.39667244E+00 1.49040679E-01 0.00000000E+00 9.78693441E-03
36  9-4.55905739E-01 0.00000000E+00-1.34758478E-01-9.48784544E-02 5.68495305E-02
36 10 3.80289238E-02 0.00000000E+00-7.33622876E-02 0.00000000E+00
37  1 0.00000000E+00 0.00000000E+00 0.00000000E+00 0.00000000E+00 8.25168101E-04
37  2 0.00000000E+00 0.00000000E+00-2.16420595E-02 0.00000000E+00 0.00000000E+00
37  3 1.18690135E-01 0.00000000E+00 0.00000000E+00 0.00000000E+00 0.00000000E+00
37  4 0.00000000E+00 0.00000000E+00-6.98240926E-03 0.00000000E+00 1.68768344E-04
37  5-5.39329507E-02 8.64525016E-02 8.28128587E-03 0.00000000E+00 3.16058300E-02
37  6 1.63822073E-02 0.00000000E+00-3.33772008E-02-5.45052988E-01-8.00642335E-02
37  7 6.25117221E-01 0.00000000E+00-1.96357253E-01 0.00000000E+00-1.68768344E-04
37  8 5.39329507E-02-8.64525016E-02 8.28128587E-03 0.00000000E+00-3.16058300E-02
37  9 1.63822073E-02 0.00000000E+00 3.33772008E-02 5.45052988E-01 8.00642335E-02
37 10-6.25117221E-01 0.00000000E+00-1.96357253E-01 0.00000000E+00
38  1 0.00000000E+00 0.00000000E+00 0.00000000E+00 0.00000000E+00 0.00000000E+00
38  2 0.00000000E+00 0.00000000E+00 0.00000000E+00 0.00000000E+00 0.00000000E+00
38  3 0.00000000E+00 0.00000000E+00 0.00000000E+00 0.00000000E+00 0.00000000E+00
38  4 0.00000000E+00 8.30065663E-02 0.00000000E+00 0.00000000E+00 0.00000000E+00
38  5 0.00000000E+00 0.00000000E+00 0.00000000E+00-2.51255244E-02 0.00000000E+00
38  6 0.00000000E+00 5.20057777E-03 0.00000000E+00 0.00000000E+00 0.00000000E+00
38  7 0.00000000E+00 5.42793158E-01 0.00000000E+00-4.54082037E-01 0.00000000E+00
38  8 0.00000000E+00 0.00000000E+00 0.00000000E+00 2.51255244E-02 0.00000000E+00
38  9 0.00000000E+00-5.20057777E-03 0.00000000E+00 0.00000000E+00 0.00000000E+00
38 10 0.00000000E+00 5.42793158E-01 0.00000000E+00 4.54082037E-01
39  1 0.00000000E+00 0.00000000E+00 0.00000000E+00 0.00000000E+00 0.00000000E+00
39  2 3.95387474E-04 0.00000000E+00 0.00000000E+00-2.31776036E-02 0.00000000E+00
39  3 0.00000000E+00 9.79163314E-02 0.00000000E+00 0.00000000E+00 0.00000000E+00
39  4 0.00000000E+00 0.00000000E+00 0.00000000E+00 5.63183504E-02 0.00000000E+00
39  5 0.00000000E+00 0.00000000E+00 0.00000000E+00 3.73224413E-02 0.00000000E+00
39  6 0.00000000E+00-3.31432979E-02 0.00000000E+00 0.00000000E+00 0.00000000E+00
39  7 0.00000000E+00-4.02287036E-01 0.00000000E+00 5.84369801E-01 0.00000000E+00
39  8 0.00000000E+00 0.00000000E+00 0.00000000E+00 3.73224413E-02 0.00000000E+00
39  9 0.00000000E+00-3.31432979E-02 0.00000000E+00 0.00000000E+00 0.00000000E+00
39 10 0.00000000E+00 4.02287036E-01 0.00000000E+00 5.84369801E-01
40  1-1.57783936E-03-8.17436488E-03-2.76258311E-02 4.34878095E-02 0.00000000E+00
40  2 0.00000000E+00 3.05751850E-03 0.00000000E+00 0.00000000E+00-2.26214672E-02
40  3 0.00000000E+00 0.00000000E+00 7.13182072E-02-5.21300277E-02 1.03826187E-02
40  4 4.17474090E-02 0.00000000E+00 0.00000000E+00 0.00000000E+00 5.50069015E-05
40  5 2.56818005E-02-4.29983144E-02 1.27637406E-02 0.00000000E+00 2.12018773E-02
40  6-2.53078847E-02 0.00000000E+00-9.59556016E-03-9.42247016E-02-5.54473965E-01
40  7 6.48698666E-01 0.00000000E+00 9.81751857E-02 0.00000000E+00 5.50069015E-05
40  8 2.56818005E-02-4.29983144E-02-1.27637406E-02 0.00000000E+00 2.12018773E-02
40  9 2.53078847E-02 0.00000000E+00-9.59556016E-03-9.42247016E-02-5.54473965E-01
40 10 6.48698666E-01 0.00000000E+00-9.81751857E-02 0.00000000E+00
41  1 0.00000000E+00 0.00000000E+00 0.00000000E+00 0.00000000E+00 0.00000000E+00
41  2 0.00000000E+00 0.00000000E+00 0.00000000E+00 0.00000000E+00 0.00000000E+00
41  3 0.00000000E+00 0.00000000E+00 0.00000000E+00 0.00000000E+00 0.00000000E+00
41  4 0.00000000E+00 1.65396765E-05 0.00000000E+00 0.00000000E+00 0.00000000E+00
41  5 0.00000000E+00 0.00000000E+00 0.00000000E+00 5.25912771E-04 0.00000000E+00
41  6 0.00000000E+00 2.79656099E-03 0.00000000E+00 0.00000000E+00 0.00000000E+00
41  7 0.00000000E+00 4.53795852E-01 0.00000000E+00 5.42274676E-01 0.00000000E+00
41  8 0.00000000E+00 0.00000000E+00 0.00000000E+00-5.25912771E-04 0.00000000E+00
41  9 0.00000000E+00-2.79656099E-03 0.00000000E+00 0.00000000E+00 0.00000000E+00
41 10 0.00000000E+00 4.53795852E-01 0.00000000E+00-5.42274676E-01
42  1 0.00000000E+00 0.00000000E+00 0.00000000E+00 0.00000000E+00 2.16847085E-03
42  2 0.00000000E+00 0.00000000E+00-1.00533542E-02 0.00000000E+00 0.00000000E+00
42  3 1.24970088E-02 0.00000000E+00 0.00000000E+00 0.00000000E+00 0.00000000E+00
42  4 0.00000000E+00 0.00000000E+00-4.50401405E-03 0.00000000E+00-8.17642091E-05
42  5 5.13762076E-04 2.02643698E-03 5.25616056E-03 0.00000000E+00 8.46455190E-04
42  6-7.95394010E-03 0.00000000E+00-4.37200201E-03-2.88088888E-01 6.19479601E-01
42  7-3.31390713E-01 0.00000000E+00-3.40054435E-01 0.00000000E+00 8.17642091E-05
42  8-5.13762076E-04-2.02643698E-03 5.25616056E-03 0.00000000E+00-8.46455190E-04
42  9-7.95394010E-03 0.00000000E+00 4.37200201E-03 2.88088888E-01-6.19479601E-01
42 10 3.31390713E-01 0.00000000E+00-3.40054435E-01 0.00000000E+00
43  1 0.00000000E+00 0.00000000E+00 0.00000000E+00 0.00000000E+00 0.00000000E+00
43  2-3.65341678E-05 0.00000000E+00 0.00000000E+00 8.54819529E-03 0.00000000E+00
43  3 0.00000000E+00-3.83755292E-02 0.00000000E+00 0.00000000E+00 0.00000000E+00
43  4 0.00000000E+00 0.00000000E+00 0.00000000E+00-3.33835164E-02 0.00000000E+00
43  5 0.00000000E+00 0.00000000E+00 0.00000000E+00-1.15390098E-02 0.00000000E+00
43  6 0.00000000E+00 1.66438249E-02 0.00000000E+00 0.00000000E+00 0.00000000E+00
43  7 0.00000000E+00 5.83927499E-01 0.00000000E+00 3.99524235E-01 0.00000000E+00
43  8 0.00000000E+00 0.00000000E+00 0.00000000E+00-1.15390098E-02 0.00000000E+00
43  9 0.00000000E+00 1.66438249E-02 0.00000000E+00 0.00000000E+00 0.00000000E+00
43 10 0.00000000E+00-5.83927499E-01 0.00000000E+00 3.99524235E-01
44  1 2.40680276E-03 6.52980164E-03 3.44645837E-02-3.75321508E-02 0.00000000E+00
44  2 0.00000000E+00-7.04463530E-03 0.00000000E+00 0.00000000E+00 4.24745844E-02
44  3 0.00000000E+00 0.00000000E+00-1.01412158E-01 8.65886182E-02-6.78797269E-03
44  4-7.98006456E-02 0.00000000E+00 0.00000000E+00 0.00000000E+00-3.13664282E-04
44  5-2.59403063E-02 4.79294544E-02-6.53603538E-03 0.00000000E+00-3.20195466E-02
44  6 2.50350490E-02 0.00000000E+00 2.47539226E-02 4.98548266E-01-2.43751096E-01
44  7-2.54797170E-01 0.00000000E+00 5.04595811E-01 0.00000000E+00-3.13664282E-04
44  8-2.59403063E-02 4.79294544E-02 6.53603538E-03 0.00000000E+00-3.20195466E-02
44  9-2.50350490E-02 0.00000000E+00 2.47539226E-02 4.98548266E-01-2.43751096E-01
44 10-2.54797170E-01 0.00000000E+00-5.04595811E-01 0.00000000E+00
45  1-4.37732897E-03-1.18047645E-01-2.00582040E-01 5.69924325E-01 0.00000000E+00
45  2 0.00000000E+00-3.49540303E-02 0.00000000E+00 0.00000000E+00 9.58683296E-02
45  3 0.00000000E+00 0.00000000E+00 2.38156484E-01 1.61116615E-01-1.92265105E-01
45  4 3.11484904E-02 0.00000000E+00 0.00000000E+00 0.00000000E+00-9.10371734E-04
45  5 3.03420343E-01-4.31854476E-01 1.06034035E-01 0.00000000E+00-4.54701990E-02
45  6-2.48140507E-01 0.00000000E+00 1.19516242E-01-4.94212489E-01 3.67565019E-01
45  7 1.26647471E-01 0.00000000E+00 4.92394168E-01 0.00000000E+00-9.10371734E-04
45  8 3.03420343E-01-4.31854476E-01-1.06034035E-01 0.00000000E+00-4.54701990E-02
45  9 2.48140507E-01 0.00000000E+00 1.19516242E-01-4.94212489E-01 3.67565019E-01
45 10 1.26647471E-01 0.00000000E+00-4.92394168E-01 0.00000000E+00
46  1 0.00000000E+00 0.00000000E+00 0.00000000E+00 0.00000000E+00 5.26086857E-02
46  2 0.00000000E+00 0.00000000E+00-1.63746687E-01 0.00000000E+00 0.00000000E+00
46  3-1.97066553E-01 0.00000000E+00 0.00000000E+00 0.00000000E+00 0.00000000E+00
46  4 0.00000000E+00 0.00000000E+00-2.75589161E-01 0.00000000E+00-8.34642975E-04
46  5 2.30316650E-01-3.15892220E-01 7.79588010E-02 0.00000000E+00-5.92779173E-02
46  6-1.62065644E-01 0.00000000E+00 1.37639395E-01-3.52270842E-01 3.35446423E-01
46  7 1.68244182E-02 0.00000000E+00 5.94913039E-01 0.00000000E+00 8.34642975E-04
46  8-2.30316650E-01 3.15892220E-01 7.79588010E-02 0.00000000E+00 5.92779173E-02
46  9-1.62065644E-01 0.00000000E+00-1.37639395E-01 3.52270842E-01-3.35446423E-01
46 10-1.68244182E-02 0.00000000E+00 5.94913039E-01 0.00000000E+00
 $END   
 POPULATION ANALYSIS
S           19.31349  -3.31349  19.21679  -3.21679
O            6.34326   1.65674   6.39160   1.60840
O            6.34326   1.65674   6.39160   1.60840
 MOMENTS AT POINT    1 X,Y,Z=  0.000000  0.000000  0.000000
 DIPOLE       0.000000  0.000000 23.756190
