 $DATA  
Title                                                                           
CNV      2

S          16.0      0.0000000000      0.0000000000     -0.2750763150
   PC1     0
        
O           8.0      0.9526279442      0.0000000000      0.2749236850
   PC1     0
        
 $END      
 $ZMAT   IZMAT(1)=
         1,   3,   1,
         1,   2,   1,
         2,   2,   1,   3,
 $END
--- CLOSED SHELL ORBITALS --- GENERATED AT Thu Feb 26 00:11:39 2015
Title                                                                           
E(R-PBE)=     -547.5069169237, E(NUC)=  140.9297235932,   16 ITERS
 $VEC   
 1  1 1.00297392E+00-1.00792570E-02 2.14307920E-03-2.76669882E-04 0.00000000E+00
 1  2 0.00000000E+00 3.87128943E-05 0.00000000E+00 0.00000000E+00 2.79118986E-04
 1  3 0.00000000E+00 0.00000000E+00 3.57928220E-05 2.70183163E-04-1.72884963E-04
 1  4-9.72981997E-05 0.00000000E+00 0.00000000E+00 0.00000000E+00-8.16063254E-06
 1  5-8.54586780E-05-4.62116300E-04-1.34716118E-04 0.00000000E+00 9.63102868E-05
 1  6-2.68535240E-04 0.00000000E+00 2.12591341E-04 1.56700147E-05 1.72048541E-05
 1  7-3.28748689E-05 0.00000000E+00 2.65774879E-05 0.00000000E+00-8.16063254E-06
 1  8-8.54586780E-05-4.62116300E-04 1.34716118E-04 0.00000000E+00 9.63102868E-05
 1  9 2.68535240E-04 0.00000000E+00 2.12591341E-04 1.56700147E-05 1.72048541E-05
 1 10-3.28748689E-05 0.00000000E+00-2.65774879E-05 0.00000000E+00
 2  1 0.00000000E+00 0.00000000E+00 0.00000000E+00 0.00000000E+00-3.84644767E-04
 2  2 0.00000000E+00 0.00000000E+00 4.36482856E-03 0.00000000E+00 0.00000000E+00
 2  3-4.94486521E-03 0.00000000E+00 0.00000000E+00 0.00000000E+00 0.00000000E+00
 2  4 0.00000000E+00 0.00000000E+00 4.12109997E-03 0.00000000E+00 7.03189285E-01
 2  5 2.85150403E-02-1.13634772E-02 2.99090716E-03 0.00000000E+00-1.57727220E-03
 2  6-1.03647618E-03 0.00000000E+00 1.56105114E-03 4.61768833E-04-2.22875565E-05
 2  7-4.39481277E-04 0.00000000E+00-6.11218957E-04 0.00000000E+00-7.03189285E-01
 2  8-2.85150403E-02 1.13634772E-02 2.99090716E-03 0.00000000E+00 1.57727220E-03
 2  9-1.03647618E-03 0.00000000E+00-1.56105114E-03-4.61768833E-04 2.22875565E-05
 2 10 4.39481277E-04 0.00000000E+00-6.11218957E-04 0.00000000E+00
 3  1-1.09467547E-04-1.30839244E-04-2.30888192E-03 1.14978131E-02 0.00000000E+00
 3  2 0.00000000E+00-4.12433053E-05 0.00000000E+00 0.00000000E+00-8.46267323E-04
 3  3 0.00000000E+00 0.00000000E+00 4.64921971E-03-2.25278107E-03 1.29406171E-03
 3  4 9.58719366E-04 0.00000000E+00 0.00000000E+00 0.00000000E+00 7.03115453E-01
 3  5 2.76440633E-02-1.39747759E-02 2.22489720E-03 0.00000000E+00-1.29255301E-03
 3  6-2.65990845E-03 0.00000000E+00 2.55477861E-04 3.43712247E-04-5.60052908E-04
 3  7 2.16340661E-04 0.00000000E+00-4.72750460E-04 0.00000000E+00 7.03115453E-01
 3  8 2.76440633E-02-1.39747759E-02-2.22489720E-03 0.00000000E+00-1.29255301E-03
 3  9 2.65990845E-03 0.00000000E+00 2.55477861E-04 3.43712247E-04-5.60052908E-04
 3 10 2.16340661E-04 0.00000000E+00 4.72750460E-04 0.00000000E+00
 4  1-2.73531261E-01 1.03823009E+00 4.46787447E-02-6.85565417E-03 0.00000000E+00
 4  2 0.00000000E+00 1.76446657E-02 0.00000000E+00 0.00000000E+00 3.55844443E-03
 4  3 0.00000000E+00 0.00000000E+00 1.09935794E-04 2.64192371E-03-1.62049543E-03
 4  4-1.02142827E-03 0.00000000E+00 0.00000000E+00 0.00000000E+00-2.35892104E-03
 4  5 1.34270947E-03-3.54516103E-03 2.57452097E-03 0.00000000E+00-1.32551417E-03
 4  6-2.64773470E-03 0.00000000E+00 1.98138675E-03 1.86148602E-03-1.28294326E-03
 4  7-5.78542755E-04 0.00000000E+00-1.98967399E-03 0.00000000E+00-2.35892104E-03
 4  8 1.34270947E-03-3.54516103E-03-2.57452097E-03 0.00000000E+00-1.32551417E-03
 4  9 2.64773470E-03 0.00000000E+00 1.98138675E-03 1.86148602E-03-1.28294326E-03
 4 10-5.78542755E-04 0.00000000E+00 1.98967399E-03 0.00000000E+00
 5  1 0.00000000E+00 0.00000000E+00 0.00000000E+00 0.00000000E+00 9.92173254E-01
 5  2 0.00000000E+00 0.00000000E+00 1.51939002E-02 0.00000000E+00 0.00000000E+00
 5  3 3.18694051E-05 0.00000000E+00 0.00000000E+00 0.00000000E+00 0.00000000E+00
 5  4 0.00000000E+00 0.00000000E+00 4.24172403E-03 0.00000000E+00 4.34117033E-03
 5  5-3.96135764E-03 1.68757849E-03-5.50352332E-03 0.00000000E+00 4.13438617E-03
 5  6 1.00275878E-03 0.00000000E+00-3.57377661E-04-1.80964816E-03 2.04541489E-03
 5  7-2.35766731E-04 0.00000000E+00 3.13957222E-03 0.00000000E+00-4.34117033E-03
 5  8 3.96135764E-03-1.68757849E-03-5.50352332E-03 0.00000000E+00-4.13438617E-03
 5  9 1.00275878E-03 0.00000000E+00 3.57377661E-04 1.80964816E-03-2.04541489E-03
 5 10 2.35766731E-04 0.00000000E+00 3.13957222E-03 0.00000000E+00
 6  1 0.00000000E+00 0.00000000E+00 0.00000000E+00 0.00000000E+00 0.00000000E+00
 6  2 9.95722460E-01 0.00000000E+00 0.00000000E+00 1.20534043E-02 0.00000000E+00
 6  3 0.00000000E+00-8.41498792E-04 0.00000000E+00 0.00000000E+00 0.00000000E+00
 6  4 0.00000000E+00 0.00000000E+00 0.00000000E+00 1.56185200E-03 0.00000000E+00
 6  5 0.00000000E+00 0.00000000E+00 0.00000000E+00 1.17973537E-03 0.00000000E+00
 6  6 0.00000000E+00-4.78980713E-04 0.00000000E+00 0.00000000E+00 0.00000000E+00
 6  7 0.00000000E+00 7.36984820E-04 0.00000000E+00-5.79819463E-04 0.00000000E+00
 6  8 0.00000000E+00 0.00000000E+00 0.00000000E+00 1.17973537E-03 0.00000000E+00
 6  9 0.00000000E+00-4.78980713E-04 0.00000000E+00 0.00000000E+00 0.00000000E+00
 6 10 0.00000000E+00-7.36984820E-04 0.00000000E+00-5.79819463E-04
 7  1 5.73773398E-03-2.18794928E-02 1.14881038E-03 1.36153947E-03 0.00000000E+00
 7  2 0.00000000E+00 9.94596942E-01 0.00000000E+00 0.00000000E+00 1.24868572E-02
 7  3 0.00000000E+00 0.00000000E+00-1.62395002E-04-6.74106835E-04-1.36127195E-03
 7  4 2.03537879E-03 0.00000000E+00 0.00000000E+00 0.00000000E+00-2.34575184E-03
 7  5 3.03385393E-03-1.02343691E-03 4.10993572E-03 0.00000000E+00-1.30424830E-03
 7  6-9.49394228E-04 0.00000000E+00-2.84107871E-04 1.65140952E-03-8.40262951E-04
 7  7-8.11146566E-04 0.00000000E+00-1.22430860E-03 0.00000000E+00-2.34575184E-03
 7  8 3.03385393E-03-1.02343691E-03-4.10993572E-03 0.00000000E+00-1.30424830E-03
 7  9 9.49394228E-04 0.00000000E+00-2.84107871E-04 1.65140952E-03-8.40262951E-04
 7 10-8.11146566E-04 0.00000000E+00 1.22430860E-03 0.00000000E+00
 8  1 6.51904312E-02-2.20693008E-01 3.08675722E-01 6.60560259E-02 0.00000000E+00
 8  2 0.00000000E+00-1.12970882E-01 0.00000000E+00 0.00000000E+00 1.48970335E-01
 8  3 0.00000000E+00 0.00000000E+00-1.22228171E-02 5.11496753E-02-4.29039891E-02
 8  4-8.24568630E-03 0.00000000E+00 0.00000000E+00 0.00000000E+00-1.30864626E-01
 8  5 2.37781460E-01 2.06615855E-01 1.56804846E-01 0.00000000E+00-7.12822473E-02
 8  6 3.08998558E-02 0.00000000E+00-1.01577127E-02 1.92740445E-02-1.17621654E-02
 8  7-7.51187913E-03 0.00000000E+00-1.98543191E-02 0.00000000E+00-1.30864626E-01
 8  8 2.37781460E-01 2.06615855E-01-1.56804846E-01 0.00000000E+00-7.12822473E-02
 8  9-3.08998558E-02 0.00000000E+00-1.01577127E-02 1.92740445E-02-1.17621654E-02
 8 10-7.51187913E-03 0.00000000E+00 1.98543191E-02 0.00000000E+00
 9  1 0.00000000E+00 0.00000000E+00 0.00000000E+00 0.00000000E+00-2.35989402E-01
 9  2 0.00000000E+00 0.00000000E+00 3.48061519E-01 0.00000000E+00 0.00000000E+00
 9  3 1.11171308E-02 0.00000000E+00 0.00000000E+00 0.00000000E+00 0.00000000E+00
 9  4 0.00000000E+00 0.00000000E+00 1.08935436E-01 0.00000000E+00 1.54250364E-01
 9  5-2.72345891E-01-2.48540650E-01-1.34995825E-01 0.00000000E+00 9.90866131E-02
 9  6-1.48704864E-02 0.00000000E+00 1.61985621E-02-1.54600381E-02 1.53884105E-02
 9  7 7.16276022E-05 0.00000000E+00 2.49017227E-02 0.00000000E+00-1.54250364E-01
 9  8 2.72345891E-01 2.48540650E-01-1.34995825E-01 0.00000000E+00-9.90866131E-02
 9  9-1.48704864E-02 0.00000000E+00-1.61985621E-02 1.54600381E-02-1.53884105E-02
 9 10-7.16276022E-05 0.00000000E+00 2.49017227E-02 0.00000000E+00
10  1 0.00000000E+00 0.00000000E+00 0.00000000E+00 0.00000000E+00 0.00000000E+00
10  2-2.13466029E-01 0.00000000E+00 0.00000000E+00 4.51663854E-01 0.00000000E+00
10  3 0.00000000E+00 1.17331349E-01 0.00000000E+00 0.00000000E+00 0.00000000E+00
10  4 0.00000000E+00 0.00000000E+00 0.00000000E+00 8.10955426E-02 0.00000000E+00
10  5 0.00000000E+00 0.00000000E+00 0.00000000E+00 3.40805566E-01 0.00000000E+00
10  6 0.00000000E+00 1.60628434E-01 0.00000000E+00 0.00000000E+00 0.00000000E+00
10  7 0.00000000E+00 2.93419130E-02 0.00000000E+00-1.65043636E-02 0.00000000E+00
10  8 0.00000000E+00 0.00000000E+00 0.00000000E+00 3.40805566E-01 0.00000000E+00
10  9 0.00000000E+00 1.60628434E-01 0.00000000E+00 0.00000000E+00 0.00000000E+00
10 10 0.00000000E+00-2.93419130E-02 0.00000000E+00-1.65043636E-02
11  1-3.01201420E-02 9.19188679E-02-1.78714108E-01-2.04498000E-01 0.00000000E+00
11  2 0.00000000E+00-1.78376345E-01 0.00000000E+00 0.00000000E+00 3.78759462E-01
11  3 0.00000000E+00 0.00000000E+00 1.08243442E-01-1.10120450E-01-1.23861451E-02
11  4 1.22506595E-01 0.00000000E+00 0.00000000E+00 0.00000000E+00-1.65372237E-02
11  5 3.69866473E-02 6.43067448E-02 1.27597434E-01 0.00000000E+00 3.00711214E-01
11  6 5.84701995E-02 0.00000000E+00 1.34791255E-01 1.51496580E-02 1.07881995E-03
11  7-1.62284779E-02 0.00000000E+00 1.62203558E-02 0.00000000E+00-1.65372237E-02
11  8 3.69866473E-02 6.43067448E-02-1.27597434E-01 0.00000000E+00 3.00711214E-01
11  9-5.84701995E-02 0.00000000E+00 1.34791255E-01 1.51496580E-02 1.07881995E-03
11 10-1.62284779E-02 0.00000000E+00-1.62203558E-02 0.00000000E+00
12  1 4.12333799E-02-1.10305113E-01 2.61085369E-01 1.40635068E-02 0.00000000E+00
12  2 0.00000000E+00-5.64956221E-02 0.00000000E+00 0.00000000E+00 9.77653141E-02
12  3 0.00000000E+00 0.00000000E+00-5.38450209E-02-5.10309264E-02 1.17207698E-02
12  4 3.93101566E-02 0.00000000E+00 0.00000000E+00 0.00000000E+00 9.17240119E-02
12  5-1.84951520E-01-3.26447102E-01 3.46000760E-01 0.00000000E+00-7.46381720E-02
12  6 1.86561842E-01 0.00000000E+00-3.77615820E-02 2.00290988E-02-1.24093145E-02
12  7-7.61978426E-03 0.00000000E+00-1.27375517E-02 0.00000000E+00 9.17240119E-02
12  8-1.84951520E-01-3.26447102E-01-3.46000760E-01 0.00000000E+00-7.46381720E-02
12  9-1.86561842E-01 0.00000000E+00-3.77615820E-02 2.00290988E-02-1.24093145E-02
12 10-7.61978426E-03 0.00000000E+00 1.27375517E-02 0.00000000E+00
13  1 0.00000000E+00 0.00000000E+00 0.00000000E+00 0.00000000E+00-1.65767610E-01
13  2 0.00000000E+00 0.00000000E+00 3.08023135E-01 0.00000000E+00 0.00000000E+00
13  3-2.96957744E-02 0.00000000E+00 0.00000000E+00 0.00000000E+00 0.00000000E+00
13  4 0.00000000E+00 0.00000000E+00 4.00938586E-03 0.00000000E+00-6.48022264E-02
13  5 1.34716297E-01 2.81821860E-01-2.50289347E-01 0.00000000E+00 3.34201289E-01
13  6-1.14158585E-01 0.00000000E+00 1.83085780E-01-6.30224233E-03 1.56718008E-02
13  7-9.36955843E-03 0.00000000E+00 2.85273457E-02 0.00000000E+00 6.48022264E-02
13  8-1.34716297E-01-2.81821860E-01-2.50289347E-01 0.00000000E+00-3.34201289E-01
13  9-1.14158585E-01 0.00000000E+00-1.83085780E-01 6.30224233E-03-1.56718008E-02
13 10 9.36955843E-03 0.00000000E+00 2.85273457E-02 0.00000000E+00
14  1 0.00000000E+00 0.00000000E+00 0.00000000E+00 0.00000000E+00 0.00000000E+00
14  2 0.00000000E+00 0.00000000E+00 0.00000000E+00 0.00000000E+00 0.00000000E+00
14  3 0.00000000E+00 0.00000000E+00 0.00000000E+00 0.00000000E+00 0.00000000E+00
14  4 0.00000000E+00-1.95156902E-01 0.00000000E+00 0.00000000E+00 0.00000000E+00
14  5 0.00000000E+00 0.00000000E+00 0.00000000E+00 4.62303673E-01 0.00000000E+00
14  6 0.00000000E+00 2.82402463E-01 0.00000000E+00 0.00000000E+00 0.00000000E+00
14  7 0.00000000E+00 2.82598227E-02 0.00000000E+00-1.49859440E-02 0.00000000E+00
14  8 0.00000000E+00 0.00000000E+00 0.00000000E+00-4.62303673E-01 0.00000000E+00
14  9 0.00000000E+00-2.82402463E-01 0.00000000E+00 0.00000000E+00 0.00000000E+00
14 10 0.00000000E+00 2.82598227E-02 0.00000000E+00 1.49859440E-02
15  1 0.00000000E+00 0.00000000E+00 0.00000000E+00 0.00000000E+00 1.76053894E-02
15  2 0.00000000E+00 0.00000000E+00-3.00065347E-03 0.00000000E+00 0.00000000E+00
15  3 9.53669133E-02 0.00000000E+00 0.00000000E+00 0.00000000E+00 0.00000000E+00
15  4 0.00000000E+00 0.00000000E+00-1.73631494E-01 0.00000000E+00-4.81880421E-03
15  5-6.95416387E-03 3.27314920E-04 3.99810250E-01 0.00000000E+00 2.78811594E-01
15  6 2.32215710E-01 0.00000000E+00 1.90404913E-01 4.08150980E-02-1.09001220E-02
15  7-2.99149760E-02 0.00000000E+00-6.85670518E-04 0.00000000E+00 4.81880421E-03
15  8 6.95416387E-03-3.27314920E-04 3.99810250E-01 0.00000000E+00-2.78811594E-01
15  9 2.32215710E-01 0.00000000E+00-1.90404913E-01-4.08150980E-02 1.09001220E-02
15 10 2.99149760E-02 0.00000000E+00-6.85670518E-04 0.00000000E+00
16  1 2.26480369E-02-9.61093175E-02 1.21333398E-01 9.37230866E-01 0.00000000E+00
16  2 0.00000000E+00 1.63735525E-01 0.00000000E+00 0.00000000E+00-3.33928055E-01
16  3 0.00000000E+00 0.00000000E+00-1.85028688E-01-1.97428925E-01 8.90279575E-02
16  4 1.08400968E-01 0.00000000E+00 0.00000000E+00 0.00000000E+00 3.49904452E-02
16  5-5.45748285E-02-2.13857297E-01-8.17326118E-02 0.00000000E+00 3.20222834E-01
16  6-5.65024905E-02 0.00000000E+00 2.55861238E-01-1.59106616E-02 1.42454224E-02
16  7 1.66523927E-03 0.00000000E+00 2.66134305E-02 0.00000000E+00 3.49904452E-02
16  8-5.45748285E-02-2.13857297E-01 8.17326118E-02 0.00000000E+00 3.20222834E-01
16  9 5.65024905E-02 0.00000000E+00 2.55861238E-01-1.59106616E-02 1.42454224E-02
16 10 1.66523927E-03 0.00000000E+00-2.66134305E-02 0.00000000E+00
17  1 0.00000000E+00 0.00000000E+00 0.00000000E+00 0.00000000E+00 0.00000000E+00
17  2-1.78765009E-01 0.00000000E+00 0.00000000E+00 4.85709727E-01 0.00000000E+00
17  3 0.00000000E+00 8.90531400E-01 0.00000000E+00 0.00000000E+00 0.00000000E+00
17  4 0.00000000E+00 0.00000000E+00 0.00000000E+00-1.64089550E-01 0.00000000E+00
17  5 0.00000000E+00 0.00000000E+00 0.00000000E+00-3.38680656E-01 0.00000000E+00
17  6 0.00000000E+00-4.39710750E-01 0.00000000E+00 0.00000000E+00 0.00000000E+00
17  7 0.00000000E+00-9.39318733E-03 0.00000000E+00-2.69506350E-03 0.00000000E+00
17  8 0.00000000E+00 0.00000000E+00 0.00000000E+00-3.38680656E-01 0.00000000E+00
17  9 0.00000000E+00-4.39710750E-01 0.00000000E+00 0.00000000E+00 0.00000000E+00
17 10 0.00000000E+00 9.39318733E-03 0.00000000E+00-2.69506350E-03
18  1 1.18627641E-03-9.57096106E-02-9.55980054E-02 1.82258300E+00 0.00000000E+00
18  2 0.00000000E+00-4.00846890E-02 0.00000000E+00 0.00000000E+00 1.84667068E-01
18  3 0.00000000E+00 0.00000000E+00 1.43483976E+00-7.73294047E-02 2.58568811E-01
18  4-1.81239406E-01 0.00000000E+00 0.00000000E+00 0.00000000E+00 6.90663347E-02
18  5-7.27099905E-02-1.05271364E+00-1.18994484E-01 0.00000000E+00-9.26457989E-02
18  6-3.67178204E-01 0.00000000E+00-1.56310536E-01-2.57240009E-02 2.96980696E-02
18  7-3.97406866E-03 0.00000000E+00 1.18077060E-02 0.00000000E+00 6.90663347E-02
18  8-7.27099905E-02-1.05271364E+00 1.18994484E-01 0.00000000E+00-9.26457989E-02
18  9 3.67178204E-01 0.00000000E+00-1.56310536E-01-2.57240009E-02 2.96980696E-02
18 10-3.97406866E-03 0.00000000E+00-1.18077060E-02 0.00000000E+00
19  1 0.00000000E+00 0.00000000E+00 0.00000000E+00 0.00000000E+00-4.54671699E-02
19  2 0.00000000E+00 0.00000000E+00 1.78281683E-01 0.00000000E+00 0.00000000E+00
19  3 1.76788676E+00 0.00000000E+00 0.00000000E+00 0.00000000E+00 0.00000000E+00
19  4 0.00000000E+00 0.00000000E+00-1.39897430E-01 0.00000000E+00-6.33744567E-02
19  5 7.03297583E-02 9.49930388E-01-1.00396058E-01 0.00000000E+00-2.01131137E-01
19  6-1.22740403E-01 0.00000000E+00-3.06905669E-01 6.86111359E-03-8.49583750E-03
19  7 1.63472391E-03 0.00000000E+00-2.29590314E-02 0.00000000E+00 6.33744567E-02
19  8-7.03297583E-02-9.49930388E-01-1.00396058E-01 0.00000000E+00 2.01131137E-01
19  9-1.22740403E-01 0.00000000E+00 3.06905669E-01-6.86111359E-03 8.49583750E-03
19 10-1.63472391E-03 0.00000000E+00-2.29590314E-02 0.00000000E+00
20  1 0.00000000E+00 0.00000000E+00 0.00000000E+00 0.00000000E+00 0.00000000E+00
20  2-3.06172000E-01 0.00000000E+00 0.00000000E+00 1.14461101E+00 0.00000000E+00
20  3 0.00000000E+00-1.08929640E+00 0.00000000E+00 0.00000000E+00 0.00000000E+00
20  4 0.00000000E+00 0.00000000E+00 0.00000000E+00 3.40148072E-02 0.00000000E+00
20  5 0.00000000E+00 0.00000000E+00 0.00000000E+00-3.69103629E-02 0.00000000E+00
20  6 0.00000000E+00-4.97222576E-02 0.00000000E+00 0.00000000E+00 0.00000000E+00
20  7 0.00000000E+00 3.67582946E-02 0.00000000E+00-2.01750921E-02 0.00000000E+00
20  8 0.00000000E+00 0.00000000E+00 0.00000000E+00-3.69103629E-02 0.00000000E+00
20  9 0.00000000E+00-4.97222576E-02 0.00000000E+00 0.00000000E+00 0.00000000E+00
20 10 0.00000000E+00-3.67582946E-02 0.00000000E+00-2.01750921E-02
21  1-5.24175225E-02-1.37788299E-01-7.37992313E-01 1.22676802E+00 0.00000000E+00
21  2 0.00000000E+00-2.73501820E-01 0.00000000E+00 0.00000000E+00 1.07295518E+00
21  3 0.00000000E+00 0.00000000E+00-7.30975174E-01-1.56659266E-01 2.06801589E-01
21  4-5.01423234E-02 0.00000000E+00 0.00000000E+00 0.00000000E+00 1.56745672E-02
21  5-4.48699323E-02-1.92655583E-01-1.43498701E-02 0.00000000E+00-2.46409007E-02
21  6-2.01227650E-01 0.00000000E+00-2.39156378E-02 1.37676416E-02 1.84625894E-02
21  7-3.22302310E-02 0.00000000E+00 2.52184990E-02 0.00000000E+00 1.56745672E-02
21  8-4.48699323E-02-1.92655583E-01 1.43498701E-02 0.00000000E+00-2.46409007E-02
21  9 2.01227650E-01 0.00000000E+00-2.39156378E-02 1.37676416E-02 1.84625894E-02
21 10-3.22302310E-02 0.00000000E+00-2.52184990E-02 0.00000000E+00
22  1-3.33889850E-02 5.89413375E-02-2.87360055E-01 2.50548412E+00 0.00000000E+00
22  2 0.00000000E+00-2.84110631E-03 0.00000000E+00 0.00000000E+00 2.02657140E-01
22  3 0.00000000E+00 0.00000000E+00 3.81791894E-01 5.90841872E-01-6.65545499E-01
22  4 7.47036270E-02 0.00000000E+00 0.00000000E+00 0.00000000E+00 2.49028694E-02
22  5 2.47791654E-03-1.24544363E+00 2.37988509E-01 0.00000000E+00-1.92416349E-01
22  6-6.26000985E-01 0.00000000E+00 5.72895282E-01-1.77144687E-02-4.77866818E-04
22  7 1.81923355E-02 0.00000000E+00 4.15324798E-02 0.00000000E+00 2.49028694E-02
22  8 2.47791654E-03-1.24544363E+00-2.37988509E-01 0.00000000E+00-1.92416349E-01
22  9 6.26000985E-01 0.00000000E+00 5.72895282E-01-1.77144687E-02-4.77866818E-04
22 10 1.81923355E-02 0.00000000E+00-4.15324798E-02 0.00000000E+00
23  1 0.00000000E+00 0.00000000E+00 0.00000000E+00 0.00000000E+00 7.89681672E-02
23  2 0.00000000E+00 0.00000000E+00 5.15591948E-02 0.00000000E+00 0.00000000E+00
23  3 7.20144826E-01 0.00000000E+00 0.00000000E+00 0.00000000E+00 0.00000000E+00
23  4 0.00000000E+00 0.00000000E+00 7.37761818E-01 0.00000000E+00-1.67889007E-02
23  5-2.27970589E-02 9.93418885E-01-1.99714519E-01 0.00000000E+00 2.32697625E-01
23  6 8.65297537E-01 0.00000000E+00-2.21237445E-01 8.26618051E-03-2.06242196E-02
23  7 1.23580391E-02 0.00000000E+00-2.79267522E-02 0.00000000E+00 1.67889007E-02
23  8 2.27970589E-02-9.93418885E-01-1.99714519E-01 0.00000000E+00-2.32697625E-01
23  9 8.65297537E-01 0.00000000E+00 2.21237445E-01-8.26618051E-03 2.06242196E-02
23 10-1.23580391E-02 0.00000000E+00-2.79267522E-02 0.00000000E+00
24  1 0.00000000E+00 0.00000000E+00 0.00000000E+00 0.00000000E+00 0.00000000E+00
24  2-2.00410519E-02 0.00000000E+00 0.00000000E+00 6.12875480E-02 0.00000000E+00
24  3 0.00000000E+00 3.81699081E-01 0.00000000E+00 0.00000000E+00 0.00000000E+00
24  4 0.00000000E+00 0.00000000E+00 0.00000000E+00 9.97603846E-01 0.00000000E+00
24  5 0.00000000E+00 0.00000000E+00 0.00000000E+00-3.05173557E-01 0.00000000E+00
24  6 0.00000000E+00-2.02586174E-01 0.00000000E+00 0.00000000E+00 0.00000000E+00
24  7 0.00000000E+00 4.63520659E-02 0.00000000E+00 5.51755033E-02 0.00000000E+00
24  8 0.00000000E+00 0.00000000E+00 0.00000000E+00-3.05173557E-01 0.00000000E+00
24  9 0.00000000E+00-2.02586174E-01 0.00000000E+00 0.00000000E+00 0.00000000E+00
24 10 0.00000000E+00-4.63520659E-02 0.00000000E+00 5.51755033E-02
25  1 8.42223379E-02 4.42408713E-01 1.47617643E+00 6.73543273E-02 0.00000000E+00
25  2 0.00000000E+00-6.96420303E-02 0.00000000E+00 0.00000000E+00 4.79029926E-01
25  3 0.00000000E+00 0.00000000E+00 4.26556848E-01-3.16752005E-01-3.91884964E-02
25  4 3.55940501E-01 0.00000000E+00 0.00000000E+00 0.00000000E+00 4.49984277E-02
25  5-3.09760192E-02-5.44333941E-01 2.15924747E-01 0.00000000E+00 1.28685701E-01
25  6-1.02245537E+00 0.00000000E+00-7.27501476E-02 9.83529365E-03 4.48345225E-04
25  7-1.02836389E-02 0.00000000E+00-5.15782428E-03 0.00000000E+00 4.49984277E-02
25  8-3.09760192E-02-5.44333941E-01-2.15924747E-01 0.00000000E+00 1.28685701E-01
25  9 1.02245537E+00 0.00000000E+00-7.27501476E-02 9.83529365E-03 4.48345225E-04
25 10-1.02836389E-02 0.00000000E+00 5.15782428E-03 0.00000000E+00
26  1 0.00000000E+00 0.00000000E+00 0.00000000E+00 0.00000000E+00-2.33173153E-01
26  2 0.00000000E+00 0.00000000E+00 1.25520421E+00 0.00000000E+00 0.00000000E+00
26  3-3.39781400E-01 0.00000000E+00 0.00000000E+00 0.00000000E+00 0.00000000E+00
26  4 0.00000000E+00 0.00000000E+00-3.43267346E-01 0.00000000E+00-5.12679331E-02
26  5 7.19957324E-02 4.83838975E-01-4.76602963E-02 0.00000000E+00 1.82182520E-01
26  6 7.20147716E-01 0.00000000E+00-8.59151280E-01 3.29059985E-02 6.40081256E-03
26  7-3.93068110E-02 0.00000000E+00 1.07911649E-02 0.00000000E+00 5.12679331E-02
26  8-7.19957324E-02-4.83838975E-01-4.76602963E-02 0.00000000E+00-1.82182520E-01
26  9 7.20147716E-01 0.00000000E+00 8.59151280E-01-3.29059985E-02-6.40081256E-03
26 10 3.93068110E-02 0.00000000E+00 1.07911649E-02 0.00000000E+00
27  1 0.00000000E+00 0.00000000E+00 0.00000000E+00 0.00000000E+00 0.00000000E+00
27  2 0.00000000E+00 0.00000000E+00 0.00000000E+00 0.00000000E+00 0.00000000E+00
27  3 0.00000000E+00 0.00000000E+00 0.00000000E+00 0.00000000E+00 0.00000000E+00
27  4 0.00000000E+00 7.67144143E-01 0.00000000E+00 0.00000000E+00 0.00000000E+00
27  5 0.00000000E+00 0.00000000E+00 0.00000000E+00-2.88398967E-01 0.00000000E+00
27  6 0.00000000E+00 9.04671766E-01 0.00000000E+00 0.00000000E+00 0.00000000E+00
27  7 0.00000000E+00-2.53994184E-02 0.00000000E+00 2.62683634E-02 0.00000000E+00
27  8 0.00000000E+00 0.00000000E+00 0.00000000E+00 2.88398967E-01 0.00000000E+00
27  9 0.00000000E+00-9.04671766E-01 0.00000000E+00 0.00000000E+00 0.00000000E+00
27 10 0.00000000E+00-2.53994184E-02 0.00000000E+00-2.62683634E-02
28  1 4.45090374E-02 3.42392403E-01 9.10253458E-01-2.34752477E-01 0.00000000E+00
28  2 0.00000000E+00-2.16703735E-02 0.00000000E+00 0.00000000E+00 1.53106003E-01
28  3 0.00000000E+00 0.00000000E+00-8.99524772E-01 3.47121110E-01 5.37392469E-01
28  4-8.84513579E-01 0.00000000E+00 0.00000000E+00 0.00000000E+00 2.77379788E-03
28  5 1.10359311E-01-1.34758279E-01 1.06066900E-01 0.00000000E+00-5.90992058E-02
28  6-2.00516441E-01 0.00000000E+00 9.05618392E-01-1.84775647E-02 3.25034225E-02
28  7-1.40258578E-02 0.00000000E+00-4.85502479E-02 0.00000000E+00 2.77379788E-03
28  8 1.10359311E-01-1.34758279E-01-1.06066900E-01 0.00000000E+00-5.90992058E-02
28  9 2.00516441E-01 0.00000000E+00 9.05618392E-01-1.84775647E-02 3.25034225E-02
28 10-1.40258578E-02 0.00000000E+00 4.85502479E-02 0.00000000E+00
29  1 0.00000000E+00 0.00000000E+00 0.00000000E+00 0.00000000E+00 0.00000000E+00
29  2-4.18696421E-02 0.00000000E+00 0.00000000E+00 5.14876744E-02 0.00000000E+00
29  3 0.00000000E+00-1.15070429E+00 0.00000000E+00 0.00000000E+00 0.00000000E+00
29  4 0.00000000E+00 0.00000000E+00 0.00000000E+00-2.75159970E-01 0.00000000E+00
29  5 0.00000000E+00 0.00000000E+00 0.00000000E+00-5.94470373E-01 0.00000000E+00
29  6 0.00000000E+00 1.15132698E+00 0.00000000E+00 0.00000000E+00 0.00000000E+00
29  7 0.00000000E+00-1.49302538E-02 0.00000000E+00 2.03982228E-02 0.00000000E+00
29  8 0.00000000E+00 0.00000000E+00 0.00000000E+00-5.94470373E-01 0.00000000E+00
29  9 0.00000000E+00 1.15132698E+00 0.00000000E+00 0.00000000E+00 0.00000000E+00
29 10 0.00000000E+00 1.49302538E-02 0.00000000E+00 2.03982228E-02
30  1 0.00000000E+00 0.00000000E+00 0.00000000E+00 0.00000000E+00 0.00000000E+00
30  2 0.00000000E+00 0.00000000E+00 0.00000000E+00 0.00000000E+00 0.00000000E+00
30  3 0.00000000E+00 0.00000000E+00 0.00000000E+00 0.00000000E+00 0.00000000E+00
30  4 0.00000000E+00 7.98867893E-01 0.00000000E+00 0.00000000E+00 0.00000000E+00
30  5 0.00000000E+00 0.00000000E+00 0.00000000E+00 6.17617185E-01 0.00000000E+00
30  6 0.00000000E+00-2.62053078E-01 0.00000000E+00 0.00000000E+00 0.00000000E+00
30  7 0.00000000E+00 5.67932798E-03 0.00000000E+00 6.57141891E-02 0.00000000E+00
30  8 0.00000000E+00 0.00000000E+00 0.00000000E+00-6.17617185E-01 0.00000000E+00
30  9 0.00000000E+00 2.62053078E-01 0.00000000E+00 0.00000000E+00 0.00000000E+00
30 10 0.00000000E+00 5.67932798E-03 0.00000000E+00-6.57141891E-02
31  1 5.09012845E-02 2.01013448E-01 8.20602795E-01-5.22872770E-01 0.00000000E+00
31  2 0.00000000E+00-1.08227623E-01 0.00000000E+00 0.00000000E+00 3.78211373E-01
31  3 0.00000000E+00 0.00000000E+00-5.88364083E-01-2.94245079E-01-7.86504385E-02
31  4 3.72895517E-01 0.00000000E+00 0.00000000E+00 0.00000000E+00 2.20679206E-02
31  5-1.19814674E-01 1.23274184E-01-4.36300884E-01 0.00000000E+00-4.95336780E-01
31  6 5.22937703E-02 0.00000000E+00 5.77714184E-01 7.10174626E-02-4.10325774E-02
31  7-2.99848852E-02 0.00000000E+00 3.97694530E-02 0.00000000E+00 2.20679206E-02
31  8-1.19814674E-01 1.23274184E-01 4.36300884E-01 0.00000000E+00-4.95336780E-01
31  9-5.22937703E-02 0.00000000E+00 5.77714184E-01 7.10174626E-02-4.10325774E-02
31 10-2.99848852E-02 0.00000000E+00-3.97694530E-02 0.00000000E+00
32  1 0.00000000E+00 0.00000000E+00 0.00000000E+00 0.00000000E+00 1.28230609E-01
32  2 0.00000000E+00 0.00000000E+00-6.25150233E-01 0.00000000E+00 0.00000000E+00
32  3 1.05482688E+00 0.00000000E+00 0.00000000E+00 0.00000000E+00 0.00000000E+00
32  4 0.00000000E+00 0.00000000E+00 1.21701050E-01 0.00000000E+00 1.23159431E-02
32  5 1.35746167E-02 1.75955152E-02 2.72896641E-01 0.00000000E+00 5.40478068E-01
32  6-9.68997911E-01 0.00000000E+00-6.18400439E-01 5.40126811E-02-4.49324857E-02
32  7-9.08019534E-03 0.00000000E+00 2.52247510E-02 0.00000000E+00-1.23159431E-02
32  8-1.35746167E-02-1.75955152E-02 2.72896641E-01 0.00000000E+00-5.40478068E-01
32  9-9.68997911E-01 0.00000000E+00 6.18400439E-01-5.40126811E-02 4.49324857E-02
32 10 9.08019534E-03 0.00000000E+00 2.52247510E-02 0.00000000E+00
33  1 0.00000000E+00 0.00000000E+00 0.00000000E+00 0.00000000E+00-1.61446416E-01
33  2 0.00000000E+00 0.00000000E+00 9.70475836E-01 0.00000000E+00 0.00000000E+00
33  3 1.31173328E+00 0.00000000E+00 0.00000000E+00 0.00000000E+00 0.00000000E+00
33  4 0.00000000E+00 0.00000000E+00 4.63259999E-01 0.00000000E+00-4.87065267E-03
33  5-9.21807516E-01 2.42779902E+00 4.06988993E-01 0.00000000E+00-1.32013321E-01
33  6 2.11231369E-01 0.00000000E+00-4.11573619E-01-1.20328572E-01 1.16257248E-01
33  7 4.07132412E-03 0.00000000E+00 1.66741762E-01 0.00000000E+00 4.87065267E-03
33  8 9.21807516E-01-2.42779902E+00 4.06988993E-01 0.00000000E+00 1.32013321E-01
33  9 2.11231369E-01 0.00000000E+00 4.11573619E-01 1.20328572E-01-1.16257248E-01
33 10-4.07132412E-03 0.00000000E+00 1.66741762E-01 0.00000000E+00
34  1 5.56897102E-02-2.63124616E-02 6.34905563E-01 4.89412988E-01 0.00000000E+00
34  2 0.00000000E+00-1.66004797E-01 0.00000000E+00 0.00000000E+00 7.57454248E-01
34  3 0.00000000E+00 0.00000000E+00-1.81190582E-02 9.65802016E-01-6.02194917E-01
34  4-3.63607099E-01 0.00000000E+00 0.00000000E+00 0.00000000E+00 1.69442499E-02
34  5-5.84463567E-01-3.56694479E-01-4.57790506E-01 0.00000000E+00 4.45748903E-01
34  6 7.21286891E-03 0.00000000E+00 1.50769881E-02 7.59969736E-02-2.56089181E-01
34  7 1.80092207E-01 0.00000000E+00-1.60636289E-02 0.00000000E+00 1.69442499E-02
34  8-5.84463567E-01-3.56694479E-01 4.57790506E-01 0.00000000E+00 4.45748903E-01
34  9-7.21286891E-03 0.00000000E+00 1.50769881E-02 7.59969736E-02-2.56089181E-01
34 10 1.80092207E-01 0.00000000E+00 1.60636289E-02 0.00000000E+00
35  1 1.62806626E-02 8.89604001E-02 2.90429331E-01 3.04947314E+00 0.00000000E+00
35  2 0.00000000E+00-7.98328555E-02 0.00000000E+00 0.00000000E+00 5.70894250E-01
35  3 0.00000000E+00 0.00000000E+00 1.09542313E+00 2.53870041E-01-3.51498038E-01
35  4 9.76279976E-02 0.00000000E+00 0.00000000E+00 0.00000000E+00 1.26262935E-02
35  5 1.17474264E+00-2.95083055E+00-2.43233374E-01 0.00000000E+00 1.62964669E-01
35  6-6.16734110E-01 0.00000000E+00 7.28352145E-02 1.25119646E-01-2.25933099E-02
35  7-1.02526336E-01 0.00000000E+00-1.38884793E-01 0.00000000E+00 1.26262935E-02
35  8 1.17474264E+00-2.95083055E+00 2.43233374E-01 0.00000000E+00 1.62964669E-01
35  9 6.16734110E-01 0.00000000E+00 7.28352145E-02 1.25119646E-01-2.25933099E-02
35 10-1.02526336E-01 0.00000000E+00 1.38884793E-01 0.00000000E+00
36  1 0.00000000E+00 0.00000000E+00 0.00000000E+00 0.00000000E+00-1.74600113E-01
36  2 0.00000000E+00 0.00000000E+00 6.70671843E-01 0.00000000E+00 0.00000000E+00
36  3-2.06875135E-01 0.00000000E+00 0.00000000E+00 0.00000000E+00 0.00000000E+00
36  4 0.00000000E+00 0.00000000E+00 5.30206254E-01 0.00000000E+00-2.04783529E-03
36  5 6.44301439E-01-2.76055509E-01 3.21306290E-01 0.00000000E+00-1.77808230E-01
36  6-3.71983018E-02 0.00000000E+00 1.22104744E-01 3.09908953E-02-4.25360940E-01
36  7 3.94370044E-01 0.00000000E+00 2.84120801E-01 0.00000000E+00 2.04783529E-03
36  8-6.44301439E-01 2.76055509E-01 3.21306290E-01 0.00000000E+00 1.77808230E-01
36  9-3.71983018E-02 0.00000000E+00-1.22104744E-01-3.09908953E-02 4.25360940E-01
36 10-3.94370044E-01 0.00000000E+00 2.84120801E-01 0.00000000E+00
37  1 0.00000000E+00 0.00000000E+00 0.00000000E+00 0.00000000E+00 0.00000000E+00
37  2 0.00000000E+00 0.00000000E+00 0.00000000E+00 0.00000000E+00 0.00000000E+00
37  3 0.00000000E+00 0.00000000E+00 0.00000000E+00 0.00000000E+00 0.00000000E+00
37  4 0.00000000E+00 4.19945040E-02 0.00000000E+00 0.00000000E+00 0.00000000E+00
37  5 0.00000000E+00 0.00000000E+00 0.00000000E+00-5.84436587E-02 0.00000000E+00
37  6 0.00000000E+00 1.00911418E-01 0.00000000E+00 0.00000000E+00 0.00000000E+00
37  7 0.00000000E+00 5.52261114E-01 0.00000000E+00 4.51140085E-01 0.00000000E+00
37  8 0.00000000E+00 0.00000000E+00 0.00000000E+00 5.84436587E-02 0.00000000E+00
37  9 0.00000000E+00-1.00911418E-01 0.00000000E+00 0.00000000E+00 0.00000000E+00
37 10 0.00000000E+00 5.52261114E-01 0.00000000E+00-4.51140085E-01
38  1 0.00000000E+00 0.00000000E+00 0.00000000E+00 0.00000000E+00 0.00000000E+00
38  2-2.97031643E-02 0.00000000E+00 0.00000000E+00 2.09010243E-01 0.00000000E+00
38  3 0.00000000E+00 3.90318431E-03 0.00000000E+00 0.00000000E+00 0.00000000E+00
38  4 0.00000000E+00 0.00000000E+00 0.00000000E+00-1.85042908E-01 0.00000000E+00
38  5 0.00000000E+00 0.00000000E+00 0.00000000E+00 6.27563185E-02 0.00000000E+00
38  6 0.00000000E+00-8.47459664E-02 0.00000000E+00 0.00000000E+00 0.00000000E+00
38  7 0.00000000E+00 1.26216089E-01 0.00000000E+00 7.05782038E-01 0.00000000E+00
38  8 0.00000000E+00 0.00000000E+00 0.00000000E+00 6.27563185E-02 0.00000000E+00
38  9 0.00000000E+00-8.47459664E-02 0.00000000E+00 0.00000000E+00 0.00000000E+00
38 10 0.00000000E+00-1.26216089E-01 0.00000000E+00 7.05782038E-01
39  1 1.42468025E-02-8.14228536E-02 7.57467710E-02-1.45826539E-01 0.00000000E+00
39  2 0.00000000E+00-5.77053063E-02 0.00000000E+00 0.00000000E+00 2.12199655E-01
39  3 0.00000000E+00 0.00000000E+00-8.69210823E-02 3.68879752E-01-5.35389955E-01
39  4 1.66510202E-01 0.00000000E+00 0.00000000E+00 0.00000000E+00-1.78811237E-03
39  5-4.39214073E-01 2.67818969E-01-2.02739304E-01 0.00000000E+00 1.07540569E-01
39  6 1.43594109E-01 0.00000000E+00-4.96910271E-02-1.51151029E-01 5.63433529E-01
39  7-4.12282501E-01 0.00000000E+00-3.64191795E-01 0.00000000E+00-1.78811237E-03
39  8-4.39214073E-01 2.67818969E-01 2.02739304E-01 0.00000000E+00 1.07540569E-01
39  9-1.43594109E-01 0.00000000E+00-4.96910271E-02-1.51151029E-01 5.63433529E-01
39 10-4.12282501E-01 0.00000000E+00 3.64191795E-01 0.00000000E+00
40  1 0.00000000E+00 0.00000000E+00 0.00000000E+00 0.00000000E+00 1.21676988E-01
40  2 0.00000000E+00 0.00000000E+00-2.90106655E-01 0.00000000E+00 0.00000000E+00
40  3-1.94447647E-02 0.00000000E+00 0.00000000E+00 0.00000000E+00 0.00000000E+00
40  4 0.00000000E+00 0.00000000E+00-1.92566936E-02 0.00000000E+00 1.01007847E-03
40  5-4.66758800E-01 4.90842871E-01-2.20696995E-01 0.00000000E+00-1.77482253E-02
40  6 4.43553341E-01 0.00000000E+00 1.26183434E-01 6.61128216E-01-3.40455888E-01
40  7-3.20672328E-01 0.00000000E+00 2.94635436E-01 0.00000000E+00-1.01007847E-03
40  8 4.66758800E-01-4.90842871E-01-2.20696995E-01 0.00000000E+00 1.77482253E-02
40  9 4.43553341E-01 0.00000000E+00-1.26183434E-01-6.61128216E-01 3.40455888E-01
40 10 3.20672328E-01 0.00000000E+00 2.94635436E-01 0.00000000E+00
41  1 0.00000000E+00 0.00000000E+00 0.00000000E+00 0.00000000E+00-1.21044063E-01
41  2 0.00000000E+00 0.00000000E+00-6.38045953E-03 0.00000000E+00 0.00000000E+00
41  3-1.79047579E-01 0.00000000E+00 0.00000000E+00 0.00000000E+00 0.00000000E+00
41  4 0.00000000E+00 0.00000000E+00 9.65226761E-01 0.00000000E+00 2.45223980E-02
41  5 8.81098492E-01-7.66276468E-01 3.18704913E-01 0.00000000E+00-1.41877958E-01
41  6-2.63323712E-01 0.00000000E+00 4.05216278E-01 1.19224408E-01 4.41906130E-01
41  7-5.61130538E-01 0.00000000E+00 2.91958612E-01 0.00000000E+00-2.45223980E-02
41  8-8.81098492E-01 7.66276468E-01 3.18704913E-01 0.00000000E+00 1.41877958E-01
41  9-2.63323712E-01 0.00000000E+00-4.05216278E-01-1.19224408E-01-4.41906130E-01
41 10 5.61130538E-01 0.00000000E+00 2.91958612E-01 0.00000000E+00
42  1 0.00000000E+00 0.00000000E+00 0.00000000E+00 0.00000000E+00 0.00000000E+00
42  2 1.10870656E-01 0.00000000E+00 0.00000000E+00-7.49332846E-01 0.00000000E+00
42  3 0.00000000E+00-2.23020075E-01 0.00000000E+00 0.00000000E+00 0.00000000E+00
42  4 0.00000000E+00 0.00000000E+00 0.00000000E+00-6.11405344E-01 0.00000000E+00
42  5 0.00000000E+00 0.00000000E+00 0.00000000E+00 3.12898131E-02 0.00000000E+00
42  6 0.00000000E+00 4.04427055E-01 0.00000000E+00 0.00000000E+00 0.00000000E+00
42  7 0.00000000E+00 8.42507710E-01 0.00000000E+00-1.81266897E-01 0.00000000E+00
42  8 0.00000000E+00 0.00000000E+00 0.00000000E+00 3.12898131E-02 0.00000000E+00
42  9 0.00000000E+00 4.04427055E-01 0.00000000E+00 0.00000000E+00 0.00000000E+00
42 10 0.00000000E+00-8.42507710E-01 0.00000000E+00-1.81266897E-01
43  1 0.00000000E+00 0.00000000E+00 0.00000000E+00 0.00000000E+00 0.00000000E+00
43  2 0.00000000E+00 0.00000000E+00 0.00000000E+00 0.00000000E+00 0.00000000E+00
43  3 0.00000000E+00 0.00000000E+00 0.00000000E+00 0.00000000E+00 0.00000000E+00
43  4 0.00000000E+00 9.88458039E-01 0.00000000E+00 0.00000000E+00 0.00000000E+00
43  5 0.00000000E+00 0.00000000E+00 0.00000000E+00 1.06780072E-01 0.00000000E+00
43  6 0.00000000E+00 3.76182961E-01 0.00000000E+00 0.00000000E+00 0.00000000E+00
43  7 0.00000000E+00 6.06258312E-01 0.00000000E+00-6.54082735E-01 0.00000000E+00
43  8 0.00000000E+00 0.00000000E+00 0.00000000E+00-1.06780072E-01 0.00000000E+00
43  9 0.00000000E+00-3.76182961E-01 0.00000000E+00 0.00000000E+00 0.00000000E+00
43 10 0.00000000E+00 6.06258312E-01 0.00000000E+00 6.54082735E-01
44  1 9.09971701E-02 9.66197229E-01 2.41107115E+00 1.61190102E+00 0.00000000E+00
44  2 0.00000000E+00-5.43418503E-02 0.00000000E+00 0.00000000E+00 1.31548836E+00
44  3 0.00000000E+00 0.00000000E+00 1.97944090E-01 6.98756271E-01-5.28032909E-01
44  4-1.70723362E-01 0.00000000E+00 0.00000000E+00 0.00000000E+00 3.91080725E-02
44  5 3.29251673E-01-2.29025836E+00-4.09527378E-01 0.00000000E+00 2.59936834E-01
44  6-9.51356954E-01 0.00000000E+00 5.98780270E-01-5.88010029E-01 5.08356183E-01
44  7 7.96538465E-02 0.00000000E+00 7.07417268E-01 0.00000000E+00 3.91080725E-02
44  8 3.29251673E-01-2.29025836E+00 4.09527378E-01 0.00000000E+00 2.59936834E-01
44  9 9.51356954E-01 0.00000000E+00 5.98780270E-01-5.88010029E-01 5.08356183E-01
44 10 7.96538465E-02 0.00000000E+00-7.07417268E-01 0.00000000E+00
45  1 0.00000000E+00 0.00000000E+00 0.00000000E+00 0.00000000E+00-1.91682768E-01
45  2 0.00000000E+00 0.00000000E+00 2.66667660E+00 0.00000000E+00 0.00000000E+00
45  3 3.61733832E-01 0.00000000E+00 0.00000000E+00 0.00000000E+00 0.00000000E+00
45  4 0.00000000E+00 0.00000000E+00 1.18216886E+00 0.00000000E+00-2.15555254E-02
45  5 5.04472682E-02 2.18635459E+00 6.28657860E-01 0.00000000E+00-3.19165255E-01
45  6 9.62801912E-01 0.00000000E+00-4.94236240E-01 5.39750052E-01-3.26973766E-01
45  7-2.12776286E-01 0.00000000E+00-7.08889552E-01 0.00000000E+00 2.15555254E-02
45  8-5.04472682E-02-2.18635459E+00 6.28657860E-01 0.00000000E+00 3.19165255E-01
45  9 9.62801912E-01 0.00000000E+00 4.94236240E-01-5.39750052E-01 3.26973766E-01
45 10 2.12776286E-01 0.00000000E+00-7.08889552E-01 0.00000000E+00
46  1 9.52353000E-03 2.20267867E-03 1.21619795E-01-1.61949275E-01 0.00000000E+00
46  2 0.00000000E+00 1.00203224E-01 0.00000000E+00 0.00000000E+00-7.10030871E-01
46  3 0.00000000E+00 0.00000000E+00-3.52771149E-01 1.12631350E+00-9.10072275E-02
46  4-1.03530627E+00 0.00000000E+00 0.00000000E+00 0.00000000E+00-2.11076991E-02
46  5-2.54579320E-01 2.03546251E-01 3.72956041E-02 0.00000000E+00 2.45493399E-01
46  6 2.58773833E-01 0.00000000E+00 4.20772601E-01 7.35626273E-01 7.17461176E-03
46  7-7.42800885E-01 0.00000000E+00 4.83267008E-01 0.00000000E+00-2.11076991E-02
46  8-2.54579320E-01 2.03546251E-01-3.72956041E-02 0.00000000E+00 2.45493399E-01
46  9-2.58773833E-01 0.00000000E+00 4.20772601E-01 7.35626273E-01 7.17461176E-03
46 10-7.42800885E-01 0.00000000E+00-4.83267008E-01 0.00000000E+00
 $END   
 POPULATION ANALYSIS
S           15.56949   0.43051  15.40807   0.59193
O            8.21525  -0.21525   8.29596  -0.29596
O            8.21525  -0.21525   8.29596  -0.29596
 MOMENTS AT POINT    1 X,Y,Z=  0.000000  0.000000  0.000000
 DIPOLE       0.000000  0.000000 -0.446681
