 $DATA  
Title                                                                           
CNV      2

S          16.0      0.0000000000      0.0000000000     -0.0566669540
   PC1     0
        
O           8.0      1.2950531075      0.0000000000      0.0566355116
   PC1     0
        
 $END      
 $ZMAT   IZMAT(1)=
         1,   3,   1,
         1,   2,   1,
         2,   2,   1,   3,
 $END
--- CLOSED SHELL ORBITALS --- GENERATED AT Thu Feb 26 00:15:00 2015
Title                                                                           
E(R-PBE)=     -548.0477024701, E(NUC)=  117.2828705054,   26 ITERS
 $VEC   
 1  1 1.00299858E+00-1.02241279E-02 2.10510541E-03-1.59222443E-04 0.00000000E+00
 1  2 0.00000000E+00 3.67954074E-05 0.00000000E+00 0.00000000E+00 4.42809278E-05
 1  3 0.00000000E+00 0.00000000E+00 1.97592138E-05 4.69526206E-04-2.36190625E-04
 1  4-2.33335581E-04 0.00000000E+00 0.00000000E+00 0.00000000E+00 2.07155093E-05
 1  5 2.39022430E-05-5.60217268E-04-1.95347398E-04 0.00000000E+00 2.21292490E-05
 1  6-4.20645686E-04 0.00000000E+00 4.47707095E-05-1.96978199E-04 1.01097692E-04
 1  7 9.58805064E-05 0.00000000E+00 4.53855593E-05 0.00000000E+00 2.07155093E-05
 1  8 2.39022430E-05-5.60217268E-04 1.95347398E-04 0.00000000E+00 2.21292490E-05
 1  9 4.20645686E-04 0.00000000E+00 4.47707095E-05-1.96978199E-04 1.01097692E-04
 1 10 9.58805064E-05 0.00000000E+00-4.53855593E-05 0.00000000E+00
 2  1 0.00000000E+00 0.00000000E+00 0.00000000E+00 0.00000000E+00-1.28554645E-04
 2  2 0.00000000E+00 0.00000000E+00-1.58795563E-03 0.00000000E+00 0.00000000E+00
 2  3-9.82472008E-03 0.00000000E+00 0.00000000E+00 0.00000000E+00 0.00000000E+00
 2  4 0.00000000E+00 0.00000000E+00 1.73333617E-04 0.00000000E+00 7.03301657E-01
 2  5 2.72128963E-02-1.69883758E-02 8.20996365E-04 0.00000000E+00-3.39254455E-05
 2  6-2.95140591E-03 0.00000000E+00 6.60736392E-04-1.70831227E-04 9.95245438E-05
 2  7 7.13066832E-05 0.00000000E+00 1.54510019E-04 0.00000000E+00-7.03301657E-01
 2  8-2.72128963E-02 1.69883758E-02 8.20996365E-04 0.00000000E+00 3.39254455E-05
 2  9-2.95140591E-03 0.00000000E+00-6.60736392E-04 1.70831227E-04-9.95245438E-05
 2 10-7.13066832E-05 0.00000000E+00 1.54510019E-04 0.00000000E+00
 3  1-6.10503107E-05 6.17801997E-04-4.44402949E-05 7.51121521E-03 0.00000000E+00
 3  2 0.00000000E+00 1.60484802E-05 0.00000000E+00 0.00000000E+00 9.69886344E-05
 3  3 0.00000000E+00 0.00000000E+00 8.15242097E-04-1.77904042E-03 8.74396596E-04
 3  4 9.04643827E-04 0.00000000E+00 0.00000000E+00 0.00000000E+00 7.03183417E-01
 3  5 2.62724805E-02-1.14949459E-02 1.63611133E-03 0.00000000E+00-8.11301251E-06
 3  6-3.14123262E-03 0.00000000E+00-1.82577083E-04 2.17866831E-05-1.99985455E-05
 3  7-1.78813761E-06 0.00000000E+00-1.30781078E-04 0.00000000E+00 7.03183417E-01
 3  8 2.62724805E-02-1.14949459E-02-1.63611133E-03 0.00000000E+00-8.11301251E-06
 3  9 3.14123262E-03 0.00000000E+00-1.82577083E-04 2.17866831E-05-1.99985455E-05
 3 10-1.78813761E-06 0.00000000E+00 1.30781078E-04 0.00000000E+00
 4  1-2.73971762E-01 1.03946257E+00 4.19202892E-02-7.01775616E-03 0.00000000E+00
 4  2 0.00000000E+00 8.02751549E-03 0.00000000E+00 0.00000000E+00 9.69278024E-04
 4  3 0.00000000E+00 0.00000000E+00-1.36451284E-04 3.66067002E-03-1.82703375E-03
 4  4-1.83363627E-03 0.00000000E+00 0.00000000E+00 0.00000000E+00-4.80788960E-04
 4  5-4.05818698E-05-2.89408459E-03-4.87140314E-04 0.00000000E+00 6.59083608E-05
 4  6-2.83028162E-03 0.00000000E+00 3.35733106E-04 1.41785643E-04-6.46893690E-05
 4  7-7.70962738E-05 0.00000000E+00 5.34186775E-05 0.00000000E+00-4.80788960E-04
 4  8-4.05818698E-05-2.89408459E-03 4.87140314E-04 0.00000000E+00 6.59083608E-05
 4  9 2.83028162E-03 0.00000000E+00 3.35733106E-04 1.41785643E-04-6.46893690E-05
 4 10-7.70962738E-05 0.00000000E+00-5.34186775E-05 0.00000000E+00
 5  1 0.00000000E+00 0.00000000E+00 0.00000000E+00 0.00000000E+00 9.95887205E-01
 5  2 0.00000000E+00 0.00000000E+00 9.84692083E-03 0.00000000E+00 0.00000000E+00
 5  3-9.48314202E-04 0.00000000E+00 0.00000000E+00 0.00000000E+00 0.00000000E+00
 5  4 0.00000000E+00 0.00000000E+00 8.98953885E-04 0.00000000E+00 1.33173788E-03
 5  5-1.48865347E-03-9.30844678E-04-2.80817356E-03 0.00000000E+00 3.06389956E-04
 5  6-1.54838766E-04 0.00000000E+00 2.27114621E-04-1.56973330E-03 8.10980057E-04
 5  7 7.58753246E-04 0.00000000E+00 4.23384768E-04 0.00000000E+00-1.33173788E-03
 5  8 1.48865347E-03 9.30844678E-04-2.80817356E-03 0.00000000E+00-3.06389956E-04
 5  9-1.54838766E-04 0.00000000E+00-2.27114621E-04 1.56973330E-03-8.10980057E-04
 5 10-7.58753246E-04 0.00000000E+00 4.23384768E-04 0.00000000E+00
 6  1 0.00000000E+00 0.00000000E+00 0.00000000E+00 0.00000000E+00 0.00000000E+00
 6  2 9.96984457E-01 0.00000000E+00 0.00000000E+00 8.57094129E-03 0.00000000E+00
 6  3 0.00000000E+00-2.37814348E-04 0.00000000E+00 0.00000000E+00 0.00000000E+00
 6  4 0.00000000E+00 0.00000000E+00 0.00000000E+00 5.83777197E-04 0.00000000E+00
 6  5 0.00000000E+00 0.00000000E+00 0.00000000E+00 3.27532045E-04 0.00000000E+00
 6  6 0.00000000E+00 8.50811835E-05 0.00000000E+00 0.00000000E+00 0.00000000E+00
 6  7 0.00000000E+00 5.01491476E-04 0.00000000E+00-7.36383110E-05 0.00000000E+00
 6  8 0.00000000E+00 0.00000000E+00 0.00000000E+00 3.27532045E-04 0.00000000E+00
 6  9 0.00000000E+00 8.50811835E-05 0.00000000E+00 0.00000000E+00 0.00000000E+00
 6 10 0.00000000E+00-5.01491476E-04 0.00000000E+00-7.36383110E-05
 7  1 2.31625699E-03-8.64323846E-03 4.31729484E-04-7.47880328E-04 0.00000000E+00
 7  2 0.00000000E+00 9.96960031E-01 0.00000000E+00 0.00000000E+00 8.51748669E-03
 7  3 0.00000000E+00 0.00000000E+00-2.44117881E-04-5.22444966E-04-2.44673153E-04
 7  4 7.67118118E-04 0.00000000E+00 0.00000000E+00 0.00000000E+00-1.09101573E-04
 7  5 1.52557585E-04 3.84625407E-04 3.41031796E-04 0.00000000E+00 2.94336565E-04
 7  6 1.42810259E-04 0.00000000E+00 6.49085114E-05 1.96089790E-04-3.58630368E-05
 7  7-1.60226753E-04 0.00000000E+00 4.68075468E-04 0.00000000E+00-1.09101573E-04
 7  8 1.52557585E-04 3.84625407E-04-3.41031796E-04 0.00000000E+00 2.94336565E-04
 7  9-1.42810259E-04 0.00000000E+00 6.49085114E-05 1.96089790E-04-3.58630368E-05
 7 10-1.60226753E-04 0.00000000E+00-4.68075468E-04 0.00000000E+00
 8  1 5.72226320E-02-1.71841808E-01 3.17924875E-01 1.35879944E-01 0.00000000E+00
 8  2 0.00000000E+00-1.91119441E-02 0.00000000E+00 0.00000000E+00 3.70684750E-02
 8  3 0.00000000E+00 0.00000000E+00-2.71563423E-04 1.00243666E-01-5.07331290E-02
 8  4-4.95105374E-02 0.00000000E+00 0.00000000E+00 0.00000000E+00-1.26007735E-01
 8  5 2.43154810E-01 2.29550035E-01 1.27906931E-01 0.00000000E+00-5.23157992E-03
 8  6 3.06728304E-02 0.00000000E+00 2.69547119E-03 1.22817172E-02-5.82243558E-03
 8  7-6.45928159E-03 0.00000000E+00 1.52718950E-03 0.00000000E+00-1.26007735E-01
 8  8 2.43154810E-01 2.29550035E-01-1.27906931E-01 0.00000000E+00-5.23157992E-03
 8  9-3.06728304E-02 0.00000000E+00 2.69547119E-03 1.22817172E-02-5.82243558E-03
 8 10-6.45928159E-03 0.00000000E+00-1.52718950E-03 0.00000000E+00
 9  1 0.00000000E+00 0.00000000E+00 0.00000000E+00 0.00000000E+00-1.80332075E-01
 9  2 0.00000000E+00 0.00000000E+00 3.15205359E-01 0.00000000E+00 0.00000000E+00
 9  3-8.64954323E-03 0.00000000E+00 0.00000000E+00 0.00000000E+00 0.00000000E+00
 9  4 0.00000000E+00 0.00000000E+00 2.35979917E-02 0.00000000E+00 1.43667932E-01
 9  5-2.83521001E-01-3.06792794E-01-1.33405655E-01 0.00000000E+00 7.70581640E-03
 9  6-2.78424436E-02 0.00000000E+00 2.93406013E-03-1.41432770E-02 7.10980219E-03
 9  7 7.03347479E-03 0.00000000E+00 2.76650166E-03 0.00000000E+00-1.43667932E-01
 9  8 2.83521001E-01 3.06792794E-01-1.33405655E-01 0.00000000E+00-7.70581640E-03
 9  9-2.78424436E-02 0.00000000E+00-2.93406013E-03 1.41432770E-02-7.10980219E-03
 9 10-7.03347479E-03 0.00000000E+00 2.76650166E-03 0.00000000E+00
10  1-5.44522051E-02 1.46044967E-01-3.52776449E-01-2.40483003E-01 0.00000000E+00
10  2 0.00000000E+00 1.25220825E-02 0.00000000E+00 0.00000000E+00-3.22903369E-02
10  3 0.00000000E+00 0.00000000E+00-1.66117833E-03 2.64567522E-02-1.31919031E-02
10  4-1.32648491E-02 0.00000000E+00 0.00000000E+00 0.00000000E+00-1.03918501E-01
10  5 2.13069956E-01 3.68244495E-01-2.68651565E-01 0.00000000E+00 1.06826007E-02
10  6-1.40040517E-01 0.00000000E+00 4.08623176E-03-1.62063977E-02 8.27090682E-03
10  7 7.93549092E-03 0.00000000E+00 1.52527233E-03 0.00000000E+00-1.03918501E-01
10  8 2.13069956E-01 3.68244495E-01 2.68651565E-01 0.00000000E+00 1.06826007E-02
10  9 1.40040517E-01 0.00000000E+00 4.08623176E-03-1.62063977E-02 8.27090682E-03
10 10 7.93549092E-03 0.00000000E+00-1.52527233E-03 0.00000000E+00
11  1 0.00000000E+00 0.00000000E+00 0.00000000E+00 0.00000000E+00 0.00000000E+00
11  2-1.99269652E-01 0.00000000E+00 0.00000000E+00 4.50279040E-01 0.00000000E+00
11  3 0.00000000E+00 1.82712123E-01 0.00000000E+00 0.00000000E+00 0.00000000E+00
11  4 0.00000000E+00 0.00000000E+00 0.00000000E+00 2.08557509E-02 0.00000000E+00
11  5 0.00000000E+00 0.00000000E+00 0.00000000E+00 3.35752006E-01 0.00000000E+00
11  6 0.00000000E+00 1.87421505E-01 0.00000000E+00 0.00000000E+00 0.00000000E+00
11  7 0.00000000E+00 2.83370687E-02 0.00000000E+00-1.41212037E-03 0.00000000E+00
11  8 0.00000000E+00 0.00000000E+00 0.00000000E+00 3.35752006E-01 0.00000000E+00
11  9 0.00000000E+00 1.87421505E-01 0.00000000E+00 0.00000000E+00 0.00000000E+00
11 10 0.00000000E+00-2.83370687E-02 0.00000000E+00-1.41212037E-03
12  1-5.82480730E-03 1.51502732E-02-3.86030288E-02-3.93587920E-02 0.00000000E+00
12  2 0.00000000E+00-1.97257049E-01 0.00000000E+00 0.00000000E+00 4.44854729E-01
12  3 0.00000000E+00 0.00000000E+00 1.81208092E-01-2.96912184E-02-3.19713150E-03
12  4 3.28883499E-02 0.00000000E+00 0.00000000E+00 0.00000000E+00-5.39959974E-04
12  5 1.27836070E-03 1.07166322E-02 2.34649106E-02 0.00000000E+00 3.35575086E-01
12  6 1.96619391E-02 0.00000000E+00 1.86932574E-01 5.31716832E-03-1.48718876E-03
12  7-3.82997956E-03 0.00000000E+00 2.74176100E-02 0.00000000E+00-5.39959974E-04
12  8 1.27836070E-03 1.07166322E-02-2.34649106E-02 0.00000000E+00 3.35575086E-01
12  9-1.96619391E-02 0.00000000E+00 1.86932574E-01 5.31716832E-03-1.48718876E-03
12 10-3.82997956E-03 0.00000000E+00-2.74176100E-02 0.00000000E+00
13  1 0.00000000E+00 0.00000000E+00 0.00000000E+00 0.00000000E+00 1.58271076E-01
13  2 0.00000000E+00 0.00000000E+00-3.54473722E-01 0.00000000E+00 0.00000000E+00
13  3 5.84610640E-02 0.00000000E+00 0.00000000E+00 0.00000000E+00 0.00000000E+00
13  4 0.00000000E+00 0.00000000E+00-1.44291914E-02 0.00000000E+00 6.69504089E-02
13  5-1.41275358E-01-2.42213314E-01 4.02510741E-01 0.00000000E+00-4.30282592E-02
13  6 2.04388315E-01 0.00000000E+00-2.71521214E-02 1.86668020E-02-9.60670357E-03
13  7-9.06009842E-03 0.00000000E+00-4.22771438E-03 0.00000000E+00-6.69504089E-02
13  8 1.41275358E-01 2.42213314E-01 4.02510741E-01 0.00000000E+00 4.30282592E-02
13  9 2.04388315E-01 0.00000000E+00 2.71521214E-02-1.86668020E-02 9.60670357E-03
13 10 9.06009842E-03 0.00000000E+00-4.22771438E-03 0.00000000E+00
14  1 0.00000000E+00 0.00000000E+00 0.00000000E+00 0.00000000E+00 0.00000000E+00
14  2 0.00000000E+00 0.00000000E+00 0.00000000E+00 0.00000000E+00 0.00000000E+00
14  3 0.00000000E+00 0.00000000E+00 0.00000000E+00 0.00000000E+00 0.00000000E+00
14  4 0.00000000E+00-1.71737686E-01 0.00000000E+00 0.00000000E+00 0.00000000E+00
14  5 0.00000000E+00 0.00000000E+00 0.00000000E+00 4.55881107E-01 0.00000000E+00
14  6 0.00000000E+00 2.97158603E-01 0.00000000E+00 0.00000000E+00 0.00000000E+00
14  7 0.00000000E+00 1.79832882E-02 0.00000000E+00-2.38911422E-04 0.00000000E+00
14  8 0.00000000E+00 0.00000000E+00 0.00000000E+00-4.55881107E-01 0.00000000E+00
14  9 0.00000000E+00-2.97158603E-01 0.00000000E+00 0.00000000E+00 0.00000000E+00
14 10 0.00000000E+00 1.79832882E-02 0.00000000E+00 2.38911422E-04
15  1 0.00000000E+00 0.00000000E+00 0.00000000E+00 0.00000000E+00-6.91272610E-03
15  2 0.00000000E+00 0.00000000E+00 1.21180456E-02 0.00000000E+00 0.00000000E+00
15  3 7.48710173E-03 0.00000000E+00 0.00000000E+00 0.00000000E+00 0.00000000E+00
15  4 0.00000000E+00 0.00000000E+00-1.70578264E-01 0.00000000E+00 9.54764502E-04
15  5-4.24678001E-03-4.48884837E-03 5.02531958E-02 0.00000000E+00 4.53402224E-01
15  6 3.22254479E-02 0.00000000E+00 2.95851260E-01 9.23526275E-04-2.26624671E-04
15  7-6.96901604E-04 0.00000000E+00 1.83234788E-02 0.00000000E+00-9.54764502E-04
15  8 4.24678001E-03 4.48884837E-03 5.02531958E-02 0.00000000E+00-4.53402224E-01
15  9 3.22254479E-02 0.00000000E+00-2.95851260E-01-9.23526275E-04 2.26624671E-04
15 10 6.96901604E-04 0.00000000E+00 1.83234788E-02 0.00000000E+00
16  1 2.88678338E-02-1.70455210E-01 8.15234421E-02 1.12980872E+00 0.00000000E+00
16  2 0.00000000E+00 5.35307593E-02 0.00000000E+00 0.00000000E+00-1.27662706E-01
16  3 0.00000000E+00 0.00000000E+00-7.23894826E-02-2.78910921E-01 1.42141205E-01
16  4 1.36769716E-01 0.00000000E+00 0.00000000E+00 0.00000000E+00 4.22860161E-02
16  5-8.15126576E-02-2.70970957E-01-3.37313020E-01 0.00000000E+00 1.13836498E-01
16  6-2.73915609E-01 0.00000000E+00 9.47322074E-02-8.93096207E-03 4.20168907E-03
16  7 4.72927300E-03 0.00000000E+00-6.74639398E-04 0.00000000E+00 4.22860161E-02
16  8-8.15126576E-02-2.70970957E-01 3.37313020E-01 0.00000000E+00 1.13836498E-01
16  9 2.73915609E-01 0.00000000E+00 9.47322074E-02-8.93096207E-03 4.20168907E-03
16 10 4.72927300E-03 0.00000000E+00 6.74639398E-04 0.00000000E+00
17  1 0.00000000E+00 0.00000000E+00 0.00000000E+00 0.00000000E+00 0.00000000E+00
17  2-2.12793695E-01 0.00000000E+00 0.00000000E+00 5.55255870E-01 0.00000000E+00
17  3 0.00000000E+00 6.35219643E-01 0.00000000E+00 0.00000000E+00 0.00000000E+00
17  4 0.00000000E+00 0.00000000E+00 0.00000000E+00-3.82429435E-03 0.00000000E+00
17  5 0.00000000E+00 0.00000000E+00 0.00000000E+00-3.97228796E-01 0.00000000E+00
17  6 0.00000000E+00-3.84894861E-01 0.00000000E+00 0.00000000E+00 0.00000000E+00
17  7 0.00000000E+00-1.06891925E-03 0.00000000E+00-7.69961213E-04 0.00000000E+00
17  8 0.00000000E+00 0.00000000E+00 0.00000000E+00-3.97228796E-01 0.00000000E+00
17  9 0.00000000E+00-3.84894861E-01 0.00000000E+00 0.00000000E+00 0.00000000E+00
17 10 0.00000000E+00 1.06891925E-03 0.00000000E+00-7.69961213E-04
18  1 4.86975039E-03-4.14320558E-02-2.45228427E-04 3.48381451E-01 0.00000000E+00
18  2 0.00000000E+00-2.05981349E-01 0.00000000E+00 0.00000000E+00 5.40493017E-01
18  3 0.00000000E+00 0.00000000E+00 6.43935255E-01-7.38049243E-02 4.11926126E-02
18  4 3.26123117E-02 0.00000000E+00 0.00000000E+00 0.00000000E+00 1.60117095E-02
18  5-3.07526695E-02-1.32947932E-01-1.19253416E-01 0.00000000E+00-3.78505292E-01
18  6-1.17895615E-01 0.00000000E+00-3.69478434E-01-2.65082025E-03 1.98463836E-03
18  7 6.66181885E-04 0.00000000E+00-8.67683281E-04 0.00000000E+00 1.60117095E-02
18  8-3.07526695E-02-1.32947932E-01 1.19253416E-01 0.00000000E+00-3.78505292E-01
18  9 1.17895615E-01 0.00000000E+00-3.69478434E-01-2.65082025E-03 1.98463836E-03
18 10 6.66181885E-04 0.00000000E+00 8.67683281E-04 0.00000000E+00
19  1 0.00000000E+00 0.00000000E+00 0.00000000E+00 0.00000000E+00-3.05706370E-02
19  2 0.00000000E+00 0.00000000E+00 1.17648948E-01 0.00000000E+00 0.00000000E+00
19  3 2.20115334E+00 0.00000000E+00 0.00000000E+00 0.00000000E+00 0.00000000E+00
19  4 0.00000000E+00 0.00000000E+00-2.93253979E-02 0.00000000E+00-8.32354502E-02
19  5 1.07530954E-01 1.29786873E+00-8.69462691E-03 0.00000000E+00-4.29325784E-02
19  6 3.19744079E-01 0.00000000E+00-8.53585517E-02 2.71255188E-02-1.33850164E-02
19  7-1.37405024E-02 0.00000000E+00-1.90102414E-03 0.00000000E+00 8.32354502E-02
19  8-1.07530954E-01-1.29786873E+00-8.69462691E-03 0.00000000E+00 4.29325784E-02
19  9 3.19744079E-01 0.00000000E+00 8.53585517E-02-2.71255188E-02 1.33850164E-02
19 10 1.37405024E-02 0.00000000E+00-1.90102414E-03 0.00000000E+00
20  1-1.44234265E-02-4.94927090E-02-2.14762109E-01 5.58914401E-01 0.00000000E+00
20  2 0.00000000E+00 2.82013150E-01 0.00000000E+00 0.00000000E+00-1.07912218E+00
20  3 0.00000000E+00 0.00000000E+00 1.25158755E+00 1.47491584E-01-1.25421298E-02
20  4-1.34949454E-01 0.00000000E+00 0.00000000E+00 0.00000000E+00 6.98573399E-03
20  5 5.23494902E-03-2.38094442E-01 5.58989871E-02 0.00000000E+00-5.26653606E-02
20  6-1.29530126E-01 0.00000000E+00-6.55973041E-02-2.66406513E-02 1.31283866E-02
20  7 1.35122647E-02 0.00000000E+00-3.34020820E-02 0.00000000E+00 6.98573399E-03
20  8 5.23494902E-03-2.38094442E-01-5.58989871E-02 0.00000000E+00-5.26653606E-02
20  9 1.29530126E-01 0.00000000E+00-6.55973041E-02-2.66406513E-02 1.31283866E-02
20 10 1.35122647E-02 0.00000000E+00 3.34020820E-02 0.00000000E+00
21  1 0.00000000E+00 0.00000000E+00 0.00000000E+00 0.00000000E+00 0.00000000E+00
21  2 2.88075220E-01 0.00000000E+00 0.00000000E+00-1.10824652E+00 0.00000000E+00
21  3 0.00000000E+00 1.26264625E+00 0.00000000E+00 0.00000000E+00 0.00000000E+00
21  4 0.00000000E+00 0.00000000E+00 0.00000000E+00-7.37521327E-02 0.00000000E+00
21  5 0.00000000E+00 0.00000000E+00 0.00000000E+00-5.01155972E-02 0.00000000E+00
21  6 0.00000000E+00-8.28458055E-02 0.00000000E+00 0.00000000E+00 0.00000000E+00
21  7 0.00000000E+00-3.87189259E-02 0.00000000E+00 4.09329325E-04 0.00000000E+00
21  8 0.00000000E+00 0.00000000E+00 0.00000000E+00-5.01155972E-02 0.00000000E+00
21  9 0.00000000E+00-8.28458055E-02 0.00000000E+00 0.00000000E+00 0.00000000E+00
21 10 0.00000000E+00 3.87189259E-02 0.00000000E+00 4.09329325E-04
22  1-9.89110324E-02-2.89563789E-01-1.42360257E+00 2.70874944E+00 0.00000000E+00
22  2 0.00000000E+00-5.59564098E-02 0.00000000E+00 0.00000000E+00 2.37732909E-01
22  3 0.00000000E+00 0.00000000E+00-1.78211803E-01 4.39404512E-01-2.44991352E-01
22  4-1.94413160E-01 0.00000000E+00 0.00000000E+00 0.00000000E+00 2.45890377E-02
22  5-1.75854315E-03-7.97738148E-01 2.46730678E-01 0.00000000E+00-1.46021117E-02
22  6-5.27646963E-01 0.00000000E+00 7.17118696E-02-8.14004118E-02 4.08851024E-02
22  7 4.05153094E-02 0.00000000E+00 2.27425354E-02 0.00000000E+00 2.45890377E-02
22  8-1.75854315E-03-7.97738148E-01-2.46730678E-01 0.00000000E+00-1.46021117E-02
22  9 5.27646963E-01 0.00000000E+00 7.17118696E-02-8.14004118E-02 4.08851024E-02
22 10 4.05153094E-02 0.00000000E+00-2.27425354E-02 0.00000000E+00
23  1 0.00000000E+00 0.00000000E+00 0.00000000E+00 0.00000000E+00 0.00000000E+00
23  2 2.38163916E-02 0.00000000E+00 0.00000000E+00-9.15116130E-02 0.00000000E+00
23  3 0.00000000E+00 1.00757685E-01 0.00000000E+00 0.00000000E+00 0.00000000E+00
23  4 0.00000000E+00 0.00000000E+00 0.00000000E+00 9.83892762E-01 0.00000000E+00
23  5 0.00000000E+00 0.00000000E+00 0.00000000E+00-5.05996515E-02 0.00000000E+00
23  6 0.00000000E+00-4.96737351E-03 0.00000000E+00 0.00000000E+00 0.00000000E+00
23  7 0.00000000E+00 3.35231287E-03 0.00000000E+00 5.04073089E-02 0.00000000E+00
23  8 0.00000000E+00 0.00000000E+00 0.00000000E+00-5.05996515E-02 0.00000000E+00
23  9 0.00000000E+00-4.96737351E-03 0.00000000E+00 0.00000000E+00 0.00000000E+00
23 10 0.00000000E+00-3.35231287E-03 0.00000000E+00 5.04073089E-02
24  1 2.52279706E-03 5.61664434E-03 3.45911560E-02-2.10545495E-02 0.00000000E+00
24  2 0.00000000E+00 2.39340617E-02 0.00000000E+00 0.00000000E+00-9.18756124E-02
24  3 0.00000000E+00 0.00000000E+00 1.02328244E-01-2.02733257E-05-8.51867529E-01
24  4 8.51887802E-01 0.00000000E+00 0.00000000E+00 0.00000000E+00 6.38150921E-04
24  5-2.77526948E-03-3.54772917E-03-8.63532619E-03 0.00000000E+00-5.01649758E-02
24  6-5.07187022E-03 0.00000000E+00-4.62081578E-03 3.68654875E-04-4.38327716E-02
24  7 4.34641168E-02 0.00000000E+00 3.32394395E-03 0.00000000E+00 6.38150921E-04
24  8-2.77526948E-03-3.54772917E-03 8.63532619E-03 0.00000000E+00-5.01649758E-02
24  9 5.07187022E-03 0.00000000E+00-4.62081578E-03 3.68654875E-04-4.38327716E-02
24 10 4.34641168E-02 0.00000000E+00-3.32394395E-03 0.00000000E+00
25  1 7.44370037E-02 3.21822082E-01 1.23643198E+00 7.29477126E-01 0.00000000E+00
25  2 0.00000000E+00-2.06082753E-02 0.00000000E+00 0.00000000E+00 1.17966482E-01
25  3 0.00000000E+00 0.00000000E+00 1.21669690E-02 4.64620475E-01-2.28878897E-01
25  4-2.35741578E-01 0.00000000E+00 0.00000000E+00 0.00000000E+00 5.81923729E-02
25  5-1.00988671E-01-7.00284462E-01 2.36634263E-01 0.00000000E+00-1.94011319E-03
25  6-1.22003475E+00 0.00000000E+00 9.86026562E-02-4.67175467E-03 2.86169759E-03
25  7 1.81005708E-03 0.00000000E+00 4.26923613E-03 0.00000000E+00 5.81923729E-02
25  8-1.00988671E-01-7.00284462E-01-2.36634263E-01 0.00000000E+00-1.94011319E-03
25  9 1.22003475E+00 0.00000000E+00 9.86026562E-02-4.67175467E-03 2.86169759E-03
25 10 1.81005708E-03 0.00000000E+00-4.26923613E-03 0.00000000E+00
26  1 0.00000000E+00 0.00000000E+00 0.00000000E+00 0.00000000E+00-1.55073277E-01
26  2 0.00000000E+00 0.00000000E+00 9.77005993E-01 0.00000000E+00 0.00000000E+00
26  3-8.41762594E-02 0.00000000E+00 0.00000000E+00 0.00000000E+00 0.00000000E+00
26  4 0.00000000E+00 0.00000000E+00 4.28261156E-01 0.00000000E+00-3.95838885E-02
26  5 2.42865427E-02 4.47617288E-01-2.84072609E-01 0.00000000E+00 1.56115998E-01
26  6 1.07498589E+00 0.00000000E+00-3.02314196E-02-3.24487029E-02 1.30754805E-02
26  7 1.93732223E-02 0.00000000E+00-1.96144021E-02 0.00000000E+00 3.95838885E-02
26  8-2.42865427E-02-4.47617288E-01-2.84072609E-01 0.00000000E+00-1.56115998E-01
26  9 1.07498589E+00 0.00000000E+00 3.02314196E-02 3.24487029E-02-1.30754805E-02
26 10-1.93732223E-02 0.00000000E+00-1.96144021E-02 0.00000000E+00
27  1 0.00000000E+00 0.00000000E+00 0.00000000E+00 0.00000000E+00-2.12898983E-01
27  2 0.00000000E+00 0.00000000E+00 8.98544307E-01 0.00000000E+00 0.00000000E+00
27  3-4.08532380E-01 0.00000000E+00 0.00000000E+00 0.00000000E+00 0.00000000E+00
27  4 0.00000000E+00 0.00000000E+00-8.41546648E-01 0.00000000E+00-2.45896792E-02
27  5 7.77471283E-02 4.55760349E-02 8.58306374E-02 0.00000000E+00-1.95141840E-01
27  6 3.54622688E-01 0.00000000E+00-2.63429695E-01-3.28977521E-02 2.53727121E-02
27  7 7.52504004E-03 0.00000000E+00 7.16986709E-02 0.00000000E+00 2.45896792E-02
27  8-7.77471283E-02-4.55760349E-02 8.58306374E-02 0.00000000E+00 1.95141840E-01
27  9 3.54622688E-01 0.00000000E+00 2.63429695E-01 3.28977521E-02-2.53727121E-02
27 10-7.52504004E-03 0.00000000E+00 7.16986709E-02 0.00000000E+00
28  1 0.00000000E+00 0.00000000E+00 0.00000000E+00 0.00000000E+00 0.00000000E+00
28  2 0.00000000E+00 0.00000000E+00 0.00000000E+00 0.00000000E+00 0.00000000E+00
28  3 0.00000000E+00 0.00000000E+00 0.00000000E+00 0.00000000E+00 0.00000000E+00
28  4 0.00000000E+00 1.01035487E+00 0.00000000E+00 0.00000000E+00 0.00000000E+00
28  5 0.00000000E+00 0.00000000E+00 0.00000000E+00 3.04048372E-01 0.00000000E+00
28  6 0.00000000E+00 1.81249147E-01 0.00000000E+00 0.00000000E+00 0.00000000E+00
28  7 0.00000000E+00-7.94684736E-02 0.00000000E+00 1.22114999E-02 0.00000000E+00
28  8 0.00000000E+00 0.00000000E+00 0.00000000E+00-3.04048372E-01 0.00000000E+00
28  9 0.00000000E+00-1.81249147E-01 0.00000000E+00 0.00000000E+00 0.00000000E+00
28 10 0.00000000E+00-7.94684736E-02 0.00000000E+00-1.22114999E-02
29  1 0.00000000E+00 0.00000000E+00 0.00000000E+00 0.00000000E+00 0.00000000E+00
29  2 0.00000000E+00 0.00000000E+00 0.00000000E+00 0.00000000E+00 0.00000000E+00
29  3 0.00000000E+00 0.00000000E+00 0.00000000E+00 0.00000000E+00 0.00000000E+00
29  4 0.00000000E+00 2.80801883E-01 0.00000000E+00 0.00000000E+00 0.00000000E+00
29  5 0.00000000E+00 0.00000000E+00 0.00000000E+00-5.92948508E-01 0.00000000E+00
29  6 0.00000000E+00 8.25234345E-01 0.00000000E+00 0.00000000E+00 0.00000000E+00
29  7 0.00000000E+00-2.19218701E-02 0.00000000E+00 2.32104078E-03 0.00000000E+00
29  8 0.00000000E+00 0.00000000E+00 0.00000000E+00 5.92948508E-01 0.00000000E+00
29  9 0.00000000E+00-8.25234345E-01 0.00000000E+00 0.00000000E+00 0.00000000E+00
29 10 0.00000000E+00-2.19218701E-02 0.00000000E+00-2.32104078E-03
30  1 0.00000000E+00 0.00000000E+00 0.00000000E+00 0.00000000E+00-2.01083444E-02
30  2 0.00000000E+00 0.00000000E+00 1.07857380E-01 0.00000000E+00 0.00000000E+00
30  3-1.11601293E-01 0.00000000E+00 0.00000000E+00 0.00000000E+00 0.00000000E+00
30  4 0.00000000E+00 0.00000000E+00 1.88522904E-01 0.00000000E+00 5.18639263E-04
30  5-3.34239510E-02 3.31596327E-02-4.60545870E-02 0.00000000E+00-6.14901359E-01
30  6 1.45472643E-01 0.00000000E+00 7.96777967E-01-6.20294772E-03 2.16546775E-03
30  7 4.03747997E-03 0.00000000E+00-1.36100445E-02 0.00000000E+00-5.18639263E-04
30  8 3.34239510E-02-3.31596327E-02-4.60545870E-02 0.00000000E+00 6.14901359E-01
30  9 1.45472643E-01 0.00000000E+00-7.96777967E-01 6.20294772E-03-2.16546775E-03
30 10-4.03747997E-03 0.00000000E+00-1.36100445E-02 0.00000000E+00
31  1 3.74011547E-03 1.74691042E-02 6.48624641E-02-7.46731590E-03 0.00000000E+00
31  2 0.00000000E+00-3.17421551E-02 0.00000000E+00 0.00000000E+00 8.05191500E-02
31  3 0.00000000E+00 0.00000000E+00-9.15717426E-01 6.81397713E-02 1.60257839E-02
31  4-8.41655552E-02 0.00000000E+00 0.00000000E+00 0.00000000E+00-2.46317310E-03
31  5 4.35231003E-02-4.33863940E-02-7.96550829E-02 0.00000000E+00-6.21127236E-01
31  6 6.13945689E-02 0.00000000E+00 1.05319102E+00-4.43666872E-03 2.35502745E-03
31  7 2.08164127E-03 0.00000000E+00-4.33533865E-02 0.00000000E+00-2.46317310E-03
31  8 4.35231003E-02-4.33863940E-02 7.96550829E-02 0.00000000E+00-6.21127236E-01
31  9-6.13945689E-02 0.00000000E+00 1.05319102E+00-4.43666872E-03 2.35502745E-03
31 10 2.08164127E-03 0.00000000E+00 4.33533865E-02 0.00000000E+00
32  1 0.00000000E+00 0.00000000E+00 0.00000000E+00 0.00000000E+00 0.00000000E+00
32  2-3.08167222E-02 0.00000000E+00 0.00000000E+00 7.47017276E-02 0.00000000E+00
32  3 0.00000000E+00-9.19478549E-01 0.00000000E+00 0.00000000E+00 0.00000000E+00
32  4 0.00000000E+00 0.00000000E+00 0.00000000E+00-5.78943649E-02 0.00000000E+00
32  5 0.00000000E+00 0.00000000E+00 0.00000000E+00-6.28596821E-01 0.00000000E+00
32  6 0.00000000E+00 1.05859895E+00 0.00000000E+00 0.00000000E+00 0.00000000E+00
32  7 0.00000000E+00-4.44520333E-02 0.00000000E+00-1.49461633E-04 0.00000000E+00
32  8 0.00000000E+00 0.00000000E+00 0.00000000E+00-6.28596821E-01 0.00000000E+00
32  9 0.00000000E+00 1.05859895E+00 0.00000000E+00 0.00000000E+00 0.00000000E+00
32 10 0.00000000E+00 4.44520333E-02 0.00000000E+00-1.49461633E-04
33  1 0.00000000E+00 0.00000000E+00 0.00000000E+00 0.00000000E+00-2.96905894E-01
33  2 0.00000000E+00 0.00000000E+00 9.85566680E-01 0.00000000E+00 0.00000000E+00
33  3-1.40200328E-01 0.00000000E+00 0.00000000E+00 0.00000000E+00 0.00000000E+00
33  4 0.00000000E+00 0.00000000E+00 4.28660005E-01 0.00000000E+00-3.56050857E-02
33  5 2.40834774E-01 1.22283285E-01 6.53746479E-01 0.00000000E+00 4.12833546E-02
33  6-1.88878289E-01 0.00000000E+00 9.08175016E-02-6.07010387E-02 2.41555943E-02
33  7 3.65454444E-02 0.00000000E+00-4.13858823E-02 0.00000000E+00 3.56050857E-02
33  8-2.40834774E-01-1.22283285E-01 6.53746479E-01 0.00000000E+00-4.12833546E-02
33  9-1.88878289E-01 0.00000000E+00-9.08175016E-02 6.07010387E-02-2.41555943E-02
33 10-3.65454444E-02 0.00000000E+00-4.13858823E-02 0.00000000E+00
34  1 1.10424079E-02-1.06952797E-01 1.07983454E-02 2.32254622E+00 0.00000000E+00
34  2 0.00000000E+00-2.12580364E-02 0.00000000E+00 0.00000000E+00 1.15084530E-01
34  3 0.00000000E+00 0.00000000E+00 1.76848070E-01 1.04679443E+00-5.32374553E-01
34  4-5.14419881E-01 0.00000000E+00 0.00000000E+00 0.00000000E+00 1.64343759E-02
34  5 7.85563438E-01-2.06663623E+00-4.52328202E-01 0.00000000E+00 1.01797654E-01
34  6-5.70250252E-01 0.00000000E+00-4.04607161E-02 1.31174175E-01-7.07620379E-02
34  7-6.04121370E-02 0.00000000E+00-3.52459368E-02 0.00000000E+00 1.64343759E-02
34  8 7.85563438E-01-2.06663623E+00 4.52328202E-01 0.00000000E+00 1.01797654E-01
34  9 5.70250252E-01 0.00000000E+00-4.04607161E-02 1.31174175E-01-7.07620379E-02
34 10-6.04121370E-02 0.00000000E+00 3.52459368E-02 0.00000000E+00
35  1-8.36740536E-03 1.77784526E-01 1.36813091E-01 3.94600177E-01 0.00000000E+00
35  2 0.00000000E+00 3.45973348E-02 0.00000000E+00 0.00000000E+00-1.15114573E-01
35  3 0.00000000E+00 0.00000000E+00 7.84501084E-02-8.96101946E-01 4.55250138E-01
35  4 4.40851808E-01 0.00000000E+00 0.00000000E+00 0.00000000E+00-2.36120011E-02
35  5 1.01450957E+00-8.18165416E-01 5.11003589E-01 0.00000000E+00-7.39341931E-02
35  6-4.58597834E-01 0.00000000E+00 1.52625442E-02 2.95356907E-02 6.49435417E-03
35  7-3.60300449E-02 0.00000000E+00 1.53325278E-01 0.00000000E+00-2.36120011E-02
35  8 1.01450957E+00-8.18165416E-01-5.11003589E-01 0.00000000E+00-7.39341931E-02
35  9 4.58597834E-01 0.00000000E+00 1.52625442E-02 2.95356907E-02 6.49435417E-03
35 10-3.60300449E-02 0.00000000E+00-1.53325278E-01 0.00000000E+00
36  1 0.00000000E+00 0.00000000E+00 0.00000000E+00 0.00000000E+00-2.26380466E-02
36  2 0.00000000E+00 0.00000000E+00 3.64317844E-01 0.00000000E+00 0.00000000E+00
36  3 1.93805414E+00 0.00000000E+00 0.00000000E+00 0.00000000E+00 0.00000000E+00
36  4 0.00000000E+00 0.00000000E+00 6.32434320E-02 0.00000000E+00-1.36348860E-02
36  5-1.32822691E+00 2.63741320E+00 8.10940907E-02 0.00000000E+00 2.76670883E-02
36  6 3.99799864E-01 0.00000000E+00-1.17979403E-01-2.10824582E-01 1.06615582E-01
36  7 1.04209000E-01 0.00000000E+00 6.43762682E-02 0.00000000E+00 1.36348860E-02
36  8 1.32822691E+00-2.63741320E+00 8.10940907E-02 0.00000000E+00-2.76670883E-02
36  9 3.99799864E-01 0.00000000E+00 1.17979403E-01 2.10824582E-01-1.06615582E-01
36 10-1.04209000E-01 0.00000000E+00 6.43762682E-02 0.00000000E+00
37  1 0.00000000E+00 0.00000000E+00 0.00000000E+00 0.00000000E+00 0.00000000E+00
37  2 0.00000000E+00 0.00000000E+00 0.00000000E+00 0.00000000E+00 0.00000000E+00
37  3 0.00000000E+00 0.00000000E+00 0.00000000E+00 0.00000000E+00 0.00000000E+00
37  4 0.00000000E+00 1.24255230E-02 0.00000000E+00 0.00000000E+00 0.00000000E+00
37  5 0.00000000E+00 0.00000000E+00 0.00000000E+00-2.41163451E-03 0.00000000E+00
37  6 0.00000000E+00 5.16696216E-03 0.00000000E+00 0.00000000E+00 0.00000000E+00
37  7 0.00000000E+00 9.61742238E-02 0.00000000E+00 7.00591468E-01 0.00000000E+00
37  8 0.00000000E+00 0.00000000E+00 0.00000000E+00 2.41163451E-03 0.00000000E+00
37  9 0.00000000E+00-5.16696216E-03 0.00000000E+00 0.00000000E+00 0.00000000E+00
37 10 0.00000000E+00 9.61742238E-02 0.00000000E+00-7.00591468E-01
38  1 0.00000000E+00 0.00000000E+00 0.00000000E+00 0.00000000E+00-3.32520284E-05
38  2 0.00000000E+00 0.00000000E+00-3.57482130E-04 0.00000000E+00 0.00000000E+00
38  3 1.20116993E-02 0.00000000E+00 0.00000000E+00 0.00000000E+00 0.00000000E+00
38  4 0.00000000E+00 0.00000000E+00-1.22062396E-02 0.00000000E+00-3.12207105E-05
38  5-7.25300172E-03 1.32873238E-02 4.05870077E-04 0.00000000E+00 2.68415454E-03
38  6-5.25771883E-07 0.00000000E+00-5.80400026E-03-1.32045051E-02 6.13347157E-01
38  7-6.00142652E-01 0.00000000E+00-9.50828557E-02 0.00000000E+00 3.12207105E-05
38  8 7.25300172E-03-1.32873238E-02 4.05870077E-04 0.00000000E+00-2.68415454E-03
38  9-5.25771883E-07 0.00000000E+00 5.80400026E-03 1.32045051E-02-6.13347157E-01
38 10 6.00142652E-01 0.00000000E+00-9.50828557E-02 0.00000000E+00
39  1 0.00000000E+00 0.00000000E+00 0.00000000E+00 0.00000000E+00 0.00000000E+00
39  2-1.87141527E-02 0.00000000E+00 0.00000000E+00 8.01566776E-02 0.00000000E+00
39  3 0.00000000E+00 5.84919879E-03 0.00000000E+00 0.00000000E+00 0.00000000E+00
39  4 0.00000000E+00 0.00000000E+00 0.00000000E+00-1.99131817E-01 0.00000000E+00
39  5 0.00000000E+00 0.00000000E+00 0.00000000E+00 1.55715167E-02 0.00000000E+00
39  6 0.00000000E+00-2.89428439E-02 0.00000000E+00 0.00000000E+00 0.00000000E+00
39  7 0.00000000E+00-8.11392484E-02 0.00000000E+00 7.08043589E-01 0.00000000E+00
39  8 0.00000000E+00 0.00000000E+00 0.00000000E+00 1.55715167E-02 0.00000000E+00
39  9 0.00000000E+00-2.89428439E-02 0.00000000E+00 0.00000000E+00 0.00000000E+00
39 10 0.00000000E+00 8.11392484E-02 0.00000000E+00 7.08043589E-01
40  1 2.84989928E-04 1.36322959E-02 2.17258384E-02 8.47104713E-04 0.00000000E+00
40  2 0.00000000E+00-1.06371387E-02 0.00000000E+00 0.00000000E+00 4.76195987E-02
40  3 0.00000000E+00 0.00000000E+00 1.04543049E-03-5.45933660E-02 2.05867265E-01
40  4-1.51273899E-01 0.00000000E+00 0.00000000E+00 0.00000000E+00-8.78352289E-04
40  5 4.63364611E-02-3.05539102E-02 2.88038674E-02 0.00000000E+00 5.42035362E-03
40  6-2.52724964E-02 0.00000000E+00-1.30096060E-02-1.93486650E-02-6.06275874E-01
40  7 6.25624539E-01 0.00000000E+00-2.00641597E-02 0.00000000E+00-8.78352289E-04
40  8 4.63364611E-02-3.05539102E-02-2.88038674E-02 0.00000000E+00 5.42035362E-03
40  9 2.52724964E-02 0.00000000E+00-1.30096060E-02-1.93486650E-02-6.06275874E-01
40 10 6.25624539E-01 0.00000000E+00 2.00641597E-02 0.00000000E+00
41  1 0.00000000E+00 0.00000000E+00 0.00000000E+00 0.00000000E+00 0.00000000E+00
41  2 9.20488943E-02 0.00000000E+00 0.00000000E+00-3.95127603E-01 0.00000000E+00
41  3 0.00000000E+00-1.03219951E-01 0.00000000E+00 0.00000000E+00 0.00000000E+00
41  4 0.00000000E+00 0.00000000E+00 0.00000000E+00-9.90922986E-02 0.00000000E+00
41  5 0.00000000E+00 0.00000000E+00 0.00000000E+00-8.23642866E-02 0.00000000E+00
41  6 0.00000000E+00 2.09831344E-01 0.00000000E+00 0.00000000E+00 0.00000000E+00
41  7 0.00000000E+00 7.35398979E-01 0.00000000E+00 7.81510356E-02 0.00000000E+00
41  8 0.00000000E+00 0.00000000E+00 0.00000000E+00-8.23642866E-02 0.00000000E+00
41  9 0.00000000E+00 2.09831344E-01 0.00000000E+00 0.00000000E+00 0.00000000E+00
41 10 0.00000000E+00-7.35398979E-01 0.00000000E+00 7.81510356E-02
42  1-2.82939497E-03-7.28127783E-02-1.33037896E-01-8.32664365E-02 0.00000000E+00
42  2 0.00000000E+00 8.79831647E-02 0.00000000E+00 0.00000000E+00-3.90516974E-01
42  3 0.00000000E+00 0.00000000E+00-1.23021241E-01 2.77265425E-01-6.66689689E-02
42  4-2.10596456E-01 0.00000000E+00 0.00000000E+00 0.00000000E+00 2.41194317E-03
42  5-2.63990738E-01 2.33219939E-01-1.41950798E-01 0.00000000E+00-6.38375453E-02
42  6 1.72390420E-01 0.00000000E+00 2.09015861E-01 1.80210908E-01-1.14860507E-01
42  7-6.53504007E-02 0.00000000E+00 7.02968018E-01 0.00000000E+00 2.41194317E-03
42  8-2.63990738E-01 2.33219939E-01 1.41950798E-01 0.00000000E+00-6.38375453E-02
42  9-1.72390420E-01 0.00000000E+00 2.09015861E-01 1.80210908E-01-1.14860507E-01
42 10-6.53504007E-02 0.00000000E+00-7.02968018E-01 0.00000000E+00
43  1 0.00000000E+00 0.00000000E+00 0.00000000E+00 0.00000000E+00 1.40689437E-02
43  2 0.00000000E+00 0.00000000E+00-1.67475018E-01 0.00000000E+00 0.00000000E+00
43  3-8.86906902E-02 0.00000000E+00 0.00000000E+00 0.00000000E+00 0.00000000E+00
43  4 0.00000000E+00 0.00000000E+00 8.21322913E-01 0.00000000E+00 3.09690247E-03
43  5 1.47834448E-01-2.25417119E-01 4.05947823E-02 0.00000000E+00 3.05977734E-02
43  6-8.49170087E-02 0.00000000E+00 2.86566404E-01 5.34037862E-02 6.57606880E-02
43  7-1.19164474E-01 0.00000000E+00 8.19151780E-01 0.00000000E+00-3.09690247E-03
43  8-1.47834448E-01 2.25417119E-01 4.05947823E-02 0.00000000E+00-3.05977734E-02
43  9-8.49170087E-02 0.00000000E+00-2.86566404E-01-5.34037862E-02-6.57606880E-02
43 10 1.19164474E-01 0.00000000E+00 8.19151780E-01 0.00000000E+00
44  1 0.00000000E+00 0.00000000E+00 0.00000000E+00 0.00000000E+00 0.00000000E+00
44  2 0.00000000E+00 0.00000000E+00 0.00000000E+00 0.00000000E+00 0.00000000E+00
44  3 0.00000000E+00 0.00000000E+00 0.00000000E+00 0.00000000E+00 0.00000000E+00
44  4 0.00000000E+00 8.40096985E-01 0.00000000E+00 0.00000000E+00 0.00000000E+00
44  5 0.00000000E+00 0.00000000E+00 0.00000000E+00 3.77089047E-02 0.00000000E+00
44  6 0.00000000E+00 2.79536577E-01 0.00000000E+00 0.00000000E+00 0.00000000E+00
44  7 0.00000000E+00 8.27215485E-01 0.00000000E+00-1.07673705E-01 0.00000000E+00
44  8 0.00000000E+00 0.00000000E+00 0.00000000E+00-3.77089047E-02 0.00000000E+00
44  9 0.00000000E+00-2.79536577E-01 0.00000000E+00 0.00000000E+00 0.00000000E+00
44 10 0.00000000E+00 8.27215485E-01 0.00000000E+00 1.07673705E-01
45  1-7.76943556E-02-2.94563492E-01-1.38179704E+00-1.65764427E+00 0.00000000E+00
45  2 0.00000000E+00 1.64095363E-02 0.00000000E+00 0.00000000E+00-1.56395790E-01
45  3 0.00000000E+00 0.00000000E+00-3.92583224E-02-1.30176250E+00 6.52335510E-01
45  4 6.49426992E-01 0.00000000E+00 0.00000000E+00 0.00000000E+00-4.75887637E-02
45  5-3.88425212E-01 1.85541894E+00 3.84333920E-01 0.00000000E+00-4.87292264E-02
45  6 9.96913402E-01 0.00000000E+00-1.07816098E-01 9.31072206E-01-4.79311989E-01
45  7-4.51760217E-01 0.00000000E+00-2.28544602E-01 0.00000000E+00-4.75887637E-02
45  8-3.88425212E-01 1.85541894E+00-3.84333920E-01 0.00000000E+00-4.87292264E-02
45  9-9.96913402E-01 0.00000000E+00-1.07816098E-01 9.31072206E-01-4.79311989E-01
45 10-4.51760217E-01 0.00000000E+00 2.28544602E-01 0.00000000E+00
46  1 0.00000000E+00 0.00000000E+00 0.00000000E+00 0.00000000E+00-2.16646528E-01
46  2 0.00000000E+00 0.00000000E+00 1.87060360E+00 0.00000000E+00 0.00000000E+00
46  3 5.43717399E-01 0.00000000E+00 0.00000000E+00 0.00000000E+00 0.00000000E+00
46  4 0.00000000E+00 0.00000000E+00 2.31085848E-01 0.00000000E+00-4.54060795E-02
46  5-6.20490622E-01 1.75993756E+00 1.79279116E-01 0.00000000E+00 4.92811005E-03
46  6 9.06034298E-01 0.00000000E+00-5.74469335E-02 8.82864259E-01-4.33835001E-01
46  7-4.49029258E-01 0.00000000E+00-3.34643126E-02 0.00000000E+00 4.54060795E-02
46  8 6.20490622E-01-1.75993756E+00 1.79279116E-01 0.00000000E+00-4.92811005E-03
46  9 9.06034298E-01 0.00000000E+00 5.74469335E-02-8.82864259E-01 4.33835001E-01
46 10 4.49029258E-01 0.00000000E+00-3.34643126E-02 0.00000000E+00
 $END   
 POPULATION ANALYSIS
S           15.67343   0.32657  15.48984   0.51016
O            8.16329  -0.16329   8.25508  -0.25508
O            8.16329  -0.16329   8.25508  -0.25508
 MOMENTS AT POINT    1 X,Y,Z=  0.000000  0.000000  0.000000
 DIPOLE       0.000000  0.000000  0.336950
