 $DATA  
Title                                                                           
CNV      2

S          16.0      0.0000000000      0.0000000000     -0.4501248790
   PC1     0
        
O           8.0      1.5588457268      0.0000000000      0.4498751210
   PC1     0
        
 $END      
 $ZMAT   IZMAT(1)=
         1,   3,   1,
         1,   2,   1,
         2,   2,   1,   3,
 $END
--- CLOSED SHELL ORBITALS --- GENERATED AT Thu Feb 26 00:20:37 2015
Title                                                                           
E(R-PBE)=     -548.1652945928, E(NUC)=   86.1237199736,   28 ITERS
 $VEC   
 1  1 1.00297778E+00-1.02707800E-02 1.78331684E-03-9.84228488E-04 0.00000000E+00
 1  2 0.00000000E+00 5.65885212E-05 0.00000000E+00 0.00000000E+00 9.31109459E-06
 1  3 0.00000000E+00 0.00000000E+00-7.24060732E-05-5.97898712E-06 9.09342460E-06
 1  4-3.11443748E-06 0.00000000E+00 0.00000000E+00 0.00000000E+00-7.80573613E-07
 1  5-1.25738921E-05 1.08914178E-04 5.99042025E-06 0.00000000E+00-8.98133182E-06
 1  6 7.59850347E-06 0.00000000E+00 1.75452921E-05-3.32379401E-05 2.86498276E-05
 1  7 4.58811249E-06 0.00000000E+00 4.48064858E-05 0.00000000E+00-7.80573613E-07
 1  8-1.25738921E-05 1.08914178E-04-5.99042025E-06 0.00000000E+00-8.98133182E-06
 1  9-7.59850347E-06 0.00000000E+00 1.75452921E-05-3.32379401E-05 2.86498276E-05
 1 10 4.58811249E-06 0.00000000E+00-4.48064858E-05 0.00000000E+00
 2  1-7.19277232E-05-1.11232412E-03-2.10865476E-03 7.29481482E-03 0.00000000E+00
 2  2 0.00000000E+00-8.88650745E-05 0.00000000E+00 0.00000000E+00 4.66971102E-04
 2  3 0.00000000E+00 0.00000000E+00 3.04884199E-03 1.19784607E-03-1.08808694E-03
 2  4-1.09759133E-04 0.00000000E+00 0.00000000E+00 0.00000000E+00 7.03252199E-01
 2  5 2.51552839E-02-1.06929920E-02 8.25576717E-04 0.00000000E+00-3.26646626E-04
 2  6-2.78080146E-03 0.00000000E+00 9.08338988E-04-3.20797565E-04 2.22192214E-04
 2  7 9.86053505E-05 0.00000000E+00 2.50133336E-04 0.00000000E+00 7.03252199E-01
 2  8 2.51552839E-02-1.06929920E-02-8.25576717E-04 0.00000000E+00-3.26646626E-04
 2  9 2.78080146E-03 0.00000000E+00 9.08338988E-04-3.20797565E-04 2.22192214E-04
 2 10 9.86053505E-05 0.00000000E+00-2.50133336E-04 0.00000000E+00
 3  1 0.00000000E+00 0.00000000E+00 0.00000000E+00 0.00000000E+00 1.23165798E-04
 3  2 0.00000000E+00 0.00000000E+00-7.09169932E-04 0.00000000E+00 0.00000000E+00
 3  3-4.53223447E-03 0.00000000E+00 0.00000000E+00 0.00000000E+00 0.00000000E+00
 3  4 0.00000000E+00 0.00000000E+00-1.34613594E-03 0.00000000E+00 7.03240176E-01
 3  5 2.49926684E-02-1.04600558E-02 6.52067501E-04 0.00000000E+00-5.05207246E-04
 3  6-1.79911519E-03 0.00000000E+00 1.64764634E-03-1.42364496E-04 1.75151886E-04
 3  7-3.27873896E-05 0.00000000E+00 2.72779838E-04 0.00000000E+00-7.03240176E-01
 3  8-2.49926684E-02 1.04600558E-02 6.52067501E-04 0.00000000E+00 5.05207246E-04
 3  9-1.79911519E-03 0.00000000E+00-1.64764634E-03 1.42364496E-04-1.75151886E-04
 3 10 3.27873896E-05 0.00000000E+00 2.72779838E-04 0.00000000E+00
 4  1-2.74125578E-01 1.03957124E+00 4.04488020E-02-1.26360783E-02 0.00000000E+00
 4  2 0.00000000E+00 8.26600442E-03 0.00000000E+00 0.00000000E+00 5.76813144E-04
 4  3 0.00000000E+00 0.00000000E+00-7.14864989E-04 2.33388322E-04-8.53413541E-05
 4  4-1.48046968E-04 0.00000000E+00 0.00000000E+00 0.00000000E+00 1.63920783E-05
 4  5-4.32037450E-05 8.70710103E-04-5.96298712E-05 0.00000000E+00-1.36146429E-05
 4  6-1.35776420E-04 0.00000000E+00 2.90838067E-04-4.14957263E-04 3.51745995E-04
 4  7 6.32112683E-05 0.00000000E+00 5.43112714E-04 0.00000000E+00 1.63920783E-05
 4  8-4.32037450E-05 8.70710103E-04 5.96298712E-05 0.00000000E+00-1.36146429E-05
 4  9 1.35776420E-04 0.00000000E+00 2.90838067E-04-4.14957263E-04 3.51745995E-04
 4 10 6.32112683E-05 0.00000000E+00-5.43112714E-04 0.00000000E+00
 5  1 0.00000000E+00 0.00000000E+00 0.00000000E+00 0.00000000E+00 9.96879455E-01
 5  2 0.00000000E+00 0.00000000E+00 8.93120295E-03 0.00000000E+00 0.00000000E+00
 5  3-1.24006145E-04 0.00000000E+00 0.00000000E+00 0.00000000E+00 0.00000000E+00
 5  4 0.00000000E+00 0.00000000E+00 4.57627700E-04 0.00000000E+00 4.11922988E-05
 5  5 4.91220695E-05-6.93760816E-06 4.68350824E-06 0.00000000E+00-9.47690532E-06
 5  6-3.14861140E-05 0.00000000E+00 2.97099750E-05-8.53573162E-05 7.33785273E-05
 5  7 1.19787889E-05 0.00000000E+00 1.11346453E-04 0.00000000E+00-4.11922988E-05
 5  8-4.91220695E-05 6.93760816E-06 4.68350824E-06 0.00000000E+00 9.47690532E-06
 5  9-3.14861140E-05 0.00000000E+00-2.97099750E-05 8.53573162E-05-7.33785273E-05
 5 10-1.19787889E-05 0.00000000E+00 1.11346453E-04 0.00000000E+00
 6  1 0.00000000E+00 0.00000000E+00 0.00000000E+00 0.00000000E+00 0.00000000E+00
 6  2 9.96933206E-01 0.00000000E+00 0.00000000E+00 8.81010981E-03 0.00000000E+00
 6  3 0.00000000E+00-1.59827448E-04 0.00000000E+00 0.00000000E+00 0.00000000E+00
 6  4 0.00000000E+00 0.00000000E+00 0.00000000E+00 3.78217428E-04 0.00000000E+00
 6  5 0.00000000E+00 0.00000000E+00 0.00000000E+00 3.37996025E-06 0.00000000E+00
 6  6 0.00000000E+00-4.83917663E-05 0.00000000E+00 0.00000000E+00 0.00000000E+00
 6  7 0.00000000E+00-2.03799528E-05 0.00000000E+00 8.83128460E-06 0.00000000E+00
 6  8 0.00000000E+00 0.00000000E+00 0.00000000E+00 3.37996025E-06 0.00000000E+00
 6  9 0.00000000E+00-4.83917663E-05 0.00000000E+00 0.00000000E+00 0.00000000E+00
 6 10 0.00000000E+00 2.03799528E-05 0.00000000E+00 8.83128460E-06
 7  1 2.24493736E-03-8.71099423E-03-3.50430693E-04-9.10827330E-05 0.00000000E+00
 7  2 0.00000000E+00 9.96931497E-01 0.00000000E+00 0.00000000E+00 8.68291658E-03
 7  3 0.00000000E+00 0.00000000E+00-1.75416368E-04-2.65916217E-04-1.90573538E-04
 7  4 4.56489755E-04 0.00000000E+00 0.00000000E+00 0.00000000E+00-3.18102035E-05
 7  5-1.00037495E-04 1.72024197E-04 9.43820812E-07 0.00000000E+00 8.70373127E-06
 7  6 1.04317400E-04 0.00000000E+00-1.32354090E-04 6.65316615E-05-6.89785851E-05
 7  7 2.44692356E-06 0.00000000E+00-1.22213079E-04 0.00000000E+00-3.18102035E-05
 7  8-1.00037495E-04 1.72024197E-04-9.43820812E-07 0.00000000E+00 8.70373127E-06
 7  9-1.04317400E-04 0.00000000E+00-1.32354090E-04 6.65316615E-05-6.89785851E-05
 7 10 2.44692356E-06 0.00000000E+00 1.22213079E-04 0.00000000E+00
 8  1 4.14953706E-02-1.21063663E-01 2.45334472E-01 1.81351720E-01 0.00000000E+00
 8  2 0.00000000E+00-3.63312696E-02 0.00000000E+00 0.00000000E+00 7.43309906E-02
 8  3 0.00000000E+00 0.00000000E+00 1.08763559E-02 2.68690741E-02-2.11581553E-02
 8  4-5.71091872E-03 0.00000000E+00 0.00000000E+00 0.00000000E+00-1.33003568E-01
 8  5 2.66346314E-01 3.32284492E-01 6.61667347E-02 0.00000000E+00-3.67837383E-02
 8  6 3.48251409E-02 0.00000000E+00-1.95950611E-02 7.53908872E-03-4.05590093E-03
 8  7-3.48318779E-03 0.00000000E+00-8.65759000E-03 0.00000000E+00-1.33003568E-01
 8  8 2.66346314E-01 3.32284492E-01-6.61667347E-02 0.00000000E+00-3.67837383E-02
 8  9-3.48251409E-02 0.00000000E+00-1.95950611E-02 7.53908872E-03-4.05590093E-03
 8 10-3.48318779E-03 0.00000000E+00 8.65759000E-03 0.00000000E+00
 9  1 0.00000000E+00 0.00000000E+00 0.00000000E+00 0.00000000E+00 7.16643283E-02
 9  2 0.00000000E+00 0.00000000E+00-1.45405539E-01 0.00000000E+00 0.00000000E+00
 9  3-3.12063868E-02 0.00000000E+00 0.00000000E+00 0.00000000E+00 0.00000000E+00
 9  4 0.00000000E+00 0.00000000E+00-3.80021545E-02 0.00000000E+00-1.53959247E-01
 9  5 3.12249272E-01 3.95609687E-01 5.49929359E-02 0.00000000E+00-3.43731541E-02
 9  6 2.98020077E-02 0.00000000E+00-1.96731559E-02 5.07959459E-03-2.30647613E-03
 9  7-2.77311845E-03 0.00000000E+00-7.33609485E-03 0.00000000E+00 1.53959247E-01
 9  8-3.12249272E-01-3.95609687E-01 5.49929359E-02 0.00000000E+00 3.43731541E-02
 9  9 2.98020077E-02 0.00000000E+00 1.96731559E-02-5.07959459E-03 2.30647613E-03
 9 10 2.77311845E-03 0.00000000E+00-7.33609485E-03 0.00000000E+00
10  1 7.53672599E-02-2.14896856E-01 4.70418951E-01 4.45159681E-01 0.00000000E+00
10  2 0.00000000E+00 1.80782479E-02 0.00000000E+00 0.00000000E+00-3.44895417E-02
10  3 0.00000000E+00 0.00000000E+00-3.41494436E-02-8.42221030E-03 9.15696866E-03
10  4-7.34758361E-04 0.00000000E+00 0.00000000E+00 0.00000000E+00 9.27199452E-02
10  5-1.94172381E-01-2.85055318E-01 8.04395667E-02 0.00000000E+00-4.81521247E-02
10  6 3.77283330E-02 0.00000000E+00-1.90179381E-02 3.93308082E-03-4.49288514E-03
10  7 5.59804324E-04 0.00000000E+00-4.75546623E-03 0.00000000E+00 9.27199452E-02
10  8-1.94172381E-01-2.85055318E-01-8.04395667E-02 0.00000000E+00-4.81521247E-02
10  9-3.77283330E-02 0.00000000E+00-1.90179381E-02 3.93308082E-03-4.49288514E-03
10 10 5.59804324E-04 0.00000000E+00 4.75546623E-03 0.00000000E+00
11  1 0.00000000E+00 0.00000000E+00 0.00000000E+00 0.00000000E+00-1.85616463E-01
11  2 0.00000000E+00 0.00000000E+00 4.38285154E-01 0.00000000E+00 0.00000000E+00
11  3 1.50746041E-01 0.00000000E+00 0.00000000E+00 0.00000000E+00 0.00000000E+00
11  4 0.00000000E+00 0.00000000E+00 3.74023561E-02 0.00000000E+00-5.13810939E-02
11  5 1.07904492E-01 1.87000856E-01-2.79989551E-01 0.00000000E+00 2.12290604E-01
11  6-1.69595536E-01 0.00000000E+00 1.32897515E-01-5.56873436E-03 7.65558439E-03
11  7-2.08685003E-03 0.00000000E+00 1.24478482E-02 0.00000000E+00 5.13810939E-02
11  8-1.07904492E-01-1.87000856E-01-2.79989551E-01 0.00000000E+00-2.12290604E-01
11  9-1.69595536E-01 0.00000000E+00-1.32897515E-01 5.56873436E-03-7.65558439E-03
11 10 2.08685003E-03 0.00000000E+00 1.24478482E-02 0.00000000E+00
12  1-1.08758009E-02 4.73351683E-02-4.78453064E-02-1.99929077E-01 0.00000000E+00
12  2 0.00000000E+00-2.12492576E-01 0.00000000E+00 0.00000000E+00 5.00630110E-01
12  3 0.00000000E+00 0.00000000E+00 2.78655822E-01-1.06995314E-03-2.14577876E-02
12  4 2.25277407E-02 0.00000000E+00 0.00000000E+00 0.00000000E+00 2.36921956E-02
12  5-4.94034648E-02-9.20357983E-02 2.90358805E-01 0.00000000E+00 4.83124724E-02
12  6 1.87693394E-01 0.00000000E+00 2.98889083E-02 1.41474336E-02-5.19293534E-03
12  7-8.95449827E-03 0.00000000E+00-1.37409378E-03 0.00000000E+00 2.36921956E-02
12  8-4.94034648E-02-9.20357983E-02-2.90358805E-01 0.00000000E+00 4.83124724E-02
12  9-1.87693394E-01 0.00000000E+00 2.98889083E-02 1.41474336E-02-5.19293534E-03
12 10-8.95449827E-03 0.00000000E+00 1.37409378E-03 0.00000000E+00
13  1 0.00000000E+00 0.00000000E+00 0.00000000E+00 0.00000000E+00 0.00000000E+00
13  2-2.13440746E-01 0.00000000E+00 0.00000000E+00 5.03778677E-01 0.00000000E+00
13  3 0.00000000E+00 3.33684189E-01 0.00000000E+00 0.00000000E+00 0.00000000E+00
13  4 0.00000000E+00 0.00000000E+00 0.00000000E+00 2.69288307E-02 0.00000000E+00
13  5 0.00000000E+00 0.00000000E+00 0.00000000E+00 2.80727762E-01 0.00000000E+00
13  6 0.00000000E+00 1.75455926E-01 0.00000000E+00 0.00000000E+00 0.00000000E+00
13  7 0.00000000E+00 1.24488560E-02 0.00000000E+00-7.14786824E-03 0.00000000E+00
13  8 0.00000000E+00 0.00000000E+00 0.00000000E+00 2.80727762E-01 0.00000000E+00
13  9 0.00000000E+00 1.75455926E-01 0.00000000E+00 0.00000000E+00 0.00000000E+00
13 10 0.00000000E+00-1.24488560E-02 0.00000000E+00-7.14786824E-03
14  1 0.00000000E+00 0.00000000E+00 0.00000000E+00 0.00000000E+00 0.00000000E+00
14  2 0.00000000E+00 0.00000000E+00 0.00000000E+00 0.00000000E+00 0.00000000E+00
14  3 0.00000000E+00 0.00000000E+00 0.00000000E+00 0.00000000E+00 0.00000000E+00
14  4 0.00000000E+00-7.33163995E-02 0.00000000E+00 0.00000000E+00 0.00000000E+00
14  5 0.00000000E+00 0.00000000E+00 0.00000000E+00 4.74905765E-01 0.00000000E+00
14  6 0.00000000E+00 3.36488492E-01 0.00000000E+00 0.00000000E+00 0.00000000E+00
14  7 0.00000000E+00 1.12046903E-02 0.00000000E+00-7.24227210E-03 0.00000000E+00
14  8 0.00000000E+00 0.00000000E+00 0.00000000E+00-4.74905765E-01 0.00000000E+00
14  9 0.00000000E+00-3.36488492E-01 0.00000000E+00 0.00000000E+00 0.00000000E+00
14 10 0.00000000E+00 1.12046903E-02 0.00000000E+00 7.24227210E-03
15  1 0.00000000E+00 0.00000000E+00 0.00000000E+00 0.00000000E+00-1.93084528E-02
15  2 0.00000000E+00 0.00000000E+00 4.00107175E-02 0.00000000E+00 0.00000000E+00
15  3 1.20261456E-01 0.00000000E+00 0.00000000E+00 0.00000000E+00 0.00000000E+00
15  4 0.00000000E+00 0.00000000E+00-6.56455232E-02 0.00000000E+00-2.52817475E-03
15  5 5.96853635E-04 4.20311248E-02 3.25255462E-01 0.00000000E+00 3.46664684E-01
15  6 2.33787730E-01 0.00000000E+00 2.33327769E-01 1.05353873E-02-5.72847778E-04
15  7-9.96253949E-03 0.00000000E+00 3.76672101E-03 0.00000000E+00 2.52817475E-03
15  8-5.96853635E-04-4.20311248E-02 3.25255462E-01 0.00000000E+00-3.46664684E-01
15  9 2.33787730E-01 0.00000000E+00-2.33327769E-01-1.05353873E-02 5.72847778E-04
15 10 9.96253949E-03 0.00000000E+00 3.76672101E-03 0.00000000E+00
16  1 1.47261437E-02-6.02171808E-02 7.23053255E-02 2.69493149E-01 0.00000000E+00
16  2 0.00000000E+00 4.80110142E-02 0.00000000E+00 0.00000000E+00-1.19239073E-01
16  3 0.00000000E+00 0.00000000E+00-1.04490859E-02-9.74123285E-02 3.60687492E-02
16  4 6.13435793E-02 0.00000000E+00 0.00000000E+00 0.00000000E+00-1.91733541E-03
16  5 8.42595145E-03-2.14566042E-02-2.65911940E-02 0.00000000E+00 4.66399294E-01
16  6-2.51669704E-02 0.00000000E+00 3.37500109E-01 3.54514061E-03 3.63171323E-03
16  7-7.17685384E-03 0.00000000E+00 1.01436000E-02 0.00000000E+00-1.91733541E-03
16  8 8.42595145E-03-2.14566042E-02 2.65911940E-02 0.00000000E+00 4.66399294E-01
16  9 2.51669704E-02 0.00000000E+00 3.37500109E-01 3.54514061E-03 3.63171323E-03
16 10-7.17685384E-03 0.00000000E+00-1.01436000E-02 0.00000000E+00
17  1 0.00000000E+00 0.00000000E+00 0.00000000E+00 0.00000000E+00 0.00000000E+00
17  2-1.95954809E-01 0.00000000E+00 0.00000000E+00 4.87583033E-01 0.00000000E+00
17  3 0.00000000E+00 3.53647659E-01 0.00000000E+00 0.00000000E+00 0.00000000E+00
17  4 0.00000000E+00 0.00000000E+00 0.00000000E+00-3.53473109E-02 0.00000000E+00
17  5 0.00000000E+00 0.00000000E+00 0.00000000E+00-4.01720462E-01 0.00000000E+00
17  6 0.00000000E+00-2.97883521E-01 0.00000000E+00 0.00000000E+00 0.00000000E+00
17  7 0.00000000E+00-1.42953704E-03 0.00000000E+00 7.21677892E-04 0.00000000E+00
17  8 0.00000000E+00 0.00000000E+00 0.00000000E+00-4.01720462E-01 0.00000000E+00
17  9 0.00000000E+00-2.97883521E-01 0.00000000E+00 0.00000000E+00 0.00000000E+00
17 10 0.00000000E+00 1.42953704E-03 0.00000000E+00 7.21677892E-04
18  1 2.65636713E-02-7.43698638E-02 1.80434737E-01 3.53607972E-01 0.00000000E+00
18  2 0.00000000E+00-1.92267886E-01 0.00000000E+00 0.00000000E+00 4.89089141E-01
18  3 0.00000000E+00 0.00000000E+00 4.92755495E-01-7.83704283E-02 8.87133592E-02
18  4-1.03429309E-02 0.00000000E+00 0.00000000E+00 0.00000000E+00 2.87631004E-02
18  5-5.63733041E-02-1.95070272E-01-4.03128593E-01 0.00000000E+00-4.13934155E-03
18  6-3.38437955E-01 0.00000000E+00 3.41653779E-03 2.50058023E-03 1.11233833E-03
18  7-3.61291857E-03 0.00000000E+00 3.19822712E-03 0.00000000E+00 2.87631004E-02
18  8-5.63733041E-02-1.95070272E-01 4.03128593E-01 0.00000000E+00-4.13934155E-03
18  9 3.38437955E-01 0.00000000E+00 3.41653779E-03 2.50058023E-03 1.11233833E-03
18 10-3.61291857E-03 0.00000000E+00-3.19822712E-03 0.00000000E+00
19  1 0.00000000E+00 0.00000000E+00 0.00000000E+00 0.00000000E+00-2.22150845E-01
19  2 0.00000000E+00 0.00000000E+00 5.65721897E-01 0.00000000E+00 0.00000000E+00
19  3 7.23844751E-01 0.00000000E+00 0.00000000E+00 0.00000000E+00 0.00000000E+00
19  4 0.00000000E+00 0.00000000E+00-1.40248964E-01 0.00000000E+00-3.93562332E-02
19  5 6.96803636E-02 3.15805657E-01 1.97929616E-01 0.00000000E+00-2.91729115E-01
19  6 2.08885544E-01 0.00000000E+00-2.55707927E-01 3.75676882E-03 1.15365757E-03
19  7-4.91042639E-03 0.00000000E+00 2.72719809E-03 0.00000000E+00 3.93562332E-02
19  8-6.96803636E-02-3.15805657E-01 1.97929616E-01 0.00000000E+00 2.91729115E-01
19  9 2.08885544E-01 0.00000000E+00 2.55707927E-01-3.75676882E-03-1.15365757E-03
19 10 4.91042639E-03 0.00000000E+00 2.72719809E-03 0.00000000E+00
20  1 0.00000000E+00 0.00000000E+00 0.00000000E+00 0.00000000E+00 2.71088621E-01
20  2 0.00000000E+00 0.00000000E+00-1.04763487E+00 0.00000000E+00 0.00000000E+00
20  3 1.48609941E+00 0.00000000E+00 0.00000000E+00 0.00000000E+00 0.00000000E+00
20  4 0.00000000E+00 0.00000000E+00-1.42377072E-01 0.00000000E+00-1.43854860E-02
20  5-3.20523382E-02 4.61124967E-01-2.30935467E-01 0.00000000E+00 2.47687984E-02
20  6 1.52361058E-01 0.00000000E+00-1.46515747E-01 3.11229945E-02-2.22996549E-02
20  7-8.82333956E-03 0.00000000E+00-3.31805975E-02 0.00000000E+00 1.43854860E-02
20  8 3.20523382E-02-4.61124967E-01-2.30935467E-01 0.00000000E+00-2.47687984E-02
20  9 1.52361058E-01 0.00000000E+00 1.46515747E-01-3.11229945E-02 2.22996549E-02
20 10 8.82333956E-03 0.00000000E+00-3.31805975E-02 0.00000000E+00
21  1 3.44816994E-03-3.89805061E-02-1.13097133E-02 2.49849241E-01 0.00000000E+00
21  2 0.00000000E+00 2.82617223E-01 0.00000000E+00 0.00000000E+00-1.09535943E+00
21  3 0.00000000E+00 0.00000000E+00 1.33355955E+00 2.05778290E-02 1.52184586E-01
21  4-1.72762415E-01 0.00000000E+00 0.00000000E+00 0.00000000E+00 1.15512971E-02
21  5 5.59469078E-03-2.70389056E-01 6.59661675E-02 0.00000000E+00-1.14635850E-01
21  6-1.82609711E-01 0.00000000E+00-1.03888015E-02-2.40274291E-02 1.54539590E-02
21  7 8.57347012E-03 0.00000000E+00 1.36401473E-02 0.00000000E+00 1.15512971E-02
21  8 5.59469078E-03-2.70389056E-01-6.59661675E-02 0.00000000E+00-1.14635850E-01
21  9 1.82609711E-01 0.00000000E+00-1.03888015E-02-2.40274291E-02 1.54539590E-02
21 10 8.57347012E-03 0.00000000E+00-1.36401473E-02 0.00000000E+00
22  1 0.00000000E+00 0.00000000E+00 0.00000000E+00 0.00000000E+00 0.00000000E+00
22  2 2.94290897E-01 0.00000000E+00 0.00000000E+00-1.13798323E+00 0.00000000E+00
22  3 0.00000000E+00 1.22449254E+00 0.00000000E+00 0.00000000E+00 0.00000000E+00
22  4 0.00000000E+00 0.00000000E+00 0.00000000E+00-1.56148292E-01 0.00000000E+00
22  5 0.00000000E+00 0.00000000E+00 0.00000000E+00-8.20069398E-02 0.00000000E+00
22  6 0.00000000E+00-9.14763531E-02 0.00000000E+00 0.00000000E+00 0.00000000E+00
22  7 0.00000000E+00-1.05295115E-02 0.00000000E+00 3.88599439E-03 0.00000000E+00
22  8 0.00000000E+00 0.00000000E+00 0.00000000E+00-8.20069398E-02 0.00000000E+00
22  9 0.00000000E+00-9.14763531E-02 0.00000000E+00 0.00000000E+00 0.00000000E+00
22 10 0.00000000E+00 1.05295115E-02 0.00000000E+00 3.88599439E-03
23  1-1.05817251E-01-3.83589326E-01-1.63691679E+00 1.96453484E+00 0.00000000E+00
23  2 0.00000000E+00-2.15942859E-02 0.00000000E+00 0.00000000E+00 7.29284071E-02
23  3 0.00000000E+00 0.00000000E+00 1.02808997E-01-3.64928073E-01 2.83987921E-01
23  4 8.09401516E-02 0.00000000E+00 0.00000000E+00 0.00000000E+00 1.48740731E-02
23  5-3.35712305E-02-2.20708816E-01 2.97898967E-02 0.00000000E+00-1.35653011E-01
23  6-1.39668356E-01 0.00000000E+00 1.20344741E-01-1.76231711E-02 2.61367932E-02
23  7-8.51362215E-03 0.00000000E+00 4.23807965E-02 0.00000000E+00 1.48740731E-02
23  8-3.35712305E-02-2.20708816E-01-2.97898967E-02 0.00000000E+00-1.35653011E-01
23  9 1.39668356E-01 0.00000000E+00 1.20344741E-01-1.76231711E-02 2.61367932E-02
23 10-8.51362215E-03 0.00000000E+00-4.23807965E-02 0.00000000E+00
24  1 0.00000000E+00 0.00000000E+00 0.00000000E+00 0.00000000E+00 0.00000000E+00
24  2 0.00000000E+00 0.00000000E+00 0.00000000E+00 0.00000000E+00 0.00000000E+00
24  3 0.00000000E+00 0.00000000E+00 0.00000000E+00 0.00000000E+00 0.00000000E+00
24  4 0.00000000E+00 8.70979539E-01 0.00000000E+00 0.00000000E+00 0.00000000E+00
24  5 0.00000000E+00 0.00000000E+00 0.00000000E+00 3.12420525E-01 0.00000000E+00
24  6 0.00000000E+00-1.86489698E-01 0.00000000E+00 0.00000000E+00 0.00000000E+00
24  7 0.00000000E+00-4.13336453E-02 0.00000000E+00 3.15554854E-02 0.00000000E+00
24  8 0.00000000E+00 0.00000000E+00 0.00000000E+00-3.12420525E-01 0.00000000E+00
24  9 0.00000000E+00 1.86489698E-01 0.00000000E+00 0.00000000E+00 0.00000000E+00
24 10 0.00000000E+00-4.13336453E-02 0.00000000E+00-3.15554854E-02
25  1 1.15448981E-02 4.37691444E-02 1.81247601E-01-2.28042987E-01 0.00000000E+00
25  2 0.00000000E+00 5.05445972E-02 0.00000000E+00 0.00000000E+00-1.87752358E-01
25  3 0.00000000E+00 0.00000000E+00 1.04050479E-01-3.29098892E-01-5.48981332E-01
25  4 8.78080223E-01 0.00000000E+00 0.00000000E+00 0.00000000E+00-4.37438422E-03
25  5 1.78342419E-02 1.09554311E-02-1.26834742E-01 0.00000000E+00-2.44886798E-01
25  6 1.11443329E-01 0.00000000E+00 1.24652817E-01 3.12874068E-02-8.40904506E-03
25  7-2.28783617E-02 0.00000000E+00 2.52421092E-02 0.00000000E+00-4.37438422E-03
25  8 1.78342419E-02 1.09554311E-02 1.26834742E-01 0.00000000E+00-2.44886798E-01
25  9-1.11443329E-01 0.00000000E+00 1.24652817E-01 3.12874068E-02-8.40904506E-03
25 10-2.28783617E-02 0.00000000E+00-2.52421092E-02 0.00000000E+00
26  1 0.00000000E+00 0.00000000E+00 0.00000000E+00 0.00000000E+00 0.00000000E+00
26  2 4.25430101E-02 0.00000000E+00 0.00000000E+00-1.59513961E-01 0.00000000E+00
26  3 0.00000000E+00 1.09188429E-01 0.00000000E+00 0.00000000E+00 0.00000000E+00
26  4 0.00000000E+00 0.00000000E+00 0.00000000E+00 9.31052292E-01 0.00000000E+00
26  5 0.00000000E+00 0.00000000E+00 0.00000000E+00-2.19154028E-01 0.00000000E+00
26  6 0.00000000E+00 1.32639368E-01 0.00000000E+00 0.00000000E+00 0.00000000E+00
26  7 0.00000000E+00 3.30372432E-02 0.00000000E+00-4.42856941E-03 0.00000000E+00
26  8 0.00000000E+00 0.00000000E+00 0.00000000E+00-2.19154028E-01 0.00000000E+00
26  9 0.00000000E+00 1.32639368E-01 0.00000000E+00 0.00000000E+00 0.00000000E+00
26 10 0.00000000E+00-3.30372432E-02 0.00000000E+00-4.42856941E-03
27  1-4.78159210E-02-2.56169729E-01-8.46098191E-01 1.42888724E+00 0.00000000E+00
27  2 0.00000000E+00-1.64668914E-03 0.00000000E+00 0.00000000E+00-2.00590620E-02
27  3 0.00000000E+00 0.00000000E+00 4.62155393E-01 7.72810054E-01-7.66452627E-01
27  4-6.35742662E-03 0.00000000E+00 0.00000000E+00 0.00000000E+00 5.57621586E-02
27  5-2.95157364E-01-1.62966251E-01 7.03956388E-02 0.00000000E+00 8.59789327E-02
27  6-4.81088456E-01 0.00000000E+00 1.22569818E-01-8.78722452E-03-1.35998850E-02
27  7 2.23871095E-02 0.00000000E+00-1.49711651E-02 0.00000000E+00 5.57621586E-02
27  8-2.95157364E-01-1.62966251E-01-7.03956388E-02 0.00000000E+00 8.59789327E-02
27  9 4.81088456E-01 0.00000000E+00 1.22569818E-01-8.78722452E-03-1.35998850E-02
27 10 2.23871095E-02 0.00000000E+00 1.49711651E-02 0.00000000E+00
28  1 0.00000000E+00 0.00000000E+00 0.00000000E+00 0.00000000E+00 1.12100934E-02
28  2 0.00000000E+00 0.00000000E+00-7.49176511E-02 0.00000000E+00 0.00000000E+00
28  3 7.60024940E-01 0.00000000E+00 0.00000000E+00 0.00000000E+00 0.00000000E+00
28  4 0.00000000E+00 0.00000000E+00 9.45562324E-01 0.00000000E+00-5.47654794E-02
28  5 2.76827788E-01 1.77643936E-01 3.60297704E-02 0.00000000E+00 1.37680279E-01
28  6 3.38608688E-01 0.00000000E+00-3.68825113E-01-4.17523885E-02 1.10034670E-02
28  7 3.07489215E-02 0.00000000E+00 1.12594458E-02 0.00000000E+00 5.47654794E-02
28  8-2.76827788E-01-1.77643936E-01 3.60297704E-02 0.00000000E+00-1.37680279E-01
28  9 3.38608688E-01 0.00000000E+00 3.68825113E-01 4.17523885E-02-1.10034670E-02
28 10-3.07489215E-02 0.00000000E+00 1.12594458E-02 0.00000000E+00
29  1 0.00000000E+00 0.00000000E+00 0.00000000E+00 0.00000000E+00 0.00000000E+00
29  2 0.00000000E+00 0.00000000E+00 0.00000000E+00 0.00000000E+00 0.00000000E+00
29  3 0.00000000E+00 0.00000000E+00 0.00000000E+00 0.00000000E+00 0.00000000E+00
29  4 0.00000000E+00 5.06126290E-01 0.00000000E+00 0.00000000E+00 0.00000000E+00
29  5 0.00000000E+00 0.00000000E+00 0.00000000E+00-5.67995089E-01 0.00000000E+00
29  6 0.00000000E+00 7.33540965E-01 0.00000000E+00 0.00000000E+00 0.00000000E+00
29  7 0.00000000E+00-3.78478114E-02 0.00000000E+00 2.66954448E-02 0.00000000E+00
29  8 0.00000000E+00 0.00000000E+00 0.00000000E+00 5.67995089E-01 0.00000000E+00
29  9 0.00000000E+00-7.33540965E-01 0.00000000E+00 0.00000000E+00 0.00000000E+00
29 10 0.00000000E+00-3.78478114E-02 0.00000000E+00-2.66954448E-02
30  1-2.86426672E-02-6.62076532E-02-4.11012097E-01-7.50147820E-02 0.00000000E+00
30  2 0.00000000E+00 4.38102924E-02 0.00000000E+00 0.00000000E+00-2.28927013E-01
30  3 0.00000000E+00 0.00000000E+00-8.98081806E-02 2.61069087E-01-7.91686761E-02
30  4-1.81900411E-01 0.00000000E+00 0.00000000E+00 0.00000000E+00-1.27516640E-02
30  5 1.27856545E-01-6.67073140E-02-5.96180547E-01 0.00000000E+00 1.11834701E-01
30  6 7.87499459E-01 0.00000000E+00-1.24989275E-01-3.97520504E-02 1.21992256E-02
30  7 2.75528248E-02 0.00000000E+00 7.15033554E-03 0.00000000E+00-1.27516640E-02
30  8 1.27856545E-01-6.67073140E-02 5.96180547E-01 0.00000000E+00 1.11834701E-01
30  9-7.87499459E-01 0.00000000E+00-1.24989275E-01-3.97520504E-02 1.21992256E-02
30 10 2.75528248E-02 0.00000000E+00-7.15033554E-03 0.00000000E+00
31  1 0.00000000E+00 0.00000000E+00 0.00000000E+00 0.00000000E+00 6.51641876E-03
31  2 0.00000000E+00 0.00000000E+00-2.47442050E-02 0.00000000E+00 0.00000000E+00
31  3-2.25063661E-01 0.00000000E+00 0.00000000E+00 0.00000000E+00 0.00000000E+00
31  4 0.00000000E+00 0.00000000E+00 3.10945049E-01 0.00000000E+00 1.61904103E-03
31  5-3.51146710E-02-1.27897813E-02-1.88373546E-01 0.00000000E+00-5.87322632E-01
31  6 2.71838298E-01 0.00000000E+00 7.20638964E-01-2.79584430E-02 7.25143942E-03
31  7 2.07070036E-02 0.00000000E+00-3.78148968E-04 0.00000000E+00-1.61904103E-03
31  8 3.51146710E-02 1.27897813E-02-1.88373546E-01 0.00000000E+00 5.87322632E-01
31  9 2.71838298E-01 0.00000000E+00-7.20638964E-01 2.79584430E-02-7.25143942E-03
31 10-2.07070036E-02 0.00000000E+00-3.78148968E-04 0.00000000E+00
32  1 0.00000000E+00 0.00000000E+00 0.00000000E+00 0.00000000E+00 0.00000000E+00
32  2-3.05828321E-02 0.00000000E+00 0.00000000E+00 1.61200074E-01 0.00000000E+00
32  3 0.00000000E+00-5.42155365E-01 0.00000000E+00 0.00000000E+00 0.00000000E+00
32  4 0.00000000E+00 0.00000000E+00 0.00000000E+00-3.39595420E-01 0.00000000E+00
32  5 0.00000000E+00 0.00000000E+00 0.00000000E+00-5.99304978E-01 0.00000000E+00
32  6 0.00000000E+00 8.34169154E-01 0.00000000E+00 0.00000000E+00 0.00000000E+00
32  7 0.00000000E+00-3.40656597E-02 0.00000000E+00 1.27895913E-02 0.00000000E+00
32  8 0.00000000E+00 0.00000000E+00 0.00000000E+00-5.99304978E-01 0.00000000E+00
32  9 0.00000000E+00 8.34169154E-01 0.00000000E+00 0.00000000E+00 0.00000000E+00
32 10 0.00000000E+00 3.40656597E-02 0.00000000E+00 1.27895913E-02
33  1 1.24342596E-02 3.52039990E-02 1.87218955E-01 1.02776664E-02 0.00000000E+00
33  2 0.00000000E+00-4.76251530E-02 0.00000000E+00 0.00000000E+00 2.50957341E-01
33  3 0.00000000E+00 0.00000000E+00-4.61848811E-01 3.52054145E-01 6.40371305E-02
33  4-4.16091275E-01 0.00000000E+00 0.00000000E+00 0.00000000E+00 4.14829741E-03
33  5-2.06019128E-02 5.62293238E-02-7.00685932E-02 0.00000000E+00-5.63280309E-01
33  6 8.16029386E-02 0.00000000E+00 8.03603106E-01-1.27686502E-02-1.73660290E-02
33  7 3.01346792E-02 0.00000000E+00-5.45966341E-02 0.00000000E+00 4.14829741E-03
33  8-2.06019128E-02 5.62293238E-02 7.00685932E-02 0.00000000E+00-5.63280309E-01
33  9-8.16029386E-02 0.00000000E+00 8.03603106E-01-1.27686502E-02-1.73660290E-02
33 10 3.01346792E-02 0.00000000E+00 5.45966341E-02 0.00000000E+00
34  1 0.00000000E+00 0.00000000E+00 0.00000000E+00 0.00000000E+00-1.02973324E-01
34  2 0.00000000E+00 0.00000000E+00 5.45074706E-01 0.00000000E+00 0.00000000E+00
34  3-2.90992461E-01 0.00000000E+00 0.00000000E+00 0.00000000E+00 0.00000000E+00
34  4 0.00000000E+00 0.00000000E+00-1.38549644E-01 0.00000000E+00-7.82455693E-03
34  5 1.05819502E-01-1.49836671E-01-5.86442939E-01 0.00000000E+00 1.77526705E-01
34  6 7.52117992E-01 0.00000000E+00-2.26884775E-01-2.08311290E-02 2.46166617E-02
34  7-3.78553274E-03 0.00000000E+00 3.29689061E-02 0.00000000E+00 7.82455693E-03
34  8-1.05819502E-01 1.49836671E-01-5.86442939E-01 0.00000000E+00-1.77526705E-01
34  9 7.52117992E-01 0.00000000E+00 2.26884775E-01 2.08311290E-02-2.46166617E-02
34 10 3.78553274E-03 0.00000000E+00 3.29689061E-02 0.00000000E+00
35  1 0.00000000E+00 0.00000000E+00 0.00000000E+00 0.00000000E+00-2.23536433E-02
35  2 0.00000000E+00 0.00000000E+00 7.78633846E-02 0.00000000E+00 0.00000000E+00
35  3 1.03993936E+00 0.00000000E+00 0.00000000E+00 0.00000000E+00 0.00000000E+00
35  4 0.00000000E+00 0.00000000E+00 4.04899763E-01 0.00000000E+00 1.34082084E-02
35  5-1.14474608E+00 1.60248304E+00-5.47467275E-02 0.00000000E+00 9.99028885E-02
35  6 3.78383821E-01 0.00000000E+00-3.94986942E-01-1.01385926E-01 9.25314616E-02
35  7 8.85446467E-03 0.00000000E+00 1.56132796E-01 0.00000000E+00-1.34082084E-02
35  8 1.14474608E+00-1.60248304E+00-5.47467275E-02 0.00000000E+00-9.99028885E-02
35  9 3.78383821E-01 0.00000000E+00 3.94986942E-01 1.01385926E-01-9.25314616E-02
35 10-8.85446467E-03 0.00000000E+00 1.56132796E-01 0.00000000E+00
36  1-2.85843064E-02-2.79568256E-01-6.57486689E-01 1.67492351E+00 0.00000000E+00
36  2 0.00000000E+00-1.10800323E-02 0.00000000E+00 0.00000000E+00 3.71277687E-02
36  3 0.00000000E+00 0.00000000E+00 6.81936952E-01 3.23949455E-01-3.00284779E-01
36  4-2.36646752E-02 0.00000000E+00 0.00000000E+00 0.00000000E+00-9.70456089E-03
36  5 1.11655413E+00-1.57701079E+00 1.22948880E-01 0.00000000E+00-3.75747249E-03
36  6-6.06317557E-01 0.00000000E+00 1.58001050E-01 1.76898736E-01-1.20340615E-01
36  7-5.65581213E-02 0.00000000E+00-1.34540706E-01 0.00000000E+00-9.70456089E-03
36  8 1.11655413E+00-1.57701079E+00-1.22948880E-01 0.00000000E+00-3.75747249E-03
36  9 6.06317557E-01 0.00000000E+00 1.58001050E-01 1.76898736E-01-1.20340615E-01
36 10-5.65581213E-02 0.00000000E+00 1.34540706E-01 0.00000000E+00
37  1 0.00000000E+00 0.00000000E+00 0.00000000E+00 0.00000000E+00-5.04051907E-03
37  2 0.00000000E+00 0.00000000E+00 6.38609489E-03 0.00000000E+00 0.00000000E+00
37  3 9.32774803E-02 0.00000000E+00 0.00000000E+00 0.00000000E+00 0.00000000E+00
37  4 0.00000000E+00 0.00000000E+00-3.99412996E-02 0.00000000E+00 3.85116939E-04
37  5-4.73688365E-02 7.80087138E-02 3.93705721E-03 0.00000000E+00 2.07862669E-02
37  6 5.12875720E-03 0.00000000E+00-3.98200698E-02-4.35398601E-01 4.99615833E-01
37  7-6.42172313E-02 0.00000000E+00-4.53002158E-01 0.00000000E+00-3.85116939E-04
37  8 4.73688365E-02-7.80087138E-02 3.93705721E-03 0.00000000E+00-2.07862669E-02
37  9 5.12875720E-03 0.00000000E+00 3.98200698E-02 4.35398601E-01-4.99615833E-01
37 10 6.42172313E-02 0.00000000E+00-4.53002158E-01 0.00000000E+00
38  1 0.00000000E+00 0.00000000E+00 0.00000000E+00 0.00000000E+00 0.00000000E+00
38  2 0.00000000E+00 0.00000000E+00 0.00000000E+00 0.00000000E+00 0.00000000E+00
38  3 0.00000000E+00 0.00000000E+00 0.00000000E+00 0.00000000E+00 0.00000000E+00
38  4 0.00000000E+00 3.72715088E-02 0.00000000E+00 0.00000000E+00 0.00000000E+00
38  5 0.00000000E+00 0.00000000E+00 0.00000000E+00-6.67395678E-03 0.00000000E+00
38  6 0.00000000E+00 1.00420544E-02 0.00000000E+00 0.00000000E+00 0.00000000E+00
38  7 0.00000000E+00 4.96949735E-01 0.00000000E+00 5.03185066E-01 0.00000000E+00
38  8 0.00000000E+00 0.00000000E+00 0.00000000E+00 6.67395678E-03 0.00000000E+00
38  9 0.00000000E+00-1.00420544E-02 0.00000000E+00 0.00000000E+00 0.00000000E+00
38 10 0.00000000E+00 4.96949735E-01 0.00000000E+00-5.03185066E-01
39  1 0.00000000E+00 0.00000000E+00 0.00000000E+00 0.00000000E+00 0.00000000E+00
39  2-3.87570937E-03 0.00000000E+00 0.00000000E+00 3.91467553E-03 0.00000000E+00
39  3 0.00000000E+00 3.85004667E-02 0.00000000E+00 0.00000000E+00 0.00000000E+00
39  4 0.00000000E+00 0.00000000E+00 0.00000000E+00 3.67724721E-03 0.00000000E+00
39  5 0.00000000E+00 0.00000000E+00 0.00000000E+00 1.07621078E-02 0.00000000E+00
39  6 0.00000000E+00-1.87755409E-02 0.00000000E+00 0.00000000E+00 0.00000000E+00
39  7 0.00000000E+00 1.67856792E-01 0.00000000E+00 6.87220665E-01 0.00000000E+00
39  8 0.00000000E+00 0.00000000E+00 0.00000000E+00 1.07621078E-02 0.00000000E+00
39  9 0.00000000E+00-1.87755409E-02 0.00000000E+00 0.00000000E+00 0.00000000E+00
39 10 0.00000000E+00-1.67856792E-01 0.00000000E+00 6.87220665E-01
40  1-8.07276727E-04-2.92551239E-03-1.25655110E-02 1.49045083E-02 0.00000000E+00
40  2 0.00000000E+00 1.75977820E-03 0.00000000E+00 0.00000000E+00-6.10333916E-03
40  3 0.00000000E+00 0.00000000E+00 4.21782402E-03 1.46601424E-02-3.57417156E-02
40  4 2.10815732E-02 0.00000000E+00 0.00000000E+00 0.00000000E+00 9.21829483E-04
40  5 2.08161113E-03-1.00743309E-02-4.71960420E-03 0.00000000E+00 6.19681482E-04
40  6 4.80495402E-04 0.00000000E+00 1.07222578E-03-1.24231458E-01 6.02973014E-01
40  7-4.78741557E-01 0.00000000E+00-3.07263020E-01 0.00000000E+00 9.21829483E-04
40  8 2.08161113E-03-1.00743309E-02 4.71960420E-03 0.00000000E+00 6.19681482E-04
40  9-4.80495402E-04 0.00000000E+00 1.07222578E-03-1.24231458E-01 6.02973014E-01
40 10-4.78741557E-01 0.00000000E+00 3.07263020E-01 0.00000000E+00
41  1 0.00000000E+00 0.00000000E+00 0.00000000E+00 0.00000000E+00-1.85048035E-02
41  2 0.00000000E+00 0.00000000E+00 5.39161359E-02 0.00000000E+00 0.00000000E+00
41  3 1.34991100E-01 0.00000000E+00 0.00000000E+00 0.00000000E+00 0.00000000E+00
41  4 0.00000000E+00 0.00000000E+00-5.21107709E-02 0.00000000E+00-3.17677452E-04
41  5-9.04675728E-02 1.45633908E-01-7.94055248E-03 0.00000000E+00 3.31370588E-02
41  6 3.69720207E-02 0.00000000E+00-6.73573627E-02-3.06900830E-01-3.82908286E-01
41  7 6.89809117E-01 0.00000000E+00-1.51963879E-01 0.00000000E+00 3.17677452E-04
41  8 9.04675728E-02-1.45633908E-01-7.94055248E-03 0.00000000E+00-3.31370588E-02
41  9 3.69720207E-02 0.00000000E+00 6.73573627E-02 3.06900830E-01 3.82908286E-01
41 10-6.89809117E-01 0.00000000E+00-1.51963879E-01 0.00000000E+00
42  1 0.00000000E+00 0.00000000E+00 0.00000000E+00 0.00000000E+00 0.00000000E+00
42  2 1.23506712E-02 0.00000000E+00 0.00000000E+00-8.02089354E-03 0.00000000E+00
42  3 0.00000000E+00-1.49080258E-01 0.00000000E+00 0.00000000E+00 0.00000000E+00
42  4 0.00000000E+00 0.00000000E+00 0.00000000E+00-1.47903168E-01 0.00000000E+00
42  5 0.00000000E+00 0.00000000E+00 0.00000000E+00-4.33697515E-02 0.00000000E+00
42  6 0.00000000E+00 8.61973407E-02 0.00000000E+00 0.00000000E+00 0.00000000E+00
42  7 0.00000000E+00 6.90620686E-01 0.00000000E+00-1.71269093E-01 0.00000000E+00
42  8 0.00000000E+00 0.00000000E+00 0.00000000E+00-4.33697515E-02 0.00000000E+00
42  9 0.00000000E+00 8.61973407E-02 0.00000000E+00 0.00000000E+00 0.00000000E+00
42 10 0.00000000E+00-6.90620686E-01 0.00000000E+00-1.71269093E-01
43  1 0.00000000E+00 0.00000000E+00 0.00000000E+00 0.00000000E+00 0.00000000E+00
43  2 0.00000000E+00 0.00000000E+00 0.00000000E+00 0.00000000E+00 0.00000000E+00
43  3 0.00000000E+00 0.00000000E+00 0.00000000E+00 0.00000000E+00 0.00000000E+00
43  4 0.00000000E+00 2.29508054E-01 0.00000000E+00 0.00000000E+00 0.00000000E+00
43  5 0.00000000E+00 0.00000000E+00 0.00000000E+00-3.00997092E-02 0.00000000E+00
43  6 0.00000000E+00 5.26155241E-02 0.00000000E+00 0.00000000E+00 0.00000000E+00
43  7 0.00000000E+00 5.05491218E-01 0.00000000E+00-4.97749081E-01 0.00000000E+00
43  8 0.00000000E+00 0.00000000E+00 0.00000000E+00 3.00997092E-02 0.00000000E+00
43  9 0.00000000E+00-5.26155241E-02 0.00000000E+00 0.00000000E+00 0.00000000E+00
43 10 0.00000000E+00 5.05491218E-01 0.00000000E+00 4.97749081E-01
44  1 3.02739429E-03 5.00103566E-02 9.52312813E-02-2.95499766E-01 0.00000000E+00
44  2 0.00000000E+00 1.80560454E-02 0.00000000E+00 0.00000000E+00-2.99428567E-02
44  3 0.00000000E+00 0.00000000E+00-2.58142231E-01 1.34582131E-01 7.17856361E-02
44  4-2.06367767E-01 0.00000000E+00 0.00000000E+00 0.00000000E+00-4.35212584E-04
44  5-1.58528742E-01 2.59152252E-01-5.41884438E-02 0.00000000E+00-3.10803852E-02
44  6 1.64741549E-01 0.00000000E+00 4.94679444E-02 5.64173460E-01-4.29229757E-02
44  7-5.21250484E-01 0.00000000E+00 3.31615748E-01 0.00000000E+00-4.35212584E-04
44  8-1.58528742E-01 2.59152252E-01 5.41884438E-02 0.00000000E+00-3.10803852E-02
44  9-1.64741549E-01 0.00000000E+00 4.94679444E-02 5.64173460E-01-4.29229757E-02
44 10-5.21250484E-01 0.00000000E+00-3.31615748E-01 0.00000000E+00
45  1 6.29884598E-03-1.60242077E-01-1.29960313E-01 9.67162283E-01 0.00000000E+00
45  2 0.00000000E+00-7.43951565E-02 0.00000000E+00 0.00000000E+00 2.78954723E-01
45  3 0.00000000E+00 0.00000000E+00 2.72284720E-01 4.55788121E-01-3.61771947E-01
45  4-9.40161740E-02 0.00000000E+00 0.00000000E+00 0.00000000E+00 8.89058858E-03
45  5 5.09859719E-01-8.20094232E-01 9.87002511E-02 0.00000000E+00-4.86841844E-02
45  6-4.55526774E-01 0.00000000E+00 2.28079402E-01-3.98829603E-01 3.65729613E-01
45  7 3.30999904E-02 0.00000000E+00 5.55713050E-01 0.00000000E+00 8.89058858E-03
45  8 5.09859719E-01-8.20094232E-01-9.87002511E-02 0.00000000E+00-4.86841844E-02
45  9 4.55526774E-01 0.00000000E+00 2.28079402E-01-3.98829603E-01 3.65729613E-01
45 10 3.30999904E-02 0.00000000E+00-5.55713050E-01 0.00000000E+00
46  1 0.00000000E+00 0.00000000E+00 0.00000000E+00 0.00000000E+00-1.25613789E-01
46  2 0.00000000E+00 0.00000000E+00 4.67037224E-01 0.00000000E+00 0.00000000E+00
46  3 3.68103076E-01 0.00000000E+00 0.00000000E+00 0.00000000E+00 0.00000000E+00
46  4 0.00000000E+00 0.00000000E+00 5.02584171E-01 0.00000000E+00-9.23868316E-03
46  5-4.33612033E-01 7.00304120E-01-7.16531059E-02 0.00000000E+00 4.72711874E-02
46  6 3.63603647E-01 0.00000000E+00-2.34338580E-01 4.83006698E-01-3.30293994E-01
46  7-1.52712704E-01 0.00000000E+00-5.29297276E-01 0.00000000E+00 9.23868316E-03
46  8 4.33612033E-01-7.00304120E-01-7.16531059E-02 0.00000000E+00-4.72711874E-02
46  9 3.63603647E-01 0.00000000E+00 2.34338580E-01-4.83006698E-01 3.30293994E-01
46 10 1.52712704E-01 0.00000000E+00-5.29297276E-01 0.00000000E+00
 $END   
 POPULATION ANALYSIS
S           15.23653   0.76347  15.26573   0.73427
O            8.38174  -0.38174   8.36714  -0.36714
O            8.38174  -0.38174   8.36714  -0.36714
 MOMENTS AT POINT    1 X,Y,Z=  0.000000  0.000000  0.000000
 DIPOLE       0.000000  0.000000 -2.209901
