 $DATA  
Title                                                                           
CNV      2

S          16.0      0.0000000000      0.0000000000     -0.3442413654
   PC1     0
        
O           8.0      0.9829824531      0.0000000000      0.3440503582
   PC1     0
        
 $END      
 $ZMAT   IZMAT(1)=
         1,   3,   1,
         1,   2,   1,
         2,   2,   1,   3,
 $END
--- CLOSED SHELL ORBITALS --- GENERATED AT Thu Feb 26 00:12:52 2015
Title                                                                           
E(R-PBE)=     -547.9256306493, E(NUC)=  130.1179768731,   20 ITERS
 $VEC   
 1  1 1.00298121E+00-1.01463146E-02 2.07842854E-03-4.39988037E-04 0.00000000E+00
 1  2 0.00000000E+00 3.64707118E-05 0.00000000E+00 0.00000000E+00 2.99017331E-04
 1  3 0.00000000E+00 0.00000000E+00 2.67007433E-05 1.76922369E-04-1.46188150E-04
 1  4-3.07342190E-05 0.00000000E+00 0.00000000E+00 0.00000000E+00 7.54547348E-06
 1  5-3.54714734E-05-3.45767337E-04-1.22128427E-04 0.00000000E+00 8.77620517E-05
 1  6-2.33650748E-04 0.00000000E+00 2.03928521E-04-3.45540852E-05 5.14406967E-05
 1  7-1.68866116E-05 0.00000000E+00 7.69658431E-05 0.00000000E+00 7.54547348E-06
 1  8-3.54714734E-05-3.45767337E-04 1.22128427E-04 0.00000000E+00 8.77620517E-05
 1  9 2.33650748E-04 0.00000000E+00 2.03928521E-04-3.45540852E-05 5.14406967E-05
 1 10-1.68866116E-05 0.00000000E+00-7.69658431E-05 0.00000000E+00
 2  1 0.00000000E+00 0.00000000E+00 0.00000000E+00 0.00000000E+00-4.01800922E-04
 2  2 0.00000000E+00 0.00000000E+00 1.47326322E-03 0.00000000E+00 0.00000000E+00
 2  3-4.27860850E-03 0.00000000E+00 0.00000000E+00 0.00000000E+00 0.00000000E+00
 2  4 0.00000000E+00 0.00000000E+00 2.62500032E-03 0.00000000E+00 7.03186574E-01
 2  5 2.72186788E-02-1.19100165E-02 1.93855858E-03 0.00000000E+00-1.38617549E-03
 2  6-1.83629137E-03 0.00000000E+00 1.72754277E-03-2.14252214E-06 1.04397388E-04
 2  7-1.02254866E-04 0.00000000E+00-4.16824807E-04 0.00000000E+00-7.03186574E-01
 2  8-2.72186788E-02 1.19100165E-02 1.93855858E-03 0.00000000E+00 1.38617549E-03
 2  9-1.83629137E-03 0.00000000E+00-1.72754277E-03 2.14252214E-06-1.04397388E-04
 2 10 1.02254866E-04 0.00000000E+00-4.16824807E-04 0.00000000E+00
 3  1-9.40924466E-05 2.27605438E-04-1.22334380E-03 1.20664938E-02 0.00000000E+00
 3  2 0.00000000E+00 7.45459865E-05 0.00000000E+00 0.00000000E+00 1.46118874E-04
 3  3 0.00000000E+00 0.00000000E+00 4.92463130E-03-7.36118687E-04 4.71794108E-04
 3  4 2.64324579E-04 0.00000000E+00 0.00000000E+00 0.00000000E+00 7.03170287E-01
 3  5 2.67769407E-02-1.46897183E-02 1.39227367E-03 0.00000000E+00-9.27468108E-04
 3  6-2.83517667E-03 0.00000000E+00 1.20957766E-03 2.34091837E-04-3.03189612E-04
 3  7 6.90977748E-05 0.00000000E+00-3.96529049E-05 0.00000000E+00 7.03170287E-01
 3  8 2.67769407E-02-1.46897183E-02-1.39227367E-03 0.00000000E+00-9.27468108E-04
 3  9 2.83517667E-03 0.00000000E+00 1.20957766E-03 2.34091837E-04-3.03189612E-04
 3 10 6.90977748E-05 0.00000000E+00 3.96529049E-05 0.00000000E+00
 4  1-2.73766655E-01 1.03926310E+00 4.37932725E-02-8.83203091E-03 0.00000000E+00
 4  2 0.00000000E+00 1.39770141E-02 0.00000000E+00 0.00000000E+00 3.36053794E-03
 4  3 0.00000000E+00 0.00000000E+00-1.11058059E-04 1.67821139E-03-1.25482948E-03
 4  4-4.23381911E-04 0.00000000E+00 0.00000000E+00 0.00000000E+00-1.14031619E-03
 4  5 3.71797575E-04-2.07792817E-03 7.59009329E-04 0.00000000E+00-5.18423347E-04
 4  6-2.03341328E-03 0.00000000E+00 1.78203649E-03 7.22808163E-04-6.12192511E-04
 4  7-1.10615652E-04 0.00000000E+00-1.08954868E-03 0.00000000E+00-1.14031619E-03
 4  8 3.71797575E-04-2.07792817E-03-7.59009329E-04 0.00000000E+00-5.18423347E-04
 4  9 2.03341328E-03 0.00000000E+00 1.78203649E-03 7.22808163E-04-6.12192511E-04
 4 10-1.10615652E-04 0.00000000E+00 1.08954868E-03 0.00000000E+00
 5  1 0.00000000E+00 0.00000000E+00 0.00000000E+00 0.00000000E+00 9.94582473E-01
 5  2 0.00000000E+00 0.00000000E+00 1.34452601E-02 0.00000000E+00 0.00000000E+00
 5  3-8.36256897E-05 0.00000000E+00 0.00000000E+00 0.00000000E+00 0.00000000E+00
 5  4 0.00000000E+00 0.00000000E+00 3.06773859E-03 0.00000000E+00 2.09224572E-03
 5  5-2.08648314E-03 1.31771182E-03-2.53221419E-03 0.00000000E+00 2.28423192E-03
 5  6 7.38323868E-04 0.00000000E+00-4.59874368E-04-6.07873798E-04 1.02516537E-03
 5  7-4.17291576E-04 0.00000000E+00 1.63506101E-03 0.00000000E+00-2.09224572E-03
 5  8 2.08648314E-03-1.31771182E-03-2.53221419E-03 0.00000000E+00-2.28423192E-03
 5  9 7.38323868E-04 0.00000000E+00 4.59874368E-04 6.07873798E-04-1.02516537E-03
 5 10 4.17291576E-04 0.00000000E+00 1.63506101E-03 0.00000000E+00
 6  1 0.00000000E+00 0.00000000E+00 0.00000000E+00 0.00000000E+00 0.00000000E+00
 6  2 9.96188172E-01 0.00000000E+00 0.00000000E+00 1.09513011E-02 0.00000000E+00
 6  3 0.00000000E+00-6.46739540E-04 0.00000000E+00 0.00000000E+00 0.00000000E+00
 6  4 0.00000000E+00 0.00000000E+00 0.00000000E+00 1.20347906E-03 0.00000000E+00
 6  5 0.00000000E+00 0.00000000E+00 0.00000000E+00 5.78468813E-04 0.00000000E+00
 6  6 0.00000000E+00-2.68830126E-04 0.00000000E+00 0.00000000E+00 0.00000000E+00
 6  7 0.00000000E+00 3.64163925E-04 0.00000000E+00-3.50902183E-04 0.00000000E+00
 6  8 0.00000000E+00 0.00000000E+00 0.00000000E+00 5.78468813E-04 0.00000000E+00
 6  9 0.00000000E+00-2.68830126E-04 0.00000000E+00 0.00000000E+00 0.00000000E+00
 6 10 0.00000000E+00-3.64163925E-04 0.00000000E+00-3.50902183E-04
 7  1 4.38439186E-03-1.64574063E-02 1.12796197E-03 6.99659854E-04 0.00000000E+00
 7  2 0.00000000E+00 9.95487440E-01 0.00000000E+00 0.00000000E+00 1.15014875E-02
 7  3 0.00000000E+00 0.00000000E+00-1.85255989E-04-5.68499439E-04-1.11572180E-03
 7  4 1.68422124E-03 0.00000000E+00 0.00000000E+00 0.00000000E+00-1.39825276E-03
 7  5 1.86931718E-03-6.02937141E-04 2.40876629E-03 0.00000000E+00-1.21056876E-03
 7  6-6.34940701E-04 0.00000000E+00-9.72467306E-05 7.95754944E-04-5.59511179E-04
 7  7-2.36243765E-04 0.00000000E+00-1.00652205E-03 0.00000000E+00-1.39825276E-03
 7  8 1.86931718E-03-6.02937141E-04-2.40876629E-03 0.00000000E+00-1.21056876E-03
 7  9 6.34940701E-04 0.00000000E+00-9.72467306E-05 7.95754944E-04-5.59511179E-04
 7 10-2.36243765E-04 0.00000000E+00 1.00652205E-03 0.00000000E+00
 8  1 5.98895566E-02-1.84074288E-01 3.16924663E-01 8.08706291E-02 0.00000000E+00
 8  2 0.00000000E+00-1.06860422E-01 0.00000000E+00 0.00000000E+00 1.65197264E-01
 8  3 0.00000000E+00 0.00000000E+00-9.74830388E-03 3.87913314E-02-4.24878708E-02
 8  4 3.69653944E-03 0.00000000E+00 0.00000000E+00 0.00000000E+00-1.24520963E-01
 8  5 2.34883422E-01 2.12898941E-01 1.36931206E-01 0.00000000E+00-7.93654010E-02
 8  6 2.88035282E-02 0.00000000E+00-1.52394723E-02 1.14035765E-02-8.89918429E-03
 8  7-2.50439223E-03 0.00000000E+00-1.78343970E-02 0.00000000E+00-1.24520963E-01
 8  8 2.34883422E-01 2.12898941E-01-1.36931206E-01 0.00000000E+00-7.93654010E-02
 8  9-2.88035282E-02 0.00000000E+00-1.52394723E-02 1.14035765E-02-8.89918429E-03
 8 10-2.50439223E-03 0.00000000E+00 1.78343970E-02 0.00000000E+00
 9  1 0.00000000E+00 0.00000000E+00 0.00000000E+00 0.00000000E+00-1.95599370E-01
 9  2 0.00000000E+00 0.00000000E+00 3.32990855E-01 0.00000000E+00 0.00000000E+00
 9  3 1.86638637E-02 0.00000000E+00 0.00000000E+00 0.00000000E+00 0.00000000E+00
 9  4 0.00000000E+00 0.00000000E+00 1.12509143E-01 0.00000000E+00 1.48804388E-01
 9  5-2.76120529E-01-2.66867757E-01-1.08289207E-01 0.00000000E+00 1.02419309E-01
 9  6-1.54664560E-02 0.00000000E+00 1.83975784E-02-7.05652991E-03 9.83020946E-03
 9  7-2.77367955E-03 0.00000000E+00 1.81388299E-02 0.00000000E+00-1.48804388E-01
 9  8 2.76120529E-01 2.66867757E-01-1.08289207E-01 0.00000000E+00-1.02419309E-01
 9  9-1.54664560E-02 0.00000000E+00-1.83975784E-02 7.05652991E-03-9.83020946E-03
 9 10 2.77367955E-03 0.00000000E+00 1.81388299E-02 0.00000000E+00
10  1-4.95888495E-02 1.41103193E-01-3.10325151E-01-3.15598507E-01 0.00000000E+00
10  2 0.00000000E+00-1.47521193E-01 0.00000000E+00 0.00000000E+00 3.20903159E-01
10  3 0.00000000E+00 0.00000000E+00 1.33438632E-01-6.38090266E-02-2.31201705E-02
10  4 8.69291970E-02 0.00000000E+00 0.00000000E+00 0.00000000E+00-5.70210453E-02
10  5 1.13623754E-01 1.99565893E-01 3.55527959E-02 0.00000000E+00 2.51768798E-01
10  6 1.96924931E-02 0.00000000E+00 1.18053131E-01 9.59906298E-03 3.11369820E-03
10  7-1.27127612E-02 0.00000000E+00 1.19953632E-02 0.00000000E+00-5.70210453E-02
10  8 1.13623754E-01 1.99565893E-01-3.55527959E-02 0.00000000E+00 2.51768798E-01
10  9-1.96924931E-02 0.00000000E+00 1.18053131E-01 9.59906298E-03 3.11369820E-03
10 10-1.27127612E-02 0.00000000E+00-1.19953632E-02 0.00000000E+00
11  1 0.00000000E+00 0.00000000E+00 0.00000000E+00 0.00000000E+00 0.00000000E+00
11  2-2.07760079E-01 0.00000000E+00 0.00000000E+00 4.61522450E-01 0.00000000E+00
11  3 0.00000000E+00 1.54183729E-01 0.00000000E+00 0.00000000E+00 0.00000000E+00
11  4 0.00000000E+00 0.00000000E+00 0.00000000E+00 8.20056669E-02 0.00000000E+00
11  5 0.00000000E+00 0.00000000E+00 0.00000000E+00 3.27437769E-01 0.00000000E+00
11  6 0.00000000E+00 1.65675570E-01 0.00000000E+00 0.00000000E+00 0.00000000E+00
11  7 0.00000000E+00 2.44337925E-02 0.00000000E+00-1.65529207E-02 0.00000000E+00
11  8 0.00000000E+00 0.00000000E+00 0.00000000E+00 3.27437769E-01 0.00000000E+00
11  9 0.00000000E+00 1.65675570E-01 0.00000000E+00 0.00000000E+00 0.00000000E+00
11 10 0.00000000E+00-2.44337925E-02 0.00000000E+00-1.65529207E-02
12  1 2.69411494E-02-5.53754259E-02 1.94088306E-01-4.66990668E-02 0.00000000E+00
12  2 0.00000000E+00-1.10419949E-01 0.00000000E+00 0.00000000E+00 2.38131795E-01
12  3 0.00000000E+00 0.00000000E+00 1.36508353E-03-8.76633979E-02 6.02858750E-03
12  4 8.16348104E-02 0.00000000E+00 0.00000000E+00 0.00000000E+00 8.16809527E-02
12  5-1.66767747E-01-2.89139725E-01 3.58690263E-01 0.00000000E+00 2.54211833E-02
12  6 1.95873034E-01 0.00000000E+00 1.48239980E-02 2.07881011E-02-9.81849814E-03
12  7-1.09696030E-02 0.00000000E+00-8.33193359E-03 0.00000000E+00 8.16809527E-02
12  8-1.66767747E-01-2.89139725E-01-3.58690263E-01 0.00000000E+00 2.54211833E-02
12  9-1.95873034E-01 0.00000000E+00 1.48239980E-02 2.07881011E-02-9.81849814E-03
12 10-1.09696030E-02 0.00000000E+00 8.33193359E-03 0.00000000E+00
13  1 0.00000000E+00 0.00000000E+00 0.00000000E+00 0.00000000E+00-1.60004141E-01
13  2 0.00000000E+00 0.00000000E+00 3.42818820E-01 0.00000000E+00 0.00000000E+00
13  3 5.05490634E-03 0.00000000E+00 0.00000000E+00 0.00000000E+00 0.00000000E+00
13  4 0.00000000E+00 0.00000000E+00 2.40747743E-02 0.00000000E+00-6.94197698E-02
13  5 1.43786798E-01 2.93463726E-01-2.27275100E-01 0.00000000E+00 3.25078239E-01
13  6-1.11825137E-01 0.00000000E+00 1.77356246E-01-2.01230847E-03 1.36042054E-02
13  7-1.15918969E-02 0.00000000E+00 2.21538683E-02 0.00000000E+00 6.94197698E-02
13  8-1.43786798E-01-2.93463726E-01-2.27275100E-01 0.00000000E+00-3.25078239E-01
13  9-1.11825137E-01 0.00000000E+00-1.77356246E-01 2.01230847E-03-1.36042054E-02
13 10 1.15918969E-02 0.00000000E+00 2.21538683E-02 0.00000000E+00
14  1 0.00000000E+00 0.00000000E+00 0.00000000E+00 0.00000000E+00 0.00000000E+00
14  2 0.00000000E+00 0.00000000E+00 0.00000000E+00 0.00000000E+00 0.00000000E+00
14  3 0.00000000E+00 0.00000000E+00 0.00000000E+00 0.00000000E+00 0.00000000E+00
14  4 0.00000000E+00-1.75626552E-01 0.00000000E+00 0.00000000E+00 0.00000000E+00
14  5 0.00000000E+00 0.00000000E+00 0.00000000E+00 4.62933248E-01 0.00000000E+00
14  6 0.00000000E+00 3.06250987E-01 0.00000000E+00 0.00000000E+00 0.00000000E+00
14  7 0.00000000E+00 2.28644713E-02 0.00000000E+00-1.74127733E-02 0.00000000E+00
14  8 0.00000000E+00 0.00000000E+00 0.00000000E+00-4.62933248E-01 0.00000000E+00
14  9 0.00000000E+00-3.06250987E-01 0.00000000E+00 0.00000000E+00 0.00000000E+00
14 10 0.00000000E+00 2.28644713E-02 0.00000000E+00 1.74127733E-02
15  1 0.00000000E+00 0.00000000E+00 0.00000000E+00 0.00000000E+00 8.77449672E-04
15  2 0.00000000E+00 0.00000000E+00 7.81216530E-03 0.00000000E+00 0.00000000E+00
15  3 1.33553546E-01 0.00000000E+00 0.00000000E+00 0.00000000E+00 0.00000000E+00
15  4 0.00000000E+00 0.00000000E+00-1.55528380E-01 0.00000000E+00-8.79227621E-03
15  5 1.13177988E-02 3.65665528E-02 4.14352577E-01 0.00000000E+00 2.54049224E-01
15  6 2.55321281E-01 0.00000000E+00 1.87337277E-01 3.22621925E-02-4.98356062E-03
15  7-2.72786318E-02 0.00000000E+00-3.38940100E-03 0.00000000E+00 8.79227621E-03
15  8-1.13177988E-02-3.65665528E-02 4.14352577E-01 0.00000000E+00-2.54049224E-01
15  9 2.55321281E-01 0.00000000E+00-1.87337277E-01-3.22621925E-02 4.98356062E-03
15 10 2.72786318E-02 0.00000000E+00-3.38940100E-03 0.00000000E+00
16  1 2.08495190E-02-1.05573586E-01 8.46047529E-02 7.59426194E-01 0.00000000E+00
16  2 0.00000000E+00 1.54439124E-01 0.00000000E+00 0.00000000E+00-3.35619873E-01
16  3 0.00000000E+00 0.00000000E+00-1.54757085E-01-1.74878028E-01 7.24233226E-02
16  4 1.02454705E-01 0.00000000E+00 0.00000000E+00 0.00000000E+00 1.64500972E-02
16  5-2.92465552E-02-1.10301659E-01-4.16906722E-02 0.00000000E+00 3.63974621E-01
16  6-2.27687089E-02 0.00000000E+00 2.75562016E-01-3.69266647E-03 9.01130823E-03
16  7-5.31864176E-03 0.00000000E+00 2.00674610E-02 0.00000000E+00 1.64500972E-02
16  8-2.92465552E-02-1.10301659E-01 4.16906722E-02 0.00000000E+00 3.63974621E-01
16  9 2.27687089E-02 0.00000000E+00 2.75562016E-01-3.69266647E-03 9.01130823E-03
16 10-5.31864176E-03 0.00000000E+00-2.00674610E-02 0.00000000E+00
17  1 0.00000000E+00 0.00000000E+00 0.00000000E+00 0.00000000E+00 0.00000000E+00
17  2-1.96530435E-01 0.00000000E+00 0.00000000E+00 5.16470064E-01 0.00000000E+00
17  3 0.00000000E+00 7.37173091E-01 0.00000000E+00 0.00000000E+00 0.00000000E+00
17  4 0.00000000E+00 0.00000000E+00 0.00000000E+00-1.49747460E-01 0.00000000E+00
17  5 0.00000000E+00 0.00000000E+00 0.00000000E+00-3.43227698E-01 0.00000000E+00
17  6 0.00000000E+00-3.97664145E-01 0.00000000E+00 0.00000000E+00 0.00000000E+00
17  7 0.00000000E+00-6.80109656E-03 0.00000000E+00-2.05741221E-03 0.00000000E+00
17  8 0.00000000E+00 0.00000000E+00 0.00000000E+00-3.43227698E-01 0.00000000E+00
17  9 0.00000000E+00-3.97664145E-01 0.00000000E+00 0.00000000E+00 0.00000000E+00
17 10 0.00000000E+00 6.80109656E-03 0.00000000E+00-2.05741221E-03
18  1 0.00000000E+00 0.00000000E+00 0.00000000E+00 0.00000000E+00-8.85177226E-02
18  2 0.00000000E+00 0.00000000E+00 2.44690802E-01 0.00000000E+00 0.00000000E+00
18  3 1.46398965E+00 0.00000000E+00 0.00000000E+00 0.00000000E+00 0.00000000E+00
18  4 0.00000000E+00 0.00000000E+00-2.16449843E-01 0.00000000E+00-5.54524089E-02
18  5 6.40831347E-02 7.20569517E-01-8.26648516E-02 0.00000000E+00-2.45470280E-01
18  6-1.17093726E-01 0.00000000E+00-3.17925069E-01 2.03528833E-04-3.14699154E-03
18  7 2.94346270E-03 0.00000000E+00-1.31122197E-02 0.00000000E+00 5.54524089E-02
18  8-6.40831347E-02-7.20569517E-01-8.26648516E-02 0.00000000E+00 2.45470280E-01
18  9-1.17093726E-01 0.00000000E+00 3.17925069E-01-2.03528833E-04 3.14699154E-03
18 10-2.94346270E-03 0.00000000E+00-1.31122197E-02 0.00000000E+00
19  1 5.82801144E-03-1.38097550E-01-1.02676419E-01 1.72327761E+00 0.00000000E+00
19  2 0.00000000E+00-4.93803373E-02 0.00000000E+00 0.00000000E+00 1.78449890E-01
19  3 0.00000000E+00 0.00000000E+00 1.42173561E+00-1.03769026E-01 2.82599045E-01
19  4-1.78830019E-01 0.00000000E+00 0.00000000E+00 0.00000000E+00 6.86820435E-02
19  5-7.17113472E-02-1.00377064E+00-1.36062710E-01 0.00000000E+00-3.17866045E-02
19  6-3.84684715E-01 0.00000000E+00-6.14380998E-02-1.79663774E-02 2.47123939E-02
19  7-6.74601649E-03 0.00000000E+00 6.55815869E-03 0.00000000E+00 6.86820435E-02
19  8-7.17113472E-02-1.00377064E+00 1.36062710E-01 0.00000000E+00-3.17866045E-02
19  9 3.84684715E-01 0.00000000E+00-6.14380998E-02-1.79663774E-02 2.47123939E-02
19 10-6.74601649E-03 0.00000000E+00-6.55815869E-03 0.00000000E+00
20  1 0.00000000E+00 0.00000000E+00 0.00000000E+00 0.00000000E+00 0.00000000E+00
20  2 2.96982000E-01 0.00000000E+00 0.00000000E+00-1.12151215E+00 0.00000000E+00
20  3 0.00000000E+00 1.17213139E+00 0.00000000E+00 0.00000000E+00 0.00000000E+00
20  4 0.00000000E+00 0.00000000E+00 0.00000000E+00-1.06508178E-01 0.00000000E+00
20  5 0.00000000E+00 0.00000000E+00 0.00000000E+00 2.69987132E-02 0.00000000E+00
20  6 0.00000000E+00-1.87797949E-02 0.00000000E+00 0.00000000E+00 0.00000000E+00
20  7 0.00000000E+00-3.52757402E-02 0.00000000E+00 1.94355862E-02 0.00000000E+00
20  8 0.00000000E+00 0.00000000E+00 0.00000000E+00 2.69987132E-02 0.00000000E+00
20  9 0.00000000E+00-1.87797949E-02 0.00000000E+00 0.00000000E+00 0.00000000E+00
20 10 0.00000000E+00 3.52757402E-02 0.00000000E+00 1.94355862E-02
21  1-6.21167472E-02-1.93779502E-01-9.16562089E-01 1.25697885E+00 0.00000000E+00
21  2 0.00000000E+00-2.58065500E-01 0.00000000E+00 0.00000000E+00 9.96995584E-01
21  3 0.00000000E+00 0.00000000E+00-7.63510975E-01-1.96824179E-01 2.22269224E-01
21  4-2.54450446E-02 0.00000000E+00 0.00000000E+00 0.00000000E+00 1.23748240E-02
21  5-5.48226424E-02-9.78023526E-02-3.05317182E-02 0.00000000E+00-1.87583419E-02
21  6-1.33281159E-01 0.00000000E+00 2.22410224E-02 1.82149165E-02 1.34922105E-02
21  7-3.17071270E-02 0.00000000E+00 1.42592066E-02 0.00000000E+00 1.23748240E-02
21  8-5.48226424E-02-9.78023526E-02 3.05317182E-02 0.00000000E+00-1.87583419E-02
21  9 1.33281159E-01 0.00000000E+00 2.22410224E-02 1.82149165E-02 1.34922105E-02
21 10-3.17071270E-02 0.00000000E+00-1.42592066E-02 0.00000000E+00
22  1 0.00000000E+00 0.00000000E+00 0.00000000E+00 0.00000000E+00 1.77762497E-01
22  2 0.00000000E+00 0.00000000E+00-4.42828880E-01 0.00000000E+00 0.00000000E+00
22  3 1.17432895E+00 0.00000000E+00 0.00000000E+00 0.00000000E+00 0.00000000E+00
22  4 0.00000000E+00 0.00000000E+00 7.13099476E-01 0.00000000E+00-1.89636140E-02
22  5-3.11344454E-02 8.59141634E-01-2.01566024E-01 0.00000000E+00 1.87748498E-01
22  6 4.78652177E-01 0.00000000E+00-2.03629025E-01 5.41167729E-03-3.12656956E-02
22  7 2.58540183E-02 0.00000000E+00-4.64961571E-02 0.00000000E+00 1.89636140E-02
22  8 3.11344454E-02-8.59141634E-01-2.01566024E-01 0.00000000E+00-1.87748498E-01
22  9 4.78652177E-01 0.00000000E+00 2.03629025E-01-5.41167729E-03 3.12656956E-02
22 10-2.58540183E-02 0.00000000E+00-4.64961571E-02 0.00000000E+00
23  1-5.79208772E-02-1.12909832E-01-7.63082297E-01 2.46915492E+00 0.00000000E+00
23  2 0.00000000E+00 3.39938000E-02 0.00000000E+00 0.00000000E+00 5.25846453E-02
23  3 0.00000000E+00 0.00000000E+00 6.14586282E-01 5.50182336E-01-6.36670785E-01
23  4 8.64884482E-02 0.00000000E+00 0.00000000E+00 0.00000000E+00 2.94791331E-02
23  5-1.60338048E-03-1.05006631E+00 2.38844607E-01 0.00000000E+00-2.21015836E-01
23  6-4.59151105E-01 0.00000000E+00 4.85769315E-01-3.17399772E-02 1.14091575E-02
23  7 2.03308197E-02 0.00000000E+00 5.10994655E-02 0.00000000E+00 2.94791331E-02
23  8-1.60338048E-03-1.05006631E+00-2.38844607E-01 0.00000000E+00-2.21015836E-01
23  9 4.59151105E-01 0.00000000E+00 4.85769315E-01-3.17399772E-02 1.14091575E-02
23 10 2.03308197E-02 0.00000000E+00-5.10994655E-02 0.00000000E+00
24  1 0.00000000E+00 0.00000000E+00 0.00000000E+00 0.00000000E+00 0.00000000E+00
24  2 9.37473274E-03 0.00000000E+00 0.00000000E+00-7.07981130E-02 0.00000000E+00
24  3 0.00000000E+00 3.44564553E-01 0.00000000E+00 0.00000000E+00 0.00000000E+00
24  4 0.00000000E+00 0.00000000E+00 0.00000000E+00 9.68883353E-01 0.00000000E+00
24  5 0.00000000E+00 0.00000000E+00 0.00000000E+00-3.35610060E-01 0.00000000E+00
24  6 0.00000000E+00-9.33843564E-02 0.00000000E+00 0.00000000E+00 0.00000000E+00
24  7 0.00000000E+00 4.76355741E-02 0.00000000E+00 3.52015023E-02 0.00000000E+00
24  8 0.00000000E+00 0.00000000E+00 0.00000000E+00-3.35610060E-01 0.00000000E+00
24  9 0.00000000E+00-9.33843564E-02 0.00000000E+00 0.00000000E+00 0.00000000E+00
24 10 0.00000000E+00-4.76355741E-02 0.00000000E+00 3.52015023E-02
25  1 7.90004328E-02 3.69700290E-01 1.33473090E+00 3.49501480E-01 0.00000000E+00
25  2 0.00000000E+00-1.22852293E-01 0.00000000E+00 0.00000000E+00 6.88338537E-01
25  3 0.00000000E+00 0.00000000E+00 2.28919865E-01-2.17515974E-01-2.07732467E-01
25  4 4.25248441E-01 0.00000000E+00 0.00000000E+00 0.00000000E+00 4.81133432E-02
25  5-5.52454600E-02-5.98981343E-01 1.53236472E-01 0.00000000E+00 2.17552425E-03
25  6-9.91155021E-01 0.00000000E+00 2.60185302E-01 3.48251273E-02-1.40203237E-02
25  7-2.08048036E-02 0.00000000E+00-7.13183550E-03 0.00000000E+00 4.81133432E-02
25  8-5.52454600E-02-5.98981343E-01-1.53236472E-01 0.00000000E+00 2.17552425E-03
25  9 9.91155021E-01 0.00000000E+00 2.60185302E-01 3.48251273E-02-1.40203237E-02
25 10-2.08048036E-02 0.00000000E+00 7.13183550E-03 0.00000000E+00
26  1 0.00000000E+00 0.00000000E+00 0.00000000E+00 0.00000000E+00-2.35477684E-01
26  2 0.00000000E+00 0.00000000E+00 1.28582614E+00 0.00000000E+00 0.00000000E+00
26  3-2.52186837E-01 0.00000000E+00 0.00000000E+00 0.00000000E+00 0.00000000E+00
26  4 0.00000000E+00 0.00000000E+00 3.97495693E-02 0.00000000E+00-5.51451807E-02
26  5 9.33481476E-02 6.08376497E-01-1.04795972E-01 0.00000000E+00 1.81325734E-01
26  6 9.46157901E-01 0.00000000E+00-7.93404668E-01 1.84009821E-02 8.62169875E-03
26  7-2.70226809E-02 0.00000000E+00 8.90244232E-03 0.00000000E+00 5.51451807E-02
26  8-9.33481476E-02-6.08376497E-01-1.04795972E-01 0.00000000E+00-1.81325734E-01
26  9 9.46157901E-01 0.00000000E+00 7.93404668E-01-1.84009821E-02-8.62169875E-03
26 10 2.70226809E-02 0.00000000E+00 8.90244232E-03 0.00000000E+00
27  1 0.00000000E+00 0.00000000E+00 0.00000000E+00 0.00000000E+00 0.00000000E+00
27  2 0.00000000E+00 0.00000000E+00 0.00000000E+00 0.00000000E+00 0.00000000E+00
27  3 0.00000000E+00 0.00000000E+00 0.00000000E+00 0.00000000E+00 0.00000000E+00
27  4 0.00000000E+00 1.05953556E+00 0.00000000E+00 0.00000000E+00 0.00000000E+00
27  5 0.00000000E+00 0.00000000E+00 0.00000000E+00 1.17389984E-01 0.00000000E+00
27  6 0.00000000E+00 4.60047629E-01 0.00000000E+00 0.00000000E+00 0.00000000E+00
27  7 0.00000000E+00-2.00531595E-02 0.00000000E+00 5.70560529E-02 0.00000000E+00
27  8 0.00000000E+00 0.00000000E+00 0.00000000E+00-1.17389984E-01 0.00000000E+00
27  9 0.00000000E+00-4.60047629E-01 0.00000000E+00 0.00000000E+00 0.00000000E+00
27 10 0.00000000E+00-2.00531595E-02 0.00000000E+00-5.70560529E-02
28  1 4.45254589E-02 2.83411743E-01 8.43918522E-01-2.75495047E-01 0.00000000E+00
28  2 0.00000000E+00-6.91993876E-02 0.00000000E+00 0.00000000E+00 3.56591745E-01
28  3 0.00000000E+00 0.00000000E+00-9.16108261E-01 4.44466445E-01 3.81875978E-01
28  4-8.26342423E-01 0.00000000E+00 0.00000000E+00 0.00000000E+00 8.93848049E-03
28  5 5.86376364E-02-3.86950717E-02-1.47300620E-02 0.00000000E+00-1.70043907E-01
28  6-4.56011358E-02 0.00000000E+00 9.20819679E-01-1.75611826E-02 4.47515907E-03
28  7 1.30860235E-02 0.00000000E+00-4.28572272E-02 0.00000000E+00 8.93848049E-03
28  8 5.86376364E-02-3.86950717E-02 1.47300620E-02 0.00000000E+00-1.70043907E-01
28  9 4.56011358E-02 0.00000000E+00 9.20819679E-01-1.75611826E-02 4.47515907E-03
28 10 1.30860235E-02 0.00000000E+00 4.28572272E-02 0.00000000E+00
29  1 0.00000000E+00 0.00000000E+00 0.00000000E+00 0.00000000E+00 0.00000000E+00
29  2 0.00000000E+00 0.00000000E+00 0.00000000E+00 0.00000000E+00 0.00000000E+00
29  3 0.00000000E+00 0.00000000E+00 0.00000000E+00 0.00000000E+00 0.00000000E+00
29  4 0.00000000E+00-9.49877343E-02 0.00000000E+00 0.00000000E+00 0.00000000E+00
29  5 0.00000000E+00 0.00000000E+00 0.00000000E+00-6.58199543E-01 0.00000000E+00
29  6 0.00000000E+00 7.77984088E-01 0.00000000E+00 0.00000000E+00 0.00000000E+00
29  7 0.00000000E+00-3.25055121E-02 0.00000000E+00-1.17380722E-02 0.00000000E+00
29  8 0.00000000E+00 0.00000000E+00 0.00000000E+00 6.58199543E-01 0.00000000E+00
29  9 0.00000000E+00-7.77984088E-01 0.00000000E+00 0.00000000E+00 0.00000000E+00
29 10 0.00000000E+00-3.25055121E-02 0.00000000E+00 1.17380722E-02
30  1-1.58653860E-02-1.81544687E-02-1.99154570E-01 2.79221745E-01 0.00000000E+00
30  2 0.00000000E+00 5.40785157E-02 0.00000000E+00 0.00000000E+00-1.20906832E-01
30  3 0.00000000E+00 0.00000000E+00 2.97196687E-01 3.16637190E-01 1.59201673E-01
30  4-4.75838863E-01 0.00000000E+00 0.00000000E+00 0.00000000E+00-9.10875887E-03
30  5 8.36427732E-02-1.46018962E-01 4.80008939E-01 0.00000000E+00 4.72587907E-01
30  6-3.02113873E-01 0.00000000E+00-3.45538912E-01-5.83753717E-02 3.07187927E-02
30  7 2.76565790E-02 0.00000000E+00-3.05423551E-02 0.00000000E+00-9.10875887E-03
30  8 8.36427732E-02-1.46018962E-01-4.80008939E-01 0.00000000E+00 4.72587907E-01
30  9 3.02113873E-01 0.00000000E+00-3.45538912E-01-5.83753717E-02 3.07187927E-02
30 10 2.76565790E-02 0.00000000E+00 3.05423551E-02 0.00000000E+00
31  1 0.00000000E+00 0.00000000E+00 0.00000000E+00 0.00000000E+00 0.00000000E+00
31  2-3.56322791E-02 0.00000000E+00 0.00000000E+00 6.14317614E-02 0.00000000E+00
31  3 0.00000000E+00-1.00050206E+00 0.00000000E+00 0.00000000E+00 0.00000000E+00
31  4 0.00000000E+00 0.00000000E+00 0.00000000E+00-3.63125081E-01 0.00000000E+00
31  5 0.00000000E+00 0.00000000E+00 0.00000000E+00-5.72912780E-01 0.00000000E+00
31  6 0.00000000E+00 1.07094007E+00 0.00000000E+00 0.00000000E+00 0.00000000E+00
31  7 0.00000000E+00-2.18687304E-02 0.00000000E+00 2.15541867E-02 0.00000000E+00
31  8 0.00000000E+00 0.00000000E+00 0.00000000E+00-5.72912780E-01 0.00000000E+00
31  9 0.00000000E+00 1.07094007E+00 0.00000000E+00 0.00000000E+00 0.00000000E+00
31 10 0.00000000E+00 2.18687304E-02 0.00000000E+00 2.15541867E-02
32  1 0.00000000E+00 0.00000000E+00 0.00000000E+00 0.00000000E+00 7.46220336E-02
32  2 0.00000000E+00 0.00000000E+00-3.30698261E-01 0.00000000E+00 0.00000000E+00
32  3 9.32357359E-01 0.00000000E+00 0.00000000E+00 0.00000000E+00 0.00000000E+00
32  4 0.00000000E+00 0.00000000E+00 3.01816218E-03 0.00000000E+00 5.00831559E-03
32  5 8.60141316E-03 1.14486992E-01 3.33243915E-01 0.00000000E+00 5.13294718E-01
32  6-8.66705671E-01 0.00000000E+00-7.39917655E-01 6.74966883E-02-3.82113070E-02
32  7-2.92853813E-02 0.00000000E+00 2.31056322E-02 0.00000000E+00-5.00831559E-03
32  8-8.60141316E-03-1.14486992E-01 3.33243915E-01 0.00000000E+00-5.13294718E-01
32  9-8.66705671E-01 0.00000000E+00 7.39917655E-01-6.74966883E-02 3.82113070E-02
32 10 2.92853813E-02 0.00000000E+00 2.31056322E-02 0.00000000E+00
33  1 3.97546228E-02-1.05507797E-01 3.32158746E-01 5.13060519E-01 0.00000000E+00
33  2 0.00000000E+00-1.79586986E-01 0.00000000E+00 0.00000000E+00 7.04664823E-01
33  3 0.00000000E+00 0.00000000E+00 3.93569433E-02 8.70196659E-01-7.31693337E-01
33  4-1.38503322E-01 0.00000000E+00 0.00000000E+00 0.00000000E+00 3.57874986E-02
33  5-4.69516493E-01-3.04332549E-01-4.67811957E-01 0.00000000E+00 4.41649420E-01
33  6 6.96029196E-02 0.00000000E+00-3.05820765E-02 6.16377439E-02-1.29025978E-01
33  7 6.73882343E-02 0.00000000E+00 1.67166912E-02 0.00000000E+00 3.57874986E-02
33  8-4.69516493E-01-3.04332549E-01 4.67811957E-01 0.00000000E+00 4.41649420E-01
33  9-6.96029196E-02 0.00000000E+00-3.05820765E-02 6.16377439E-02-1.29025978E-01
33 10 6.73882343E-02 0.00000000E+00-1.67166912E-02 0.00000000E+00
34  1 0.00000000E+00 0.00000000E+00 0.00000000E+00 0.00000000E+00-1.81912172E-01
34  2 0.00000000E+00 0.00000000E+00 9.51474876E-01 0.00000000E+00 0.00000000E+00
34  3 1.08740821E+00 0.00000000E+00 0.00000000E+00 0.00000000E+00 0.00000000E+00
34  4 0.00000000E+00 0.00000000E+00 8.08609613E-01 0.00000000E+00-1.23758002E-02
34  5-6.78685400E-01 2.03087594E+00 4.67291711E-01 0.00000000E+00-2.48855838E-01
34  6 1.88350208E-01 0.00000000E+00-3.38256964E-01-9.89404366E-02 6.98395087E-02
34  7 2.91009279E-02 0.00000000E+00 1.75532393E-01 0.00000000E+00 1.23758002E-02
34  8 6.78685400E-01-2.03087594E+00 4.67291711E-01 0.00000000E+00 2.48855838E-01
34  9 1.88350208E-01 0.00000000E+00 3.38256964E-01 9.89404366E-02-6.98395087E-02
34 10-2.91009279E-02 0.00000000E+00 1.75532393E-01 0.00000000E+00
35  1-1.96672293E-03-5.32547998E-02-7.78788946E-02 2.96947170E+00 0.00000000E+00
35  2 0.00000000E+00-7.28636096E-02 0.00000000E+00 0.00000000E+00 5.48659332E-01
35  3 0.00000000E+00 0.00000000E+00 1.16527297E+00 2.19865868E-01-3.94430327E-01
35  4 1.74564460E-01 0.00000000E+00 0.00000000E+00 0.00000000E+00 1.26416809E-02
35  5 1.20493108E+00-2.77835865E+00-1.89458305E-01 0.00000000E+00 1.31990807E-01
35  6-5.64723406E-01 0.00000000E+00 1.73947882E-01 4.52615084E-02 1.17325528E-02
35  7-5.69940611E-02 0.00000000E+00-1.84132314E-01 0.00000000E+00 1.26416809E-02
35  8 1.20493108E+00-2.77835865E+00 1.89458305E-01 0.00000000E+00 1.31990807E-01
35  9 5.64723406E-01 0.00000000E+00 1.73947882E-01 4.52615084E-02 1.17325528E-02
35 10-5.69940611E-02 0.00000000E+00 1.84132314E-01 0.00000000E+00
36  1 0.00000000E+00 0.00000000E+00 0.00000000E+00 0.00000000E+00-1.45930433E-01
36  2 0.00000000E+00 0.00000000E+00 3.92094463E-01 0.00000000E+00 0.00000000E+00
36  3-4.01744616E-01 0.00000000E+00 0.00000000E+00 0.00000000E+00 0.00000000E+00
36  4 0.00000000E+00 0.00000000E+00 7.01928896E-01 0.00000000E+00-1.25033747E-02
36  5 1.02162092E+00-9.00122736E-01 3.36576447E-01 0.00000000E+00-2.52328137E-01
36  6-2.01936044E-01 0.00000000E+00 2.72628917E-01 1.09960435E-01-2.97986631E-01
36  7 1.88026196E-01 0.00000000E+00 1.62043703E-01 0.00000000E+00 1.25033747E-02
36  8-1.02162092E+00 9.00122736E-01 3.36576447E-01 0.00000000E+00 2.52328137E-01
36  9-2.01936044E-01 0.00000000E+00-2.72628917E-01-1.09960435E-01 2.97986631E-01
36 10-1.88026196E-01 0.00000000E+00 1.62043703E-01 0.00000000E+00
37  1 0.00000000E+00 0.00000000E+00 0.00000000E+00 0.00000000E+00 0.00000000E+00
37  2-2.61043240E-02 0.00000000E+00 0.00000000E+00 1.37684152E-01 0.00000000E+00
37  3 0.00000000E+00 2.22175435E-02 0.00000000E+00 0.00000000E+00 0.00000000E+00
37  4 0.00000000E+00 0.00000000E+00 0.00000000E+00-1.15516342E-01 0.00000000E+00
37  5 0.00000000E+00 0.00000000E+00 0.00000000E+00 5.30189138E-02 0.00000000E+00
37  6 0.00000000E+00-7.33726607E-02 0.00000000E+00 0.00000000E+00 0.00000000E+00
37  7 0.00000000E+00 2.32684653E-01 0.00000000E+00 6.71114654E-01 0.00000000E+00
37  8 0.00000000E+00 0.00000000E+00 0.00000000E+00 5.30189138E-02 0.00000000E+00
37  9 0.00000000E+00-7.33726607E-02 0.00000000E+00 0.00000000E+00 0.00000000E+00
37 10 0.00000000E+00-2.32684653E-01 0.00000000E+00 6.71114654E-01
38  1 0.00000000E+00 0.00000000E+00 0.00000000E+00 0.00000000E+00 0.00000000E+00
38  2 0.00000000E+00 0.00000000E+00 0.00000000E+00 0.00000000E+00 0.00000000E+00
38  3 0.00000000E+00 0.00000000E+00 0.00000000E+00 0.00000000E+00 0.00000000E+00
38  4 0.00000000E+00 2.68438648E-02 0.00000000E+00 0.00000000E+00 0.00000000E+00
38  5 0.00000000E+00 0.00000000E+00 0.00000000E+00-5.35825567E-02 0.00000000E+00
38  6 0.00000000E+00 8.75814906E-02 0.00000000E+00 0.00000000E+00 0.00000000E+00
38  7 0.00000000E+00 5.70392988E-01 0.00000000E+00 4.24765606E-01 0.00000000E+00
38  8 0.00000000E+00 0.00000000E+00 0.00000000E+00 5.35825567E-02 0.00000000E+00
38  9 0.00000000E+00-8.75814906E-02 0.00000000E+00 0.00000000E+00 0.00000000E+00
38 10 0.00000000E+00 5.70392988E-01 0.00000000E+00-4.24765606E-01
39  1 6.37823000E-03-2.90212361E-02 3.98114861E-02-3.95276605E-01 0.00000000E+00
39  2 0.00000000E+00-2.60895904E-02 0.00000000E+00 0.00000000E+00 5.99084300E-02
39  3 0.00000000E+00 0.00000000E+00-1.84621863E-01 1.53804726E-01-3.19131226E-01
39  4 1.65326501E-01 0.00000000E+00 0.00000000E+00 0.00000000E+00 1.43456050E-03
39  5-3.45320245E-01 4.31337084E-01-1.11574607E-01 0.00000000E+00 4.12221488E-02
39  6 1.49825570E-01 0.00000000E+00-4.22384755E-02-2.49146253E-01 6.11808119E-01
39  7-3.62661866E-01 0.00000000E+00-3.30246273E-01 0.00000000E+00 1.43456050E-03
39  8-3.45320245E-01 4.31337084E-01 1.11574607E-01 0.00000000E+00 4.12221488E-02
39  9-1.49825570E-01 0.00000000E+00-4.22384755E-02-2.49146253E-01 6.11808119E-01
39 10-3.62661866E-01 0.00000000E+00 3.30246273E-01 0.00000000E+00
40  1 0.00000000E+00 0.00000000E+00 0.00000000E+00 0.00000000E+00-4.61258729E-02
40  2 0.00000000E+00 0.00000000E+00 4.48815244E-02 0.00000000E+00 0.00000000E+00
40  3-6.38609603E-02 0.00000000E+00 0.00000000E+00 0.00000000E+00 0.00000000E+00
40  4 0.00000000E+00 0.00000000E+00 6.60474157E-01 0.00000000E+00 1.16951416E-03
40  5 5.11910046E-01-3.31092327E-01 2.11191229E-01 0.00000000E+00-1.64070524E-01
40  6-1.00431308E-01 0.00000000E+00 1.96512341E-01 1.69737348E-01 4.71844022E-01
40  7-6.41581370E-01 0.00000000E+00-8.93471975E-02 0.00000000E+00-1.16951416E-03
40  8-5.11910046E-01 3.31092327E-01 2.11191229E-01 0.00000000E+00 1.64070524E-01
40  9-1.00431308E-01 0.00000000E+00-1.96512341E-01-1.69737348E-01-4.71844022E-01
40 10 6.41581370E-01 0.00000000E+00-8.93471975E-02 0.00000000E+00
41  1 0.00000000E+00 0.00000000E+00 0.00000000E+00 0.00000000E+00 7.82142736E-02
41  2 0.00000000E+00 0.00000000E+00-1.99369540E-01 0.00000000E+00 0.00000000E+00
41  3-3.84108102E-02 0.00000000E+00 0.00000000E+00 0.00000000E+00 0.00000000E+00
41  4 0.00000000E+00 0.00000000E+00-2.10809540E-02 0.00000000E+00 2.02198414E-03
41  5-3.80616784E-01 4.18988087E-01-1.88664409E-01 0.00000000E+00-3.05286946E-02
41  6 4.01390505E-01 0.00000000E+00 1.21481279E-01 6.51667488E-01-3.23796791E-01
41  7-3.27870698E-01 0.00000000E+00 3.16488430E-01 0.00000000E+00-2.02198414E-03
41  8 3.80616784E-01-4.18988087E-01-1.88664409E-01 0.00000000E+00 3.05286946E-02
41  9 4.01390505E-01 0.00000000E+00-1.21481279E-01-6.51667488E-01 3.23796791E-01
41 10 3.27870698E-01 0.00000000E+00 3.16488430E-01 0.00000000E+00
42  1 0.00000000E+00 0.00000000E+00 0.00000000E+00 0.00000000E+00 0.00000000E+00
42  2 0.00000000E+00 0.00000000E+00 0.00000000E+00 0.00000000E+00 0.00000000E+00
42  3 0.00000000E+00 0.00000000E+00 0.00000000E+00 0.00000000E+00 0.00000000E+00
42  4 0.00000000E+00 7.59497848E-01 0.00000000E+00 0.00000000E+00 0.00000000E+00
42  5 0.00000000E+00 0.00000000E+00 0.00000000E+00 1.79423188E-02 0.00000000E+00
42  6 0.00000000E+00 2.91055045E-01 0.00000000E+00 0.00000000E+00 0.00000000E+00
42  7 0.00000000E+00 5.16721913E-01 0.00000000E+00-6.43690894E-01 0.00000000E+00
42  8 0.00000000E+00 0.00000000E+00 0.00000000E+00-1.79423188E-02 0.00000000E+00
42  9 0.00000000E+00-2.91055045E-01 0.00000000E+00 0.00000000E+00 0.00000000E+00
42 10 0.00000000E+00 5.16721913E-01 0.00000000E+00 6.43690894E-01
43  1 0.00000000E+00 0.00000000E+00 0.00000000E+00 0.00000000E+00 0.00000000E+00
43  2 1.08417593E-01 0.00000000E+00 0.00000000E+00-5.60577477E-01 0.00000000E+00
43  3 0.00000000E+00-1.93685167E-01 0.00000000E+00 0.00000000E+00 0.00000000E+00
43  4 0.00000000E+00 0.00000000E+00 0.00000000E+00-5.69666622E-01 0.00000000E+00
43  5 0.00000000E+00 0.00000000E+00 0.00000000E+00 1.22674093E-03 0.00000000E+00
43  6 0.00000000E+00 3.23538471E-01 0.00000000E+00 0.00000000E+00 0.00000000E+00
43  7 0.00000000E+00 7.70473193E-01 0.00000000E+00-2.86803651E-01 0.00000000E+00
43  8 0.00000000E+00 0.00000000E+00 0.00000000E+00 1.22674093E-03 0.00000000E+00
43  9 0.00000000E+00 3.23538471E-01 0.00000000E+00 0.00000000E+00 0.00000000E+00
43 10 0.00000000E+00-7.70473193E-01 0.00000000E+00-2.86803651E-01
44  1 1.55995071E-02 1.14718895E-01 3.45550559E-01 1.68009628E-01 0.00000000E+00
44  2 0.00000000E+00 8.13651914E-02 0.00000000E+00 0.00000000E+00-2.91316565E-01
44  3 0.00000000E+00 0.00000000E+00-1.96339390E-01 9.26062206E-01-7.76070672E-02
44  4-8.48455138E-01 0.00000000E+00 0.00000000E+00 0.00000000E+00-3.39923737E-04
44  5 4.62378675E-02-2.56025253E-01 3.19927516E-02 0.00000000E+00 1.34790972E-01
44  6 3.80582943E-02 0.00000000E+00 4.01962277E-01 6.40077328E-01 1.15477527E-01
44  7-7.55554855E-01 0.00000000E+00 4.04771781E-01 0.00000000E+00-3.39923737E-04
44  8 4.62378675E-02-2.56025253E-01-3.19927516E-02 0.00000000E+00 1.34790972E-01
44  9-3.80582943E-02 0.00000000E+00 4.01962277E-01 6.40077328E-01 1.15477527E-01
44 10-7.55554855E-01 0.00000000E+00-4.04771781E-01 0.00000000E+00
45  1 0.00000000E+00 0.00000000E+00 0.00000000E+00 0.00000000E+00-2.01717112E-01
45  2 0.00000000E+00 0.00000000E+00 2.12250105E+00 0.00000000E+00 0.00000000E+00
45  3 4.20817687E-01 0.00000000E+00 0.00000000E+00 0.00000000E+00 0.00000000E+00
45  4 0.00000000E+00 0.00000000E+00 9.89999956E-01 0.00000000E+00-4.05746228E-02
45  5-3.49420442E-01 2.05611959E+00 3.79249346E-01 0.00000000E+00-2.63584203E-01
45  6 8.89081426E-01 0.00000000E+00-6.05695062E-01 4.39131535E-01-4.31718502E-01
45  7-7.41303226E-03 0.00000000E+00-7.99733403E-01 0.00000000E+00 4.05746228E-02
45  8 3.49420442E-01-2.05611959E+00 3.79249346E-01 0.00000000E+00 2.63584203E-01
45  9 8.89081426E-01 0.00000000E+00 6.05695062E-01-4.39131535E-01 4.31718502E-01
45 10 7.41303226E-03 0.00000000E+00-7.99733403E-01 0.00000000E+00
46  1-7.66367679E-02-5.75608665E-01-1.74755412E+00-1.45626130E+00 0.00000000E+00
46  2 0.00000000E+00 1.16889164E-01 0.00000000E+00 0.00000000E+00-1.36025378E+00
46  3 0.00000000E+00 0.00000000E+00-2.94155396E-01-3.70821880E-01 4.75328104E-01
46  4-1.04506223E-01 0.00000000E+00 0.00000000E+00 0.00000000E+00-4.68526266E-02
46  5-4.79477151E-01 1.95359487E+00 2.68410231E-01 0.00000000E+00-1.63323389E-01
46  6 8.35383230E-01 0.00000000E+00-5.45989017E-01 5.77424536E-01-4.65539165E-01
46  7-1.11885372E-01 0.00000000E+00-7.10011072E-01 0.00000000E+00-4.68526266E-02
46  8-4.79477151E-01 1.95359487E+00-2.68410231E-01 0.00000000E+00-1.63323389E-01
46  9-8.35383230E-01 0.00000000E+00-5.45989017E-01 5.77424536E-01-4.65539165E-01
46 10-1.11885372E-01 0.00000000E+00 7.10011072E-01 0.00000000E+00
 $END   
 POPULATION ANALYSIS
S           15.43912   0.56088  15.32758   0.67242
O            8.28044  -0.28044   8.33621  -0.33621
O            8.28044  -0.28044   8.33621  -0.33621
 MOMENTS AT POINT    1 X,Y,Z=  0.000000  0.000000  0.000000
 DIPOLE       0.000000  0.000000 -1.361106
