 $DATA  
Title                                                                           
CNV      2

S          16.0      0.0000000000      0.0000000000     -0.5786693901
   PC1     0
        
O           8.0      1.3788799976      0.0000000000      0.5783483073
   PC1     0
        
 $END      
 $ZMAT   IZMAT(1)=
         1,   3,   1,
         1,   2,   1,
         2,   2,   1,   3,
 $END
--- CLOSED SHELL ORBITALS --- GENERATED AT Thu Feb 26 00:20:21 2015
Title                                                                           
E(R-PBE)=     -548.1580934814, E(NUC)=   87.5415081320,   28 ITERS
 $VEC   
 1  1 1.00297826E+00-1.02577519E-02 1.80796438E-03-1.04683265E-03 0.00000000E+00
 1  2 0.00000000E+00 5.19391951E-05 0.00000000E+00 0.00000000E+00 1.84951562E-05
 1  3 0.00000000E+00 0.00000000E+00-1.25491893E-04-8.25078216E-06 2.01283224E-05
 1  4-1.18775403E-05 0.00000000E+00 0.00000000E+00 0.00000000E+00-2.10998581E-06
 1  5-2.90518842E-05 1.54511672E-04 4.04816342E-06 0.00000000E+00-8.71764100E-06
 1  6 2.79471843E-05 0.00000000E+00 4.32976903E-06-1.70044022E-05 2.77640189E-05
 1  7-1.07596167E-05 0.00000000E+00 4.76166135E-05 0.00000000E+00-2.10998581E-06
 1  8-2.90518842E-05 1.54511672E-04-4.04816342E-06 0.00000000E+00-8.71764100E-06
 1  9-2.79471843E-05 0.00000000E+00 4.32976903E-06-1.70044022E-05 2.77640189E-05
 1 10-1.07596167E-05 0.00000000E+00-4.76166135E-05 0.00000000E+00
 2  1-9.20565716E-05-1.30766940E-03-2.58077331E-03 8.29618609E-03 0.00000000E+00
 2  2 0.00000000E+00-1.20158466E-04 0.00000000E+00 0.00000000E+00 6.00348037E-04
 2  3 0.00000000E+00 0.00000000E+00 4.24558779E-03 8.07001645E-04-1.25050226E-03
 2  4 4.43500617E-04 0.00000000E+00 0.00000000E+00 0.00000000E+00 7.03271981E-01
 2  5 2.53483452E-02-1.14599756E-02 6.46123860E-04 0.00000000E+00-5.36308529E-04
 2  6-2.62626328E-03 0.00000000E+00 1.64261469E-03-2.48537588E-04 2.06278158E-04
 2  7 4.22594300E-05 0.00000000E+00 3.28180419E-04 0.00000000E+00 7.03271981E-01
 2  8 2.53483452E-02-1.14599756E-02-6.46123860E-04 0.00000000E+00-5.36308529E-04
 2  9 2.62626328E-03 0.00000000E+00 1.64261469E-03-2.48537588E-04 2.06278158E-04
 2 10 4.22594300E-05 0.00000000E+00-3.28180419E-04 0.00000000E+00
 3  1 0.00000000E+00 0.00000000E+00 0.00000000E+00 0.00000000E+00 1.17284522E-04
 3  2 0.00000000E+00 0.00000000E+00-7.15877737E-04 0.00000000E+00 0.00000000E+00
 3  3-3.39676422E-03 0.00000000E+00 0.00000000E+00 0.00000000E+00 0.00000000E+00
 3  4 0.00000000E+00 0.00000000E+00-1.38733588E-03 0.00000000E+00 7.03222338E-01
 3  5 2.48257872E-02-9.79015893E-03 6.32099077E-04 0.00000000E+00-5.95417007E-04
 3  6-1.51744356E-03 0.00000000E+00 1.67153929E-03-8.23456895E-05 1.94213387E-04
 3  7-1.11867697E-04 0.00000000E+00 2.68839172E-04 0.00000000E+00-7.03222338E-01
 3  8-2.48257872E-02 9.79015893E-03 6.32099077E-04 0.00000000E+00 5.95417007E-04
 3  9-1.51744356E-03 0.00000000E+00-1.67153929E-03 8.23456895E-05-1.94213387E-04
 3 10 1.11867697E-04 0.00000000E+00 2.68839172E-04 0.00000000E+00
 4  1-2.74113587E-01 1.03968395E+00 4.07516661E-02-1.32464147E-02 0.00000000E+00
 4  2 0.00000000E+00 7.04715776E-03 0.00000000E+00 0.00000000E+00 5.22317820E-04
 4  3 0.00000000E+00 0.00000000E+00-1.10776841E-03 1.21335301E-04 6.45343871E-06
 4  4-1.27788740E-04 0.00000000E+00 0.00000000E+00 0.00000000E+00 3.76043928E-06
 4  5-1.83940899E-04 1.27529872E-03-6.43110032E-05 0.00000000E+00 6.36296005E-06
 4  6 8.13391611E-05 0.00000000E+00 1.88429924E-04-2.24604435E-04 3.38790615E-04
 4  7-1.14186180E-04 0.00000000E+00 5.80077431E-04 0.00000000E+00 3.76043928E-06
 4  8-1.83940899E-04 1.27529872E-03 6.43110032E-05 0.00000000E+00 6.36296005E-06
 4  9-8.13391611E-05 0.00000000E+00 1.88429924E-04-2.24604435E-04 3.38790615E-04
 4 10-1.14186180E-04 0.00000000E+00-5.80077431E-04 0.00000000E+00
 5  1 0.00000000E+00 0.00000000E+00 0.00000000E+00 0.00000000E+00 9.96857469E-01
 5  2 0.00000000E+00 0.00000000E+00 9.01012743E-03 0.00000000E+00 0.00000000E+00
 5  3-1.82922403E-04 0.00000000E+00 0.00000000E+00 0.00000000E+00 0.00000000E+00
 5  4 0.00000000E+00 0.00000000E+00 3.28214755E-04 0.00000000E+00 3.69882124E-05
 5  5 5.04350867E-05-3.03277300E-05 5.99040008E-06 0.00000000E+00-5.49324315E-06
 5  6-4.31617822E-05 0.00000000E+00 1.64447758E-05-5.26590869E-05 6.39559217E-05
 5  7-1.12968348E-05 0.00000000E+00 1.05604520E-04 0.00000000E+00-3.69882124E-05
 5  8-5.04350867E-05 3.03277300E-05 5.99040008E-06 0.00000000E+00 5.49324315E-06
 5  9-4.31617822E-05 0.00000000E+00-1.64447758E-05 5.26590869E-05-6.39559217E-05
 5 10 1.12968348E-05 0.00000000E+00 1.05604520E-04 0.00000000E+00
 6  1 0.00000000E+00 0.00000000E+00 0.00000000E+00 0.00000000E+00 0.00000000E+00
 6  2 9.96905096E-01 0.00000000E+00 0.00000000E+00 8.89732060E-03 0.00000000E+00
 6  3 0.00000000E+00-1.91467249E-04 0.00000000E+00 0.00000000E+00 0.00000000E+00
 6  4 0.00000000E+00 0.00000000E+00 0.00000000E+00 2.57401119E-04 0.00000000E+00
 6  5 0.00000000E+00 0.00000000E+00 0.00000000E+00 2.31197860E-06 0.00000000E+00
 6  6 0.00000000E+00-4.24227979E-05 0.00000000E+00 0.00000000E+00 0.00000000E+00
 6  7 0.00000000E+00-1.75627509E-05 0.00000000E+00 1.26019246E-05 0.00000000E+00
 6  8 0.00000000E+00 0.00000000E+00 0.00000000E+00 2.31197860E-06 0.00000000E+00
 6  9 0.00000000E+00-4.24227979E-05 0.00000000E+00 0.00000000E+00 0.00000000E+00
 6 10 0.00000000E+00 1.75627509E-05 0.00000000E+00 1.26019246E-05
 7  1 1.88198833E-03-7.43233237E-03-5.69788264E-04 9.91455647E-05 0.00000000E+00
 7  2 0.00000000E+00 9.96898281E-01 0.00000000E+00 0.00000000E+00 8.80429291E-03
 7  3 0.00000000E+00 0.00000000E+00-1.77250642E-04-1.64435976E-04-1.49934066E-04
 7  4 3.14370043E-04 0.00000000E+00 0.00000000E+00 0.00000000E+00-3.61449128E-05
 7  5-8.51272997E-05 1.13364629E-04 1.82580523E-06 0.00000000E+00 8.99755611E-06
 7  6 5.55288399E-05 0.00000000E+00-1.23760448E-04 3.52675549E-05-7.60606049E-05
 7  7 4.07930501E-05 0.00000000E+00-1.38186217E-04 0.00000000E+00-3.61449128E-05
 7  8-8.51272997E-05 1.13364629E-04-1.82580523E-06 0.00000000E+00 8.99755611E-06
 7  9-5.55288399E-05 0.00000000E+00-1.23760448E-04 3.52675549E-05-7.60606049E-05
 7 10 4.07930501E-05 0.00000000E+00 1.38186217E-04 0.00000000E+00
 8  1 4.15980333E-02-1.20977850E-01 2.46534826E-01 1.80527172E-01 0.00000000E+00
 8  2 0.00000000E+00-4.45043392E-02 0.00000000E+00 0.00000000E+00 9.01509954E-02
 8  3 0.00000000E+00 0.00000000E+00 1.16601338E-02 1.68119388E-02-2.10406913E-02
 8  4 4.22875243E-03 0.00000000E+00 0.00000000E+00 0.00000000E+00-1.31610176E-01
 8  5 2.62754898E-01 3.28295839E-01 6.06442098E-02 0.00000000E+00-4.91787679E-02
 8  6 3.11318811E-02 0.00000000E+00-2.64582076E-02 3.99578672E-03-4.21030691E-03
 8  7 2.14520190E-04 0.00000000E+00-1.09968846E-02 0.00000000E+00-1.31610176E-01
 8  8 2.62754898E-01 3.28295839E-01-6.06442098E-02 0.00000000E+00-4.91787679E-02
 8  9-3.11318811E-02 0.00000000E+00-2.64582076E-02 3.99578672E-03-4.21030691E-03
 8 10 2.14520190E-04 0.00000000E+00 1.09968846E-02 0.00000000E+00
 9  1 0.00000000E+00 0.00000000E+00 0.00000000E+00 0.00000000E+00 6.58718794E-02
 9  2 0.00000000E+00 0.00000000E+00-1.34426495E-01 0.00000000E+00 0.00000000E+00
 9  3-3.18849592E-02 0.00000000E+00 0.00000000E+00 0.00000000E+00 0.00000000E+00
 9  4 0.00000000E+00 0.00000000E+00-4.35701609E-02 0.00000000E+00-1.55284120E-01
 9  5 3.15559521E-01 3.99756339E-01 4.38467508E-02 0.00000000E+00-4.54418008E-02
 9  6 2.31518443E-02 0.00000000E+00-2.53429483E-02 9.22223137E-04-1.79935317E-03
 9  7 8.77130029E-04 0.00000000E+00-8.94566610E-03 0.00000000E+00 1.55284120E-01
 9  8-3.15559521E-01-3.99756339E-01 4.38467508E-02 0.00000000E+00 4.54418008E-02
 9  9 2.31518443E-02 0.00000000E+00 2.53429483E-02-9.22223137E-04 1.79935317E-03
 9 10-8.77130029E-04 0.00000000E+00-8.94566610E-03 0.00000000E+00
10  1 7.56237091E-02-2.16505038E-01 4.70770041E-01 4.52286989E-01 0.00000000E+00
10  2 0.00000000E+00 3.07767904E-02 0.00000000E+00 0.00000000E+00-6.32506921E-02
10  3 0.00000000E+00 0.00000000E+00-4.77630805E-02-4.60466671E-03 8.95058128E-03
10  4-4.34591457E-03 0.00000000E+00 0.00000000E+00 0.00000000E+00 9.09532184E-02
10  5-1.89592712E-01-2.77518286E-01 6.13977058E-02 0.00000000E+00-5.77070653E-02
10  6 2.68315070E-02 0.00000000E+00-2.45592991E-02 2.15472183E-03-4.11545937E-03
10  7 1.96073754E-03 0.00000000E+00-4.48318280E-03 0.00000000E+00 9.09532184E-02
10  8-1.89592712E-01-2.77518286E-01-6.13977058E-02 0.00000000E+00-5.77070653E-02
10  9-2.68315070E-02 0.00000000E+00-2.45592991E-02 2.15472183E-03-4.11545937E-03
10 10 1.96073754E-03 0.00000000E+00 4.48318280E-03 0.00000000E+00
11  1 0.00000000E+00 0.00000000E+00 0.00000000E+00 0.00000000E+00-1.90659199E-01
11  2 0.00000000E+00 0.00000000E+00 4.49875515E-01 0.00000000E+00 0.00000000E+00
11  3 1.87673305E-01 0.00000000E+00 0.00000000E+00 0.00000000E+00 0.00000000E+00
11  4 0.00000000E+00 0.00000000E+00 4.08719467E-02 0.00000000E+00-4.90542460E-02
11  5 1.01414373E-01 1.85420615E-01-2.07347726E-01 0.00000000E+00 2.72268539E-01
11  6-1.27226153E-01 0.00000000E+00 1.64250194E-01-2.29805355E-04 7.32440614E-03
11  7-7.09460079E-03 0.00000000E+00 1.14790171E-02 0.00000000E+00 4.90542460E-02
11  8-1.01414373E-01-1.85420615E-01-2.07347726E-01 0.00000000E+00-2.72268539E-01
11  9-1.27226153E-01 0.00000000E+00-1.64250194E-01 2.29805355E-04-7.32440614E-03
11 10 7.09460079E-03 0.00000000E+00 1.14790171E-02 0.00000000E+00
12  1-9.87249603E-03 4.94831756E-02-3.47067749E-02-2.23546167E-01 0.00000000E+00
12  2 0.00000000E+00-2.10412960E-01 0.00000000E+00 0.00000000E+00 4.96229804E-01
12  3 0.00000000E+00 0.00000000E+00 2.46990121E-01-3.95151507E-03-2.05152259E-02
12  4 2.44667409E-02 0.00000000E+00 0.00000000E+00 0.00000000E+00 3.31463917E-02
12  5-6.93780652E-02-1.23505878E-01 2.96583173E-01 0.00000000E+00-6.47518856E-02
12  6 1.89364849E-01 0.00000000E+00-4.37546056E-02 1.23488450E-02-6.36561943E-03
12  7-5.98322562E-03 0.00000000E+00-7.82493700E-03 0.00000000E+00 3.31463917E-02
12  8-6.93780652E-02-1.23505878E-01-2.96583173E-01 0.00000000E+00-6.47518856E-02
12  9-1.89364849E-01 0.00000000E+00-4.37546056E-02 1.23488450E-02-6.36561943E-03
12 10-5.98322562E-03 0.00000000E+00 7.82493700E-03 0.00000000E+00
13  1 0.00000000E+00 0.00000000E+00 0.00000000E+00 0.00000000E+00 0.00000000E+00
13  2-2.16755452E-01 0.00000000E+00 0.00000000E+00 5.11836329E-01 0.00000000E+00
13  3 0.00000000E+00 3.40161949E-01 0.00000000E+00 0.00000000E+00 0.00000000E+00
13  4 0.00000000E+00 0.00000000E+00 0.00000000E+00 2.89173807E-02 0.00000000E+00
13  5 0.00000000E+00 0.00000000E+00 0.00000000E+00 2.72267395E-01 0.00000000E+00
13  6 0.00000000E+00 1.69947122E-01 0.00000000E+00 0.00000000E+00 0.00000000E+00
13  7 0.00000000E+00 1.10347537E-02 0.00000000E+00-9.32576121E-03 0.00000000E+00
13  8 0.00000000E+00 0.00000000E+00 0.00000000E+00 2.72267395E-01 0.00000000E+00
13  9 0.00000000E+00 1.69947122E-01 0.00000000E+00 0.00000000E+00 0.00000000E+00
13 10 0.00000000E+00-1.10347537E-02 0.00000000E+00-9.32576121E-03
14  1 0.00000000E+00 0.00000000E+00 0.00000000E+00 0.00000000E+00 0.00000000E+00
14  2 0.00000000E+00 0.00000000E+00 0.00000000E+00 0.00000000E+00 0.00000000E+00
14  3 0.00000000E+00 0.00000000E+00 0.00000000E+00 0.00000000E+00 0.00000000E+00
14  4 0.00000000E+00-6.72842526E-02 0.00000000E+00 0.00000000E+00 0.00000000E+00
14  5 0.00000000E+00 0.00000000E+00 0.00000000E+00 4.78133013E-01 0.00000000E+00
14  6 0.00000000E+00 3.37594009E-01 0.00000000E+00 0.00000000E+00 0.00000000E+00
14  7 0.00000000E+00 8.95907893E-03 0.00000000E+00-9.39371829E-03 0.00000000E+00
14  8 0.00000000E+00 0.00000000E+00 0.00000000E+00-4.78133013E-01 0.00000000E+00
14  9 0.00000000E+00-3.37594009E-01 0.00000000E+00 0.00000000E+00 0.00000000E+00
14 10 0.00000000E+00 8.95907893E-03 0.00000000E+00 9.39371829E-03
15  1 1.07022772E-02-4.23228504E-02 5.45036439E-02 1.89293454E-01 0.00000000E+00
15  2 0.00000000E+00 4.28395716E-02 0.00000000E+00 0.00000000E+00-1.05412683E-01
15  3 0.00000000E+00 0.00000000E+00-1.62713137E-02-8.67328196E-02 2.57123468E-02
15  4 6.10204727E-02 0.00000000E+00 0.00000000E+00 0.00000000E+00-1.47296927E-03
15  5 5.69169955E-03-1.26033388E-02 1.32340637E-01 0.00000000E+00 4.43047302E-01
15  6 9.48400119E-02 0.00000000E+00 3.25845386E-01 8.61968430E-03 2.93297998E-03
15  7-1.15526643E-02 0.00000000E+00 6.90539977E-03 0.00000000E+00-1.47296927E-03
15  8 5.69169955E-03-1.26033388E-02-1.32340637E-01 0.00000000E+00 4.43047302E-01
15  9-9.48400119E-02 0.00000000E+00 3.25845386E-01 8.61968430E-03 2.93297998E-03
15 10-1.15526643E-02 0.00000000E+00-6.90539977E-03 0.00000000E+00
16  1 0.00000000E+00 0.00000000E+00 0.00000000E+00 0.00000000E+00-1.70425109E-02
16  2 0.00000000E+00 0.00000000E+00 3.35276728E-02 0.00000000E+00 0.00000000E+00
16  3 1.33899667E-01 0.00000000E+00 0.00000000E+00 0.00000000E+00 0.00000000E+00
16  4 0.00000000E+00 0.00000000E+00-5.98125130E-02 0.00000000E+00-3.80219450E-03
16  5 5.50442989E-03 4.34185112E-02 4.17582286E-01 0.00000000E+00 2.46157932E-01
16  6 2.93539627E-01 0.00000000E+00 1.57856561E-01 9.95861372E-03-8.96857986E-04
16  7-9.06175574E-03 0.00000000E+00-3.55890697E-03 0.00000000E+00 3.80219450E-03
16  8-5.50442989E-03-4.34185112E-02 4.17582286E-01 0.00000000E+00-2.46157932E-01
16  9 2.93539627E-01 0.00000000E+00-1.57856561E-01-9.95861372E-03 8.96857986E-04
16 10 9.06175574E-03 0.00000000E+00-3.55890697E-03 0.00000000E+00
17  1 0.00000000E+00 0.00000000E+00 0.00000000E+00 0.00000000E+00 0.00000000E+00
17  2-1.91511458E-01 0.00000000E+00 0.00000000E+00 4.75816496E-01 0.00000000E+00
17  3 0.00000000E+00 3.51611815E-01 0.00000000E+00 0.00000000E+00 0.00000000E+00
17  4 0.00000000E+00 0.00000000E+00 0.00000000E+00-5.12196863E-02 0.00000000E+00
17  5 0.00000000E+00 0.00000000E+00 0.00000000E+00-4.00676538E-01 0.00000000E+00
17  6 0.00000000E+00-3.02627422E-01 0.00000000E+00 0.00000000E+00 0.00000000E+00
17  7 0.00000000E+00-2.29828477E-03 0.00000000E+00 1.53596618E-03 0.00000000E+00
17  8 0.00000000E+00 0.00000000E+00 0.00000000E+00-4.00676538E-01 0.00000000E+00
17  9 0.00000000E+00-3.02627422E-01 0.00000000E+00 0.00000000E+00 0.00000000E+00
17 10 0.00000000E+00 2.29828477E-03 0.00000000E+00 1.53596618E-03
18  1 0.00000000E+00 0.00000000E+00 0.00000000E+00 0.00000000E+00-2.12882992E-01
18  2 0.00000000E+00 0.00000000E+00 5.35688736E-01 0.00000000E+00 0.00000000E+00
18  3 6.44686725E-01 0.00000000E+00 0.00000000E+00 0.00000000E+00 0.00000000E+00
18  4 0.00000000E+00 0.00000000E+00-1.44471168E-01 0.00000000E+00-3.06385287E-02
18  5 5.24337561E-02 2.49118110E-01 1.17552738E-01 0.00000000E+00-3.35527976E-01
18  6 1.18333000E-01 0.00000000E+00-2.90302871E-01 2.66332342E-03 5.11039924E-04
18  7-3.17436334E-03 0.00000000E+00-6.87688233E-04 0.00000000E+00 3.06385287E-02
18  8-5.24337561E-02-2.49118110E-01 1.17552738E-01 0.00000000E+00 3.35527976E-01
18  9 1.18333000E-01 0.00000000E+00 2.90302871E-01-2.66332342E-03-5.11039924E-04
18 10 3.17436334E-03 0.00000000E+00-6.87688233E-04 0.00000000E+00
19  1 3.06091167E-02-8.25150182E-02 2.13206204E-01 4.01243425E-01 0.00000000E+00
19  2 0.00000000E+00-1.92772436E-01 0.00000000E+00 0.00000000E+00 4.90495873E-01
19  3 0.00000000E+00 0.00000000E+00 6.00221343E-01-5.43100509E-02 1.12580924E-01
19  4-5.82708732E-02 0.00000000E+00 0.00000000E+00 0.00000000E+00 3.66884446E-02
19  5-6.54528344E-02-2.72342649E-01-3.60995982E-01 0.00000000E+00 1.38759861E-01
19  6-3.39556559E-01 0.00000000E+00 1.21974140E-01 2.55025949E-03 1.23978383E-03
19  7-3.79004332E-03 0.00000000E+00-3.70775130E-04 0.00000000E+00 3.66884446E-02
19  8-6.54528344E-02-2.72342649E-01 3.60995982E-01 0.00000000E+00 1.38759861E-01
19  9 3.39556559E-01 0.00000000E+00 1.21974140E-01 2.55025949E-03 1.23978383E-03
19 10-3.79004332E-03 0.00000000E+00 3.70775130E-04 0.00000000E+00
20  1 0.00000000E+00 0.00000000E+00 0.00000000E+00 0.00000000E+00 2.80850447E-01
20  2 0.00000000E+00 0.00000000E+00-1.08042539E+00 0.00000000E+00 0.00000000E+00
20  3 1.40010807E+00 0.00000000E+00 0.00000000E+00 0.00000000E+00 0.00000000E+00
20  4 0.00000000E+00 0.00000000E+00-1.22951702E-01 0.00000000E+00-9.79104400E-03
20  5-3.33788139E-02 3.78293108E-01-1.99149526E-01 0.00000000E+00 6.50631745E-02
20  6 7.38766036E-02 0.00000000E+00-1.59131843E-01 1.29317575E-02-1.94535638E-02
20  7 6.52180634E-03 0.00000000E+00-3.61976985E-02 0.00000000E+00 9.79104400E-03
20  8 3.33788139E-02-3.78293108E-01-1.99149526E-01 0.00000000E+00-6.50631745E-02
20  9 7.38766036E-02 0.00000000E+00 1.59131843E-01-1.29317575E-02 1.94535638E-02
20 10-6.52180634E-03 0.00000000E+00-3.61976985E-02 0.00000000E+00
21  1 4.25549528E-03-5.24315692E-02-1.89996556E-02 3.41371814E-01 0.00000000E+00
21  2 0.00000000E+00 2.75396261E-01 0.00000000E+00 0.00000000E+00-1.06457236E+00
21  3 0.00000000E+00 0.00000000E+00 1.41113993E+00 6.83681814E-02 1.47961425E-01
21  4-2.16329606E-01 0.00000000E+00 0.00000000E+00 0.00000000E+00 1.43087063E-02
21  5 2.59831671E-02-3.83024257E-01 1.21730950E-01 0.00000000E+00-9.97234002E-02
21  6-2.40763759E-01 0.00000000E+00 3.70631102E-02-2.65771563E-02 1.98346040E-02
21  7 6.74255234E-03 0.00000000E+00 2.23194994E-02 0.00000000E+00 1.43087063E-02
21  8 2.59831671E-02-3.83024257E-01-1.21730950E-01 0.00000000E+00-9.97234002E-02
21  9 2.40763759E-01 0.00000000E+00 3.70631102E-02-2.65771563E-02 1.98346040E-02
21 10 6.74255234E-03 0.00000000E+00-2.23194994E-02 0.00000000E+00
22  1 0.00000000E+00 0.00000000E+00 0.00000000E+00 0.00000000E+00 0.00000000E+00
22  2 2.93683897E-01 0.00000000E+00 0.00000000E+00-1.13475532E+00 0.00000000E+00
22  3 0.00000000E+00 1.22266280E+00 0.00000000E+00 0.00000000E+00 0.00000000E+00
22  4 0.00000000E+00 0.00000000E+00 0.00000000E+00-1.85655111E-01 0.00000000E+00
22  5 0.00000000E+00 0.00000000E+00 0.00000000E+00-6.00514371E-02 0.00000000E+00
22  6 0.00000000E+00-1.03863146E-01 0.00000000E+00 0.00000000E+00 0.00000000E+00
22  7 0.00000000E+00-1.20081452E-02 0.00000000E+00 7.10280400E-03 0.00000000E+00
22  8 0.00000000E+00 0.00000000E+00 0.00000000E+00-6.00514371E-02 0.00000000E+00
22  9 0.00000000E+00-1.03863146E-01 0.00000000E+00 0.00000000E+00 0.00000000E+00
22 10 0.00000000E+00 1.20081452E-02 0.00000000E+00 7.10280400E-03
23  1-1.04097911E-01-3.88410349E-01-1.62463228E+00 1.99654854E+00 0.00000000E+00
23  2 0.00000000E+00-3.41522854E-02 0.00000000E+00 0.00000000E+00 1.14329379E-01
23  3 0.00000000E+00 0.00000000E+00 1.65775806E-01-3.11455006E-01 4.20412180E-01
23  4-1.08957173E-01 0.00000000E+00 0.00000000E+00 0.00000000E+00 1.88886495E-02
23  5-4.37243301E-02-2.50509396E-01 3.16273703E-02 0.00000000E+00-9.11772640E-02
23  6-1.59900941E-01 0.00000000E+00 1.39030069E-01-1.14308350E-02 2.79415982E-02
23  7-1.65107631E-02 0.00000000E+00 3.64428331E-02 0.00000000E+00 1.88886495E-02
23  8-4.37243301E-02-2.50509396E-01-3.16273703E-02 0.00000000E+00-9.11772640E-02
23  9 1.59900941E-01 0.00000000E+00 1.39030069E-01-1.14308350E-02 2.79415982E-02
23 10-1.65107631E-02 0.00000000E+00-3.64428331E-02 0.00000000E+00
24  1 9.56121771E-03 3.30859860E-02 1.46151866E-01-1.68590129E-01 0.00000000E+00
24  2 0.00000000E+00 5.91954205E-02 0.00000000E+00 0.00000000E+00-2.24036295E-01
24  3 0.00000000E+00 0.00000000E+00 1.62257347E-01-6.20329572E-01-1.46633956E-01
24  4 7.66963528E-01 0.00000000E+00 0.00000000E+00 0.00000000E+00-2.46755688E-03
24  5 6.94866634E-03-5.07814482E-03-2.08192500E-01 0.00000000E+00-2.89938225E-01
24  6 1.35867558E-01 0.00000000E+00 1.36543619E-01 4.47358209E-02-9.43830077E-04
24  7-4.37919908E-02 0.00000000E+00 1.61628911E-02 0.00000000E+00-2.46755688E-03
24  8 6.94866634E-03-5.07814482E-03 2.08192500E-01 0.00000000E+00-2.89938225E-01
24  9-1.35867558E-01 0.00000000E+00 1.36543619E-01 4.47358209E-02-9.43830077E-04
24 10-4.37919908E-02 0.00000000E+00-1.61628911E-02 0.00000000E+00
25  1 0.00000000E+00 0.00000000E+00 0.00000000E+00 0.00000000E+00 0.00000000E+00
25  2 0.00000000E+00 0.00000000E+00 0.00000000E+00 0.00000000E+00 0.00000000E+00
25  3 0.00000000E+00 0.00000000E+00 0.00000000E+00 0.00000000E+00 0.00000000E+00
25  4 0.00000000E+00 8.99757842E-01 0.00000000E+00 0.00000000E+00 0.00000000E+00
25  5 0.00000000E+00 0.00000000E+00 0.00000000E+00 2.77591825E-01 0.00000000E+00
25  6 0.00000000E+00-1.63027841E-01 0.00000000E+00 0.00000000E+00 0.00000000E+00
25  7 0.00000000E+00-2.96480284E-02 0.00000000E+00 3.71123781E-02 0.00000000E+00
25  8 0.00000000E+00 0.00000000E+00 0.00000000E+00-2.77591825E-01 0.00000000E+00
25  9 0.00000000E+00 1.63027841E-01 0.00000000E+00 0.00000000E+00 0.00000000E+00
25 10 0.00000000E+00-2.96480284E-02 0.00000000E+00-3.71123781E-02
26  1 0.00000000E+00 0.00000000E+00 0.00000000E+00 0.00000000E+00 0.00000000E+00
26  2 5.08301130E-02 0.00000000E+00 0.00000000E+00-1.93155747E-01 0.00000000E+00
26  3 0.00000000E+00 1.43321525E-01 0.00000000E+00 0.00000000E+00 0.00000000E+00
26  4 0.00000000E+00 0.00000000E+00 0.00000000E+00 8.94664200E-01 0.00000000E+00
26  5 0.00000000E+00 0.00000000E+00 0.00000000E+00-2.70332892E-01 0.00000000E+00
26  6 0.00000000E+00 1.56448137E-01 0.00000000E+00 0.00000000E+00 0.00000000E+00
26  7 0.00000000E+00 3.62142934E-02 0.00000000E+00-1.59600901E-02 0.00000000E+00
26  8 0.00000000E+00 0.00000000E+00 0.00000000E+00-2.70332892E-01 0.00000000E+00
26  9 0.00000000E+00 1.56448137E-01 0.00000000E+00 0.00000000E+00 0.00000000E+00
26 10 0.00000000E+00-3.62142934E-02 0.00000000E+00-1.59600901E-02
27  1-5.10375903E-02-2.73320907E-01-9.03175698E-01 1.50893761E+00 0.00000000E+00
27  2 0.00000000E+00 2.45460834E-03 0.00000000E+00 0.00000000E+00-4.10053639E-02
27  3 0.00000000E+00 0.00000000E+00 5.72449413E-01 5.82149264E-01-8.70644938E-01
27  4 2.88495674E-01 0.00000000E+00 0.00000000E+00 0.00000000E+00 5.52727465E-02
27  5-2.79313741E-01-2.19436327E-01 5.54179880E-03 0.00000000E+00-3.63010616E-02
27  6-3.73458798E-01 0.00000000E+00 2.92167652E-01-2.82102653E-03-8.99395860E-03
27  7 1.18149851E-02 0.00000000E+00 4.64857020E-03 0.00000000E+00 5.52727465E-02
27  8-2.79313741E-01-2.19436327E-01-5.54179880E-03 0.00000000E+00-3.63010616E-02
27  9 3.73458798E-01 0.00000000E+00 2.92167652E-01-2.82102653E-03-8.99395860E-03
27 10 1.18149851E-02 0.00000000E+00-4.64857020E-03 0.00000000E+00
28  1 0.00000000E+00 0.00000000E+00 0.00000000E+00 0.00000000E+00 7.38842816E-03
28  2 0.00000000E+00 0.00000000E+00-4.90294790E-02 0.00000000E+00 0.00000000E+00
28  3 5.84512105E-01 0.00000000E+00 0.00000000E+00 0.00000000E+00 0.00000000E+00
28  4 0.00000000E+00 0.00000000E+00 9.89462745E-01 0.00000000E+00-5.44156659E-02
28  5 2.84943235E-01 1.13114309E-01-4.07919498E-02 0.00000000E+00-1.71657773E-02
28  6 3.70605203E-01 0.00000000E+00-2.92971498E-01-2.39484842E-02 1.83333484E-02
28  7 5.61513581E-03 0.00000000E+00 3.84608247E-02 0.00000000E+00 5.44156659E-02
28  8-2.84943235E-01-1.13114309E-01-4.07919498E-02 0.00000000E+00 1.71657773E-02
28  9 3.70605203E-01 0.00000000E+00 2.92971498E-01 2.39484842E-02-1.83333484E-02
28 10-5.61513581E-03 0.00000000E+00 3.84608247E-02 0.00000000E+00
29  1-1.32916214E-02-5.67117164E-03-1.61268918E-01-2.42122628E-01 0.00000000E+00
29  2 0.00000000E+00 3.28817739E-02 0.00000000E+00 0.00000000E+00-1.57903409E-01
29  3 0.00000000E+00 0.00000000E+00-2.96456788E-01 3.88524549E-01 2.83809392E-02
29  4-4.16905488E-01 0.00000000E+00 0.00000000E+00 0.00000000E+00-1.27876135E-02
29  5 6.75964854E-02 6.34985058E-02-5.57690023E-01 0.00000000E+00-1.10353336E-01
29  6 7.78026047E-01 0.00000000E+00 1.13565004E-01-3.89705905E-02 2.49977803E-03
29  7 3.64708125E-02 0.00000000E+00 1.41444485E-02 0.00000000E+00-1.27876135E-02
29  8 6.75964854E-02 6.34985058E-02 5.57690023E-01 0.00000000E+00-1.10353336E-01
29  9-7.78026047E-01 0.00000000E+00 1.13565004E-01-3.89705905E-02 2.49977803E-03
29 10 3.64708125E-02 0.00000000E+00-1.41444485E-02 0.00000000E+00
30  1 0.00000000E+00 0.00000000E+00 0.00000000E+00 0.00000000E+00 0.00000000E+00
30  2 0.00000000E+00 0.00000000E+00 0.00000000E+00 0.00000000E+00 0.00000000E+00
30  3 0.00000000E+00 0.00000000E+00 0.00000000E+00 0.00000000E+00 0.00000000E+00
30  4 0.00000000E+00 4.50242753E-01 0.00000000E+00 0.00000000E+00 0.00000000E+00
30  5 0.00000000E+00 0.00000000E+00 0.00000000E+00-5.85211455E-01 0.00000000E+00
30  6 0.00000000E+00 7.46447560E-01 0.00000000E+00 0.00000000E+00 0.00000000E+00
30  7 0.00000000E+00-2.89746790E-02 0.00000000E+00 2.67040596E-02 0.00000000E+00
30  8 0.00000000E+00 0.00000000E+00 0.00000000E+00 5.85211455E-01 0.00000000E+00
30  9 0.00000000E+00-7.46447560E-01 0.00000000E+00 0.00000000E+00 0.00000000E+00
30 10 0.00000000E+00-2.89746790E-02 0.00000000E+00-2.67040596E-02
31  1 0.00000000E+00 0.00000000E+00 0.00000000E+00 0.00000000E+00 6.37990545E-02
31  2 0.00000000E+00 0.00000000E+00-3.24821484E-01 0.00000000E+00 0.00000000E+00
31  3-1.17821939E-01 0.00000000E+00 0.00000000E+00 0.00000000E+00 0.00000000E+00
31  4 0.00000000E+00 0.00000000E+00 1.42496830E-01 0.00000000E+00 1.34145771E-02
31  5-1.26750094E-01 5.24526082E-02 1.44399655E-01 0.00000000E+00-6.11477813E-01
31  6-2.10028517E-01 0.00000000E+00 7.89316914E-01-1.93809046E-03-1.05493523E-02
31  7 1.24874427E-02 0.00000000E+00-1.81223989E-02 0.00000000E+00-1.34145771E-02
31  8 1.26750094E-01-5.24526082E-02 1.44399655E-01 0.00000000E+00 6.11477813E-01
31  9-2.10028517E-01 0.00000000E+00-7.89316914E-01 1.93809046E-03 1.05493523E-02
31 10-1.24874427E-02 0.00000000E+00-1.81223989E-02 0.00000000E+00
32  1 0.00000000E+00 0.00000000E+00 0.00000000E+00 0.00000000E+00 0.00000000E+00
32  2-2.93529864E-02 0.00000000E+00 0.00000000E+00 1.55135752E-01 0.00000000E+00
32  3 0.00000000E+00-5.27116055E-01 0.00000000E+00 0.00000000E+00 0.00000000E+00
32  4 0.00000000E+00 0.00000000E+00 0.00000000E+00-4.19671813E-01 0.00000000E+00
32  5 0.00000000E+00 0.00000000E+00 0.00000000E+00-5.82931201E-01 0.00000000E+00
32  6 0.00000000E+00 8.17641459E-01 0.00000000E+00 0.00000000E+00 0.00000000E+00
32  7 0.00000000E+00-3.45921047E-02 0.00000000E+00 2.56336157E-02 0.00000000E+00
32  8 0.00000000E+00 0.00000000E+00 0.00000000E+00-5.82931201E-01 0.00000000E+00
32  9 0.00000000E+00 8.17641459E-01 0.00000000E+00 0.00000000E+00 0.00000000E+00
32 10 0.00000000E+00 3.45921047E-02 0.00000000E+00 2.56336157E-02
33  1 2.83348939E-02 8.42840301E-02 4.29703840E-01-6.00740713E-02 0.00000000E+00
33  2 0.00000000E+00-7.35853231E-02 0.00000000E+00 0.00000000E+00 3.91639999E-01
33  3 0.00000000E+00 0.00000000E+00-3.71258185E-01 1.97943605E-01 1.32631998E-01
33  4-3.30575603E-01 0.00000000E+00 0.00000000E+00 0.00000000E+00 5.25191275E-03
33  5-6.14898721E-02 1.12255374E-01 1.73069760E-01 0.00000000E+00-5.55244632E-01
33  6-1.93678776E-01 0.00000000E+00 7.56343250E-01-1.22758400E-02-2.28809697E-02
33  7 3.51568097E-02 0.00000000E+00-4.81421692E-02 0.00000000E+00 5.25191275E-03
33  8-6.14898721E-02 1.12255374E-01-1.73069760E-01 0.00000000E+00-5.55244632E-01
33  9 1.93678776E-01 0.00000000E+00 7.56343250E-01-1.22758400E-02-2.28809697E-02
33 10 3.51568097E-02 0.00000000E+00 4.81421692E-02 0.00000000E+00
34  1 0.00000000E+00 0.00000000E+00 0.00000000E+00 0.00000000E+00-6.51739502E-02
34  2 0.00000000E+00 0.00000000E+00 3.59762554E-01 0.00000000E+00 0.00000000E+00
34  3-5.39392330E-01 0.00000000E+00 0.00000000E+00 0.00000000E+00 0.00000000E+00
34  4 0.00000000E+00 0.00000000E+00-1.63513078E-01 0.00000000E+00 1.03042613E-03
34  5 7.92903140E-02-2.16361870E-01-6.07107184E-01 0.00000000E+00-1.64435610E-01
34  6 7.61005811E-01 0.00000000E+00 2.96366453E-01-3.44287269E-02 2.19631178E-02
34  7 1.24656091E-02 0.00000000E+00 4.33830224E-03 0.00000000E+00-1.03042613E-03
34  8-7.92903140E-02 2.16361870E-01-6.07107184E-01 0.00000000E+00 1.64435610E-01
34  9 7.61005811E-01 0.00000000E+00-2.96366453E-01 3.44287269E-02-2.19631178E-02
34 10-1.24656091E-02 0.00000000E+00 4.33830224E-03 0.00000000E+00
35  1 0.00000000E+00 0.00000000E+00 0.00000000E+00 0.00000000E+00-2.46785780E-02
35  2 0.00000000E+00 0.00000000E+00 1.06274121E-01 0.00000000E+00 0.00000000E+00
35  3 7.69058794E-01 0.00000000E+00 0.00000000E+00 0.00000000E+00 0.00000000E+00
35  4 0.00000000E+00 0.00000000E+00 4.13742667E-01 0.00000000E+00 1.75936507E-02
35  5-1.11514265E+00 1.45763277E+00-9.20326065E-02 0.00000000E+00 8.44707258E-02
35  6 3.53831824E-01 0.00000000E+00-3.87378362E-01-5.99564308E-02 1.10723729E-01
35  7-5.07672980E-02 0.00000000E+00 1.64392631E-01 0.00000000E+00-1.75936507E-02
35  8 1.11514265E+00-1.45763277E+00-9.20326065E-02 0.00000000E+00-8.44707258E-02
35  9 3.53831824E-01 0.00000000E+00 3.87378362E-01 5.99564308E-02-1.10723729E-01
35 10 5.07672980E-02 0.00000000E+00 1.64392631E-01 0.00000000E+00
36  1-3.38868403E-02-3.19862343E-01-7.67578022E-01 1.86546153E+00 0.00000000E+00
36  2 0.00000000E+00-1.63930749E-02 0.00000000E+00 0.00000000E+00 4.95048674E-02
36  3 0.00000000E+00 0.00000000E+00 9.07258209E-01 2.35190941E-01-3.48758327E-01
36  4 1.13567386E-01 0.00000000E+00 0.00000000E+00 0.00000000E+00-5.92913319E-03
36  5 1.14797675E+00-1.71920600E+00 6.70444596E-02 0.00000000E+00-4.39239633E-02
36  6-5.35184677E-01 0.00000000E+00 3.16740919E-01 1.23957960E-01-9.45754930E-02
36  7-2.93824665E-02 0.00000000E+00-1.78070097E-01 0.00000000E+00-5.92913319E-03
36  8 1.14797675E+00-1.71920600E+00-6.70444596E-02 0.00000000E+00-4.39239633E-02
36  9 5.35184677E-01 0.00000000E+00 3.16740919E-01 1.23957960E-01-9.45754930E-02
36 10-2.93824665E-02 0.00000000E+00 1.78070097E-01 0.00000000E+00
37  1 0.00000000E+00 0.00000000E+00 0.00000000E+00 0.00000000E+00-6.35408577E-03
37  2 0.00000000E+00 0.00000000E+00-3.40974027E-03 0.00000000E+00 0.00000000E+00
37  3 1.66522414E-01 0.00000000E+00 0.00000000E+00 0.00000000E+00 0.00000000E+00
37  4 0.00000000E+00 0.00000000E+00-1.51252522E-02 0.00000000E+00-9.30501422E-04
37  5-6.11690562E-02 1.15976098E-01 2.69000042E-02 0.00000000E+00 3.06406932E-02
37  6-2.16576441E-02 0.00000000E+00-6.90860557E-02-4.80132894E-01-2.10780433E-01
37  7 6.90913327E-01 0.00000000E+00 3.26687462E-02 0.00000000E+00 9.30501422E-04
37  8 6.11690562E-02-1.15976098E-01 2.69000042E-02 0.00000000E+00-3.06406932E-02
37  9-2.16576441E-02 0.00000000E+00 6.90860557E-02 4.80132894E-01 2.10780433E-01
37 10-6.90913327E-01 0.00000000E+00 3.26687462E-02 0.00000000E+00
38  1 0.00000000E+00 0.00000000E+00 0.00000000E+00 0.00000000E+00 0.00000000E+00
38  2 0.00000000E+00 0.00000000E+00 0.00000000E+00 0.00000000E+00 0.00000000E+00
38  3 0.00000000E+00 0.00000000E+00 0.00000000E+00 0.00000000E+00 0.00000000E+00
38  4 0.00000000E+00 4.82449636E-02 0.00000000E+00 0.00000000E+00 0.00000000E+00
38  5 0.00000000E+00 0.00000000E+00 0.00000000E+00-1.29308675E-02 0.00000000E+00
38  6 0.00000000E+00 1.92344402E-02 0.00000000E+00 0.00000000E+00 0.00000000E+00
38  7 0.00000000E+00 6.18378268E-01 0.00000000E+00 3.43283054E-01 0.00000000E+00
38  8 0.00000000E+00 0.00000000E+00 0.00000000E+00 1.29308675E-02 0.00000000E+00
38  9 0.00000000E+00-1.92344402E-02 0.00000000E+00 0.00000000E+00 0.00000000E+00
38 10 0.00000000E+00 6.18378268E-01 0.00000000E+00-3.43283054E-01
39  1 0.00000000E+00 0.00000000E+00 0.00000000E+00 0.00000000E+00 0.00000000E+00
39  2-2.92577373E-03 0.00000000E+00 0.00000000E+00 1.64854622E-03 0.00000000E+00
39  3 0.00000000E+00 3.71633926E-02 0.00000000E+00 0.00000000E+00 0.00000000E+00
39  4 0.00000000E+00 0.00000000E+00 0.00000000E+00 1.20029437E-02 0.00000000E+00
39  5 0.00000000E+00 0.00000000E+00 0.00000000E+00 1.29945065E-02 0.00000000E+00
39  6 0.00000000E+00-2.28480882E-02 0.00000000E+00 0.00000000E+00 0.00000000E+00
39  7 0.00000000E+00 3.16666394E-01 0.00000000E+00 6.32501521E-01 0.00000000E+00
39  8 0.00000000E+00 0.00000000E+00 0.00000000E+00 1.29945065E-02 0.00000000E+00
39  9 0.00000000E+00-2.28480882E-02 0.00000000E+00 0.00000000E+00 0.00000000E+00
39 10 0.00000000E+00-3.16666394E-01 0.00000000E+00 6.32501521E-01
40  1 8.28383123E-04 3.89344519E-03 1.36893013E-02-2.75953434E-02 0.00000000E+00
40  2 0.00000000E+00-2.12840757E-03 0.00000000E+00 0.00000000E+00 7.31566405E-03
40  3 0.00000000E+00 0.00000000E+00-2.19297514E-02 1.76074296E-02-3.66709284E-02
40  4 1.90634987E-02 0.00000000E+00 0.00000000E+00 0.00000000E+00 9.86785095E-04
40  5-1.68613801E-02 2.08296949E-02-1.24626857E-02 0.00000000E+00-2.23262403E-03
40  6 2.09538351E-02 0.00000000E+00 4.13318220E-03-2.72913020E-01 6.22568891E-01
40  7-3.49655871E-01 0.00000000E+00-3.32225446E-01 0.00000000E+00 9.86785095E-04
40  8-1.68613801E-02 2.08296949E-02 1.24626857E-02 0.00000000E+00-2.23262403E-03
40  9-2.09538351E-02 0.00000000E+00 4.13318220E-03-2.72913020E-01 6.22568891E-01
40 10-3.49655871E-01 0.00000000E+00 3.32225446E-01 0.00000000E+00
41  1 0.00000000E+00 0.00000000E+00 0.00000000E+00 0.00000000E+00 2.93392875E-03
41  2 0.00000000E+00 0.00000000E+00-2.56258763E-02 0.00000000E+00 0.00000000E+00
41  3 5.40834986E-02 0.00000000E+00 0.00000000E+00 0.00000000E+00 0.00000000E+00
41  4 0.00000000E+00 0.00000000E+00-9.06840448E-03 0.00000000E+00-1.19657450E-04
41  5 1.29495935E-02-4.20367118E-03 3.27363436E-02 0.00000000E+00 1.16670771E-02
41  6-5.19742561E-02 0.00000000E+00-2.14361100E-02-4.63749570E-01 5.81111510E-01
41  7-1.17361940E-01 0.00000000E+00-3.49895487E-01 0.00000000E+00 1.19657450E-04
41  8-1.29495935E-02 4.20367118E-03 3.27363436E-02 0.00000000E+00-1.16670771E-02
41  9-5.19742561E-02 0.00000000E+00 2.14361100E-02 4.63749570E-01-5.81111510E-01
41 10 1.17361940E-01 0.00000000E+00-3.49895487E-01 0.00000000E+00
42  1 0.00000000E+00 0.00000000E+00 0.00000000E+00 0.00000000E+00 0.00000000E+00
42  2 0.00000000E+00 0.00000000E+00 0.00000000E+00 0.00000000E+00 0.00000000E+00
42  3 0.00000000E+00 0.00000000E+00 0.00000000E+00 0.00000000E+00 0.00000000E+00
42  4 0.00000000E+00-1.98762199E-01 0.00000000E+00 0.00000000E+00 0.00000000E+00
42  5 0.00000000E+00 0.00000000E+00 0.00000000E+00 2.78231847E-02 0.00000000E+00
42  6 0.00000000E+00-4.42335371E-02 0.00000000E+00 0.00000000E+00 0.00000000E+00
42  7 0.00000000E+00-3.45012295E-01 0.00000000E+00 6.19219312E-01 0.00000000E+00
42  8 0.00000000E+00 0.00000000E+00 0.00000000E+00-2.78231847E-02 0.00000000E+00
42  9 0.00000000E+00 4.42335371E-02 0.00000000E+00 0.00000000E+00 0.00000000E+00
42 10 0.00000000E+00-3.45012295E-01 0.00000000E+00-6.19219312E-01
43  1 0.00000000E+00 0.00000000E+00 0.00000000E+00 0.00000000E+00 0.00000000E+00
43  2 1.23520966E-02 0.00000000E+00 0.00000000E+00-7.27762966E-03 0.00000000E+00
43  3 0.00000000E+00-1.53720239E-01 0.00000000E+00 0.00000000E+00 0.00000000E+00
43  4 0.00000000E+00 0.00000000E+00 0.00000000E+00-1.86553710E-01 0.00000000E+00
43  5 0.00000000E+00 0.00000000E+00 0.00000000E+00-4.30899895E-02 0.00000000E+00
43  6 0.00000000E+00 9.08198411E-02 0.00000000E+00 0.00000000E+00 0.00000000E+00
43  7 0.00000000E+00 6.35823537E-01 0.00000000E+00-3.20882327E-01 0.00000000E+00
43  8 0.00000000E+00 0.00000000E+00 0.00000000E+00-4.30899895E-02 0.00000000E+00
43  9 0.00000000E+00 9.08198411E-02 0.00000000E+00 0.00000000E+00 0.00000000E+00
43 10 0.00000000E+00-6.35823537E-01 0.00000000E+00-3.20882327E-01
44  1-6.76633486E-03-3.29987170E-02-1.15852199E-01 1.72802346E-01 0.00000000E+00
44  2 0.00000000E+00 1.93109536E-03 0.00000000E+00 0.00000000E+00-4.37855938E-02
44  3 0.00000000E+00 0.00000000E+00 2.22393700E-01-2.29797955E-01-8.90961099E-03
44  4 2.38707566E-01 0.00000000E+00 0.00000000E+00 0.00000000E+00 1.63910800E-03
44  5 6.04249906E-02-1.37059151E-01 1.07884022E-02 0.00000000E+00 3.46885264E-02
44  6-7.09779591E-02 0.00000000E+00-5.60660129E-02-5.54915146E-01-6.46572676E-02
44  7 6.19572413E-01 0.00000000E+00-2.11800800E-01 0.00000000E+00 1.63910800E-03
44  8 6.04249906E-02-1.37059151E-01-1.07884022E-02 0.00000000E+00 3.46885264E-02
44  9 7.09779591E-02 0.00000000E+00-5.60660129E-02-5.54915146E-01-6.46572676E-02
44 10 6.19572413E-01 0.00000000E+00 2.11800800E-01 0.00000000E+00
45  1 3.79942907E-03-1.79000445E-01-1.81338349E-01 1.05934181E+00 0.00000000E+00
45  2 0.00000000E+00-9.66515681E-02 0.00000000E+00 0.00000000E+00 3.49935693E-01
45  3 0.00000000E+00 0.00000000E+00 4.25550852E-01 2.39985094E-01-3.77375670E-01
45  4 1.37390575E-01 0.00000000E+00 0.00000000E+00 0.00000000E+00 9.28038831E-03
45  5 5.40064196E-01-9.02577121E-01 8.44879708E-02 0.00000000E+00-6.30706820E-02
45  6-4.26082955E-01 0.00000000E+00 2.94387297E-01-3.45070675E-01 3.32885558E-01
45  7 1.21851173E-02 0.00000000E+00 5.87587308E-01 0.00000000E+00 9.28038831E-03
45  8 5.40064196E-01-9.02577121E-01-8.44879708E-02 0.00000000E+00-6.30706820E-02
45  9 4.26082955E-01 0.00000000E+00 2.94387297E-01-3.45070675E-01 3.32885558E-01
45 10 1.21851173E-02 0.00000000E+00-5.87587308E-01 0.00000000E+00
46  1 0.00000000E+00 0.00000000E+00 0.00000000E+00 0.00000000E+00-1.13806446E-01
46  2 0.00000000E+00 0.00000000E+00 4.23843942E-01 0.00000000E+00 0.00000000E+00
46  3 3.31153365E-01 0.00000000E+00 0.00000000E+00 0.00000000E+00 0.00000000E+00
46  4 0.00000000E+00 0.00000000E+00 5.63592782E-01 0.00000000E+00-9.55620515E-03
46  5-4.40740333E-01 6.95643052E-01-6.76176561E-02 0.00000000E+00 5.97081396E-02
46  6 3.26354797E-01 0.00000000E+00-3.08706673E-01 2.46529790E-01-3.48533999E-01
46  7 1.02004209E-01 0.00000000E+00-6.31339902E-01 0.00000000E+00 9.55620515E-03
46  8 4.40740333E-01-6.95643052E-01-6.76176561E-02 0.00000000E+00-5.97081396E-02
46  9 3.26354797E-01 0.00000000E+00 3.08706673E-01-2.46529790E-01 3.48533999E-01
46 10-1.02004209E-01 0.00000000E+00-6.31339902E-01 0.00000000E+00
 $END   
 POPULATION ANALYSIS
S           15.24744   0.75256  15.26946   0.73054
O            8.37628  -0.37628   8.36527  -0.36527
O            8.37628  -0.37628   8.36527  -0.36527
 MOMENTS AT POINT    1 X,Y,Z=  0.000000  0.000000  0.000000
 DIPOLE       0.000000  0.000000 -2.960255
