 $DATA  
Title                                                                           
CNV      2

S          16.0      0.0000000000      0.0000000000     -0.0523079576
   PC1     0
        
O           8.0      1.1954336377      0.0000000000      0.0522789337
   PC1     0
        
 $END      
 $ZMAT   IZMAT(1)=
         1,   3,   1,
         1,   2,   1,
         2,   2,   1,   3,
 $END
--- CLOSED SHELL ORBITALS --- GENERATED AT Thu Feb 26 00:13:42 2015
Title                                                                           
E(R-PBE)=     -547.8314325459, E(NUC)=  127.0564430476,   25 ITERS
 $VEC   
 1  1 1.00299973E+00-1.01425025E-02 2.25968336E-03-6.11756631E-06 0.00000000E+00
 1  2 0.00000000E+00 3.32102301E-05 0.00000000E+00 0.00000000E+00 5.46383135E-05
 1  3 0.00000000E+00 0.00000000E+00 1.88771906E-05 5.57191967E-04-2.79751700E-04
 1  4-2.77440267E-04 0.00000000E+00 0.00000000E+00 0.00000000E+00 8.91531289E-06
 1  5-6.12430163E-05-6.92216307E-04-2.56260538E-04 0.00000000E+00 3.09278766E-05
 1  6-4.61533798E-04 0.00000000E+00 5.32570181E-05-1.43769972E-04 7.46801251E-05
 1  7 6.90898466E-05 0.00000000E+00 4.22605980E-05 0.00000000E+00 8.91531289E-06
 1  8-6.12430163E-05-6.92216307E-04 2.56260538E-04 0.00000000E+00 3.09278766E-05
 1  9 4.61533798E-04 0.00000000E+00 5.32570181E-05-1.43769972E-04 7.46801251E-05
 1 10 6.90898466E-05 0.00000000E+00-4.22605980E-05 0.00000000E+00
 2  1-8.53801039E-05 7.84414691E-04-5.17341914E-04 7.70127046E-03 0.00000000E+00
 2  2 0.00000000E+00 9.17546857E-06 0.00000000E+00 0.00000000E+00 4.77987939E-05
 2  3 0.00000000E+00 0.00000000E+00 9.64061535E-04-3.46880418E-03 1.71513800E-03
 2  4 1.75366618E-03 0.00000000E+00 0.00000000E+00 0.00000000E+00 7.03193778E-01
 2  5 2.73396598E-02-1.17467603E-02 2.39166991E-03 0.00000000E+00-9.87510042E-05
 2  6-3.16087307E-03 0.00000000E+00-3.15414050E-04 2.80361860E-04-1.58921333E-04
 2  7-1.21440527E-04 0.00000000E+00-2.54249065E-04 0.00000000E+00 7.03193778E-01
 2  8 2.73396598E-02-1.17467603E-02-2.39166991E-03 0.00000000E+00-9.87510042E-05
 2  9 3.16087307E-03 0.00000000E+00-3.15414050E-04 2.80361860E-04-1.58921333E-04
 2 10-1.21440527E-04 0.00000000E+00 2.54249065E-04 0.00000000E+00
 3  1 0.00000000E+00 0.00000000E+00 0.00000000E+00 0.00000000E+00-2.06806158E-04
 3  2 0.00000000E+00 0.00000000E+00 1.42133590E-04 0.00000000E+00 0.00000000E+00
 3  3-9.44765773E-03 0.00000000E+00 0.00000000E+00 0.00000000E+00 0.00000000E+00
 3  4 0.00000000E+00 0.00000000E+00 5.46009721E-04 0.00000000E+00 7.03221288E-01
 3  5 2.73338467E-02-1.62286271E-02 1.21958560E-03 0.00000000E+00 1.15217572E-06
 3  6-2.03182717E-03 0.00000000E+00 6.50783749E-04 2.16965345E-04-8.54906635E-05
 3  7-1.31474681E-04 0.00000000E+00 1.90110962E-04 0.00000000E+00-7.03221288E-01
 3  8-2.73338467E-02 1.62286271E-02 1.21958560E-03 0.00000000E+00-1.15217572E-06
 3  9-2.03182717E-03 0.00000000E+00-6.50783749E-04-2.16965345E-04 8.54906635E-05
 3 10 1.31474681E-04 0.00000000E+00 1.90110962E-04 0.00000000E+00
 4  1-2.73838619E-01 1.03933289E+00 4.31026023E-02-5.73828161E-03 0.00000000E+00
 4  2 0.00000000E+00 7.91701488E-03 0.00000000E+00 0.00000000E+00 1.06736237E-03
 4  3 0.00000000E+00 0.00000000E+00-1.23779571E-04 4.45954312E-03-2.22694003E-03
 4  4-2.23260309E-03 0.00000000E+00 0.00000000E+00 0.00000000E+00-1.14388703E-03
 4  5 2.20578061E-05-3.89175644E-03 2.84289793E-04 0.00000000E+00 2.66224983E-05
 4  6-3.24766226E-03 0.00000000E+00 3.95179902E-04 1.12671758E-03-5.58958194E-04
 4  7-5.67759385E-04 0.00000000E+00-5.91399233E-05 0.00000000E+00-1.14388703E-03
 4  8 2.20578061E-05-3.89175644E-03-2.84289793E-04 0.00000000E+00 2.66224983E-05
 4  9 3.24766226E-03 0.00000000E+00 3.95179902E-04 1.12671758E-03-5.58958194E-04
 4 10-5.67759385E-04 0.00000000E+00 5.91399233E-05 0.00000000E+00
 5  1 0.00000000E+00 0.00000000E+00 0.00000000E+00 0.00000000E+00 9.94552212E-01
 5  2 0.00000000E+00 0.00000000E+00 1.14414335E-02 0.00000000E+00 0.00000000E+00
 5  3-8.32677859E-04 0.00000000E+00 0.00000000E+00 0.00000000E+00 0.00000000E+00
 5  4 0.00000000E+00 0.00000000E+00 1.13272968E-03 0.00000000E+00 2.46963473E-03
 5  5-3.09323063E-03-2.91185179E-04-4.86373527E-03 0.00000000E+00 5.56699372E-04
 5  6 3.91224723E-04 0.00000000E+00 2.32221678E-04-2.34675337E-03 1.21102729E-03
 5  7 1.13572609E-03 0.00000000E+00 6.03030432E-04 0.00000000E+00-2.46963473E-03
 5  8 3.09323063E-03 2.91185179E-04-4.86373527E-03 0.00000000E+00-5.56699372E-04
 5  9 3.91224723E-04 0.00000000E+00-2.32221678E-04 2.34675337E-03-1.21102729E-03
 5 10-1.13572609E-03 0.00000000E+00 6.03030432E-04 0.00000000E+00
 6  1 0.00000000E+00 0.00000000E+00 0.00000000E+00 0.00000000E+00 0.00000000E+00
 6  2 9.96758761E-01 0.00000000E+00 0.00000000E+00 9.10897658E-03 0.00000000E+00
 6  3 0.00000000E+00-5.04302306E-04 0.00000000E+00 0.00000000E+00 0.00000000E+00
 6  4 0.00000000E+00 0.00000000E+00 0.00000000E+00 6.02812111E-04 0.00000000E+00
 6  5 0.00000000E+00 0.00000000E+00 0.00000000E+00 6.61390715E-04 0.00000000E+00
 6  6 0.00000000E+00 1.14133296E-04 0.00000000E+00 0.00000000E+00 0.00000000E+00
 6  7 0.00000000E+00 7.76593711E-04 0.00000000E+00-1.06861331E-04 0.00000000E+00
 6  8 0.00000000E+00 0.00000000E+00 0.00000000E+00 6.61390715E-04 0.00000000E+00
 6  9 0.00000000E+00 1.14133296E-04 0.00000000E+00 0.00000000E+00 0.00000000E+00
 6 10 0.00000000E+00-7.76593711E-04 0.00000000E+00-1.06861331E-04
 7  1 2.33128076E-03-8.63431057E-03 6.15452494E-04-6.04031838E-04 0.00000000E+00
 7  2 0.00000000E+00 9.96725910E-01 0.00000000E+00 0.00000000E+00 9.07428319E-03
 7  3 0.00000000E+00 0.00000000E+00-5.04540477E-04-4.12090410E-04-3.16910987E-04
 7  4 7.29001397E-04 0.00000000E+00 0.00000000E+00 0.00000000E+00-1.92871177E-04
 7  5 3.13789912E-04 2.34893152E-04 5.00535717E-04 0.00000000E+00 6.15092544E-04
 7  6 1.22022821E-05 0.00000000E+00 1.04749987E-04 2.38154998E-04-2.78557028E-05
 7  7-2.10299295E-04 0.00000000E+00 7.43246524E-04 0.00000000E+00-1.92871177E-04
 7  8 3.13789912E-04 2.34893152E-04-5.00535717E-04 0.00000000E+00 6.15092544E-04
 7  9-1.22022821E-05 0.00000000E+00 1.04749987E-04 2.38154998E-04-2.78557028E-05
 7 10-2.10299295E-04 0.00000000E+00-7.43246524E-04 0.00000000E+00
 8  1 6.14491802E-02-1.93661531E-01 3.20990627E-01 1.10379693E-01 0.00000000E+00
 8  2 0.00000000E+00-2.14684136E-02 0.00000000E+00 0.00000000E+00 3.72088889E-02
 8  3 0.00000000E+00 0.00000000E+00-2.45825016E-03 1.05167500E-01-5.31628734E-02
 8  4-5.20046263E-02 0.00000000E+00 0.00000000E+00 0.00000000E+00-1.29656355E-01
 8  5 2.37553328E-01 2.18263720E-01 1.42697122E-01 0.00000000E+00-5.51978049E-03
 8  6 3.33372847E-02 0.00000000E+00 3.33940054E-03 1.94183714E-02-9.41034407E-03
 8  7-1.00080274E-02 0.00000000E+00 7.61708877E-04 0.00000000E+00-1.29656355E-01
 8  8 2.37553328E-01 2.18263720E-01-1.42697122E-01 0.00000000E+00-5.51978049E-03
 8  9-3.33372847E-02 0.00000000E+00 3.33940054E-03 1.94183714E-02-9.41034407E-03
 8 10-1.00080274E-02 0.00000000E+00-7.61708877E-04 0.00000000E+00
 9  1 0.00000000E+00 0.00000000E+00 0.00000000E+00 0.00000000E+00-2.11302548E-01
 9  2 0.00000000E+00 0.00000000E+00 3.42578136E-01 0.00000000E+00 0.00000000E+00
 9  3-9.39281423E-03 0.00000000E+00 0.00000000E+00 0.00000000E+00 0.00000000E+00
 9  4 0.00000000E+00 0.00000000E+00 2.64998455E-02 0.00000000E+00 1.45489859E-01
 9  5-2.83450522E-01-2.74490691E-01-1.49064238E-01 0.00000000E+00 9.34081117E-03
 9  6-1.71147281E-02 0.00000000E+00 2.55621686E-03-1.82307331E-02 9.28585965E-03
 9  7 8.94487343E-03 0.00000000E+00 4.07121241E-03 0.00000000E+00-1.45489859E-01
 9  8 2.83450522E-01 2.74490691E-01-1.49064238E-01 0.00000000E+00-9.34081117E-03
 9  9-1.71147281E-02 0.00000000E+00-2.55621686E-03 1.82307331E-02-9.28585965E-03
 9 10-8.94487343E-03 0.00000000E+00 4.07121241E-03 0.00000000E+00
10  1-4.88539188E-02 1.32299645E-01-3.11045796E-01-1.52721188E-01 0.00000000E+00
10  2 0.00000000E+00 3.22405726E-02 0.00000000E+00 0.00000000E+00-7.28945762E-02
10  3 0.00000000E+00 0.00000000E+00-1.19928079E-02 2.53236174E-02-1.07185140E-02
10  4-1.46051034E-02 0.00000000E+00 0.00000000E+00 0.00000000E+00-9.93815330E-02
10  5 2.03203485E-01 3.54914040E-01-3.10439335E-01 0.00000000E+00-1.89051864E-02
10  6-1.66269305E-01 0.00000000E+00-1.07152363E-02-1.90432874E-02 9.52627106E-03
10  7 9.51701631E-03 0.00000000E+00-1.43384506E-03 0.00000000E+00-9.93815330E-02
10  8 2.03203485E-01 3.54914040E-01 3.10439335E-01 0.00000000E+00-1.89051864E-02
10  9 1.66269305E-01 0.00000000E+00-1.07152363E-02-1.90432874E-02 9.52627106E-03
10 10 9.51701631E-03 0.00000000E+00 1.43384506E-03 0.00000000E+00
11  1 0.00000000E+00 0.00000000E+00 0.00000000E+00 0.00000000E+00 0.00000000E+00
11  2-2.03553367E-01 0.00000000E+00 0.00000000E+00 4.46896642E-01 0.00000000E+00
11  3 0.00000000E+00 1.45831615E-01 0.00000000E+00 0.00000000E+00 0.00000000E+00
11  4 0.00000000E+00 0.00000000E+00 0.00000000E+00 2.17105166E-02 0.00000000E+00
11  5 0.00000000E+00 0.00000000E+00 0.00000000E+00 3.45315877E-01 0.00000000E+00
11  6 0.00000000E+00 1.82820945E-01 0.00000000E+00 0.00000000E+00 0.00000000E+00
11  7 0.00000000E+00 3.21747191E-02 0.00000000E+00-1.69547706E-03 0.00000000E+00
11  8 0.00000000E+00 0.00000000E+00 0.00000000E+00 3.45315877E-01 0.00000000E+00
11  9 0.00000000E+00 1.82820945E-01 0.00000000E+00 0.00000000E+00 0.00000000E+00
11 10 0.00000000E+00-3.21747191E-02 0.00000000E+00-1.69547706E-03
12  1-1.03820768E-02 2.70606746E-02-6.77144686E-02-4.66148971E-02 0.00000000E+00
12  2 0.00000000E+00-1.99194506E-01 0.00000000E+00 0.00000000E+00 4.36445270E-01
12  3 0.00000000E+00 0.00000000E+00 1.44285706E-01-3.14281802E-02-2.96617476E-03
12  4 3.43943549E-02 0.00000000E+00 0.00000000E+00 0.00000000E+00-9.25103793E-03
12  5 2.16170404E-02 4.51037463E-02-9.22571124E-03 0.00000000E+00 3.45131814E-01
12  6 2.67962328E-04 0.00000000E+00 1.82103469E-01 2.80053606E-03 1.23589448E-05
12  7-2.81289501E-03 0.00000000E+00 3.12261924E-02 0.00000000E+00-9.25103793E-03
12  8 2.16170404E-02 4.51037463E-02 9.22571124E-03 0.00000000E+00 3.45131814E-01
12  9-2.67962328E-04 0.00000000E+00 1.82103469E-01 2.80053606E-03 1.23589448E-05
12 10-2.81289501E-03 0.00000000E+00-3.12261924E-02 0.00000000E+00
13  1 0.00000000E+00 0.00000000E+00 0.00000000E+00 0.00000000E+00 1.61001270E-01
13  2 0.00000000E+00 0.00000000E+00-3.33102004E-01 0.00000000E+00 0.00000000E+00
13  3 7.05878134E-02 0.00000000E+00 0.00000000E+00 0.00000000E+00 0.00000000E+00
13  4 0.00000000E+00 0.00000000E+00-9.19620583E-03 0.00000000E+00 6.51182347E-02
13  5-1.37590310E-01-2.55287438E-01 4.13965099E-01 0.00000000E+00-5.65619312E-02
13  6 1.96466602E-01 0.00000000E+00-3.40747791E-02 2.27265512E-02-1.16454264E-02
13  7-1.10811249E-02 0.00000000E+00-5.20217639E-03 0.00000000E+00-6.51182347E-02
13  8 1.37590310E-01 2.55287438E-01 4.13965099E-01 0.00000000E+00 5.65619312E-02
13  9 1.96466602E-01 0.00000000E+00 3.40747791E-02-2.27265512E-02 1.16454264E-02
13 10 1.10811249E-02 0.00000000E+00-5.20217639E-03 0.00000000E+00
14  1 0.00000000E+00 0.00000000E+00 0.00000000E+00 0.00000000E+00 0.00000000E+00
14  2 0.00000000E+00 0.00000000E+00 0.00000000E+00 0.00000000E+00 0.00000000E+00
14  3 0.00000000E+00 0.00000000E+00 0.00000000E+00 0.00000000E+00 0.00000000E+00
14  4 0.00000000E+00-1.95035712E-01 0.00000000E+00 0.00000000E+00 0.00000000E+00
14  5 0.00000000E+00 0.00000000E+00 0.00000000E+00 4.54636036E-01 0.00000000E+00
14  6 0.00000000E+00 2.77392942E-01 0.00000000E+00 0.00000000E+00 0.00000000E+00
14  7 0.00000000E+00 1.82648166E-02 0.00000000E+00 1.89892749E-04 0.00000000E+00
14  8 0.00000000E+00 0.00000000E+00 0.00000000E+00-4.54636036E-01 0.00000000E+00
14  9 0.00000000E+00-2.77392942E-01 0.00000000E+00 0.00000000E+00 0.00000000E+00
14 10 0.00000000E+00 1.82648166E-02 0.00000000E+00-1.89892749E-04
15  1 0.00000000E+00 0.00000000E+00 0.00000000E+00 0.00000000E+00-3.47784529E-03
15  2 0.00000000E+00 0.00000000E+00 4.65841796E-03 0.00000000E+00 0.00000000E+00
15  3 6.69010382E-03 0.00000000E+00 0.00000000E+00 0.00000000E+00 0.00000000E+00
15  4 0.00000000E+00 0.00000000E+00-1.93824964E-01 0.00000000E+00 2.15289265E-03
15  5-9.59858639E-03-1.14805428E-02 6.01688288E-02 0.00000000E+00 4.51119037E-01
15  6 3.66285725E-02 0.00000000E+00 2.75642804E-01 2.46293215E-03-1.36194038E-03
15  7-1.10099177E-03 0.00000000E+00 1.85238861E-02 0.00000000E+00-2.15289265E-03
15  8 9.59858639E-03 1.14805428E-02 6.01688288E-02 0.00000000E+00-4.51119037E-01
15  9 3.66285725E-02 0.00000000E+00-2.75642804E-01-2.46293215E-03 1.36194038E-03
15 10 1.10099177E-03 0.00000000E+00 1.85238861E-02 0.00000000E+00
16  1 2.60296312E-02-1.61961190E-01 7.09325282E-02 1.31269968E+00 0.00000000E+00
16  2 0.00000000E+00 5.34154146E-02 0.00000000E+00 0.00000000E+00-1.23458804E-01
16  3 0.00000000E+00 0.00000000E+00-7.24838257E-02-2.89831134E-01 1.47540704E-01
16  4 1.42290430E-01 0.00000000E+00 0.00000000E+00 0.00000000E+00 5.64049125E-02
16  5-9.13412045E-02-3.72944702E-01-2.98674331E-01 0.00000000E+00 1.02084990E-01
16  6-2.60471767E-01 0.00000000E+00 9.03013698E-02-2.36781916E-02 1.16047171E-02
16  7 1.20734745E-02 0.00000000E+00 1.25357530E-03 0.00000000E+00 5.64049125E-02
16  8-9.13412045E-02-3.72944702E-01 2.98674331E-01 0.00000000E+00 1.02084990E-01
16  9 2.60471767E-01 0.00000000E+00 9.03013698E-02-2.36781916E-02 1.16047171E-02
16 10 1.20734745E-02 0.00000000E+00-1.25357530E-03 0.00000000E+00
17  1 0.00000000E+00 0.00000000E+00 0.00000000E+00 0.00000000E+00 0.00000000E+00
17  2-2.03713608E-01 0.00000000E+00 0.00000000E+00 5.44984163E-01 0.00000000E+00
17  3 0.00000000E+00 7.62151348E-01 0.00000000E+00 0.00000000E+00 0.00000000E+00
17  4 0.00000000E+00 0.00000000E+00 0.00000000E+00-9.93454468E-03 0.00000000E+00
17  5 0.00000000E+00 0.00000000E+00 0.00000000E+00-4.01507182E-01 0.00000000E+00
17  6 0.00000000E+00-4.29124518E-01 0.00000000E+00 0.00000000E+00 0.00000000E+00
17  7 0.00000000E+00-3.31721287E-03 0.00000000E+00-9.06124224E-04 0.00000000E+00
17  8 0.00000000E+00 0.00000000E+00 0.00000000E+00-4.01507182E-01 0.00000000E+00
17  9 0.00000000E+00-4.29124518E-01 0.00000000E+00 0.00000000E+00 0.00000000E+00
17 10 0.00000000E+00 3.31721287E-03 0.00000000E+00-9.06124224E-04
18  1 2.68590460E-03-3.83727649E-02-1.69832204E-02 4.17831320E-01 0.00000000E+00
18  2 0.00000000E+00-1.96232945E-01 0.00000000E+00 0.00000000E+00 5.29303704E-01
18  3 0.00000000E+00 0.00000000E+00 7.76483554E-01-6.73747307E-02 4.35449549E-02
18  4 2.38297757E-02 0.00000000E+00 0.00000000E+00 0.00000000E+00 1.87211435E-02
18  5-3.26375237E-02-1.74875947E-01-1.02259846E-01 0.00000000E+00-3.85875148E-01
18  6-1.16822036E-01 0.00000000E+00-4.15377247E-01-6.86965934E-03 4.25442480E-03
18  7 2.61523453E-03 0.00000000E+00-2.44092278E-03 0.00000000E+00 1.87211435E-02
18  8-3.26375237E-02-1.74875947E-01 1.02259846E-01 0.00000000E+00-3.85875148E-01
18  9 1.16822036E-01 0.00000000E+00-4.15377247E-01-6.86965934E-03 4.25442480E-03
18 10 2.61523453E-03 0.00000000E+00 2.44092278E-03 0.00000000E+00
19  1 0.00000000E+00 0.00000000E+00 0.00000000E+00 0.00000000E+00-1.55830711E-02
19  2 0.00000000E+00 0.00000000E+00 1.28498210E-01 0.00000000E+00 0.00000000E+00
19  3 2.23030566E+00 0.00000000E+00 0.00000000E+00 0.00000000E+00 0.00000000E+00
19  4 0.00000000E+00 0.00000000E+00-1.57984656E-02 0.00000000E+00-8.14745512E-02
19  5 9.68846089E-02 1.37063253E+00-4.95159972E-02 0.00000000E+00-3.34069288E-02
19  6 2.45352407E-01 0.00000000E+00-8.26823219E-02 3.00400622E-02-1.49199859E-02
19  7-1.51200763E-02 0.00000000E+00-3.16847208E-03 0.00000000E+00 8.14745512E-02
19  8-9.68846089E-02-1.37063253E+00-4.95159972E-02 0.00000000E+00 3.34069288E-02
19  9 2.45352407E-01 0.00000000E+00 8.26823219E-02-3.00400622E-02 1.49199859E-02
19 10 1.51200763E-02 0.00000000E+00-3.16847208E-03 0.00000000E+00
20  1 0.00000000E+00 0.00000000E+00 0.00000000E+00 0.00000000E+00 0.00000000E+00
20  2 2.92334710E-01 0.00000000E+00 0.00000000E+00-1.11113569E+00 0.00000000E+00
20  3 0.00000000E+00 1.21525890E+00 0.00000000E+00 0.00000000E+00 0.00000000E+00
20  4 0.00000000E+00 0.00000000E+00 0.00000000E+00-6.24868074E-02 0.00000000E+00
20  5 0.00000000E+00 0.00000000E+00 0.00000000E+00-2.04085104E-02 0.00000000E+00
20  6 0.00000000E+00-4.12373820E-02 0.00000000E+00 0.00000000E+00 0.00000000E+00
20  7 0.00000000E+00-4.24508269E-02 0.00000000E+00 9.96882661E-04 0.00000000E+00
20  8 0.00000000E+00 0.00000000E+00 0.00000000E+00-2.04085104E-02 0.00000000E+00
20  9 0.00000000E+00-4.12373820E-02 0.00000000E+00 0.00000000E+00 0.00000000E+00
20 10 0.00000000E+00 4.24508269E-02 0.00000000E+00 9.96882661E-04
21  1-7.39869719E-03-1.38889612E-02-9.44344926E-02 4.67541146E-01 0.00000000E+00
21  2 0.00000000E+00 2.87988687E-01 0.00000000E+00 0.00000000E+00-1.08793111E+00
21  3 0.00000000E+00 0.00000000E+00 1.20453294E+00 1.59007311E-01-2.81143554E-02
21  4-1.30892955E-01 0.00000000E+00 0.00000000E+00 0.00000000E+00 4.50032577E-03
21  5 6.40046726E-03-2.48455243E-01 5.32667699E-02 0.00000000E+00-2.08087348E-02
21  6-1.26993329E-01 0.00000000E+00-2.13916208E-02-2.13437454E-02 9.95238959E-03
21  7 1.13913558E-02 0.00000000E+00-3.77148573E-02 0.00000000E+00 4.50032577E-03
21  8 6.40046726E-03-2.48455243E-01-5.32667699E-02 0.00000000E+00-2.08087348E-02
21  9 1.26993329E-01 0.00000000E+00-2.13916208E-02-2.13437454E-02 9.95238959E-03
21 10 1.13913558E-02 0.00000000E+00 3.77148573E-02 0.00000000E+00
22  1-7.47776574E-02-1.34831782E-01-9.63957353E-01 2.93045332E+00 0.00000000E+00
22  2 0.00000000E+00-4.98308376E-02 0.00000000E+00 0.00000000E+00 2.25519655E-01
22  3 0.00000000E+00 0.00000000E+00-1.37647159E-01 6.17863565E-01-3.37694226E-01
22  4-2.80169339E-01 0.00000000E+00 0.00000000E+00 0.00000000E+00 2.72691446E-02
22  5-5.09516480E-03-1.13131893E+00 2.73032475E-01 0.00000000E+00-1.30693980E-02
22  6-7.78316682E-01 0.00000000E+00 9.69499488E-02-7.75715160E-02 3.88103861E-02
22  7 3.87611298E-02 0.00000000E+00 2.41421406E-02 0.00000000E+00 2.72691446E-02
22  8-5.09516480E-03-1.13131893E+00-2.73032475E-01 0.00000000E+00-1.30693980E-02
22  9 7.78316682E-01 0.00000000E+00 9.69499488E-02-7.75715160E-02 3.88103861E-02
22 10 3.87611298E-02 0.00000000E+00-2.41421406E-02 0.00000000E+00
23  1 0.00000000E+00 0.00000000E+00 0.00000000E+00 0.00000000E+00 0.00000000E+00
23  2 1.86178713E-02 0.00000000E+00 0.00000000E+00-7.11796794E-02 0.00000000E+00
23  3 0.00000000E+00 9.89823243E-02 0.00000000E+00 0.00000000E+00 0.00000000E+00
23  4 0.00000000E+00 0.00000000E+00 0.00000000E+00 9.78925406E-01 0.00000000E+00
23  5 0.00000000E+00 0.00000000E+00 0.00000000E+00-5.31400558E-02 0.00000000E+00
23  6 0.00000000E+00-1.35417151E-02 0.00000000E+00 0.00000000E+00 0.00000000E+00
23  7 0.00000000E+00 2.28692115E-03 0.00000000E+00 5.76174932E-02 0.00000000E+00
23  8 0.00000000E+00 0.00000000E+00 0.00000000E+00-5.31400558E-02 0.00000000E+00
23  9 0.00000000E+00-1.35417151E-02 0.00000000E+00 0.00000000E+00 0.00000000E+00
23 10 0.00000000E+00-2.28692115E-03 0.00000000E+00 5.76174932E-02
24  1 2.45534674E-03 3.07341964E-03 3.04661222E-02-5.09259273E-02 0.00000000E+00
24  2 0.00000000E+00 1.89567937E-02 0.00000000E+00 0.00000000E+00-7.30351103E-02
24  3 0.00000000E+00 0.00000000E+00 1.00605672E-01-1.16978228E-02-8.41587183E-01
24  4 8.53285006E-01 0.00000000E+00 0.00000000E+00 0.00000000E+00 8.09421863E-05
24  5-3.65977393E-03 1.40332076E-02-1.35933898E-02 0.00000000E+00-5.25949560E-02
24  6 1.14939012E-02 0.00000000E+00-1.51372507E-02 1.01668446E-03-5.04042482E-02
24  7 4.93875637E-02 0.00000000E+00 2.09307499E-03 0.00000000E+00 8.09421863E-05
24  8-3.65977393E-03 1.40332076E-02 1.35933898E-02 0.00000000E+00-5.25949560E-02
24  9-1.14939012E-02 0.00000000E+00-1.51372507E-02 1.01668446E-03-5.04042482E-02
24 10 4.93875637E-02 0.00000000E+00-2.09307499E-03 0.00000000E+00
25  1 1.00971441E-01 4.78502368E-01 1.71521252E+00 2.10462899E-01 0.00000000E+00
25  2 0.00000000E+00-1.60868929E-02 0.00000000E+00 0.00000000E+00 1.01259538E-01
25  3 0.00000000E+00 0.00000000E+00 2.99534191E-02 2.15054376E-01-1.08070158E-01
25  4-1.06984217E-01 0.00000000E+00 0.00000000E+00 0.00000000E+00 5.39733003E-02
25  5-9.85862010E-02-6.24790017E-01 1.71209342E-01 0.00000000E+00 7.60228948E-03
25  6-1.15031711E+00 0.00000000E+00 6.84768733E-02 8.03319894E-03-3.59543184E-03
25  7-4.43776710E-03 0.00000000E+00 3.21453675E-03 0.00000000E+00 5.39733003E-02
25  8-9.85862010E-02-6.24790017E-01-1.71209342E-01 0.00000000E+00 7.60228948E-03
25  9 1.15031711E+00 0.00000000E+00 6.84768733E-02 8.03319894E-03-3.59543184E-03
25 10-4.43776710E-03 0.00000000E+00-3.21453675E-03 0.00000000E+00
26  1 0.00000000E+00 0.00000000E+00 0.00000000E+00 0.00000000E+00-1.42182294E-01
26  2 0.00000000E+00 0.00000000E+00 1.01640167E+00 0.00000000E+00 0.00000000E+00
26  3-1.80287884E-01 0.00000000E+00 0.00000000E+00 0.00000000E+00 0.00000000E+00
26  4 0.00000000E+00 0.00000000E+00 2.57402207E-01 0.00000000E+00-3.52250908E-02
26  5-4.20744029E-02 5.89252039E-01-3.17487005E-01 0.00000000E+00 6.35555789E-02
26  6 1.23379633E+00 0.00000000E+00 5.93019681E-03-1.30452131E-02 5.37162008E-03
26  7 7.67359298E-03 0.00000000E+00-5.07006039E-03 0.00000000E+00 3.52250908E-02
26  8 4.20744029E-02-5.89252039E-01-3.17487005E-01 0.00000000E+00-6.35555789E-02
26  9 1.23379633E+00 0.00000000E+00-5.93019681E-03 1.30452131E-02-5.37162008E-03
26 10-7.67359298E-03 0.00000000E+00-5.07006039E-03 0.00000000E+00
27  1 0.00000000E+00 0.00000000E+00 0.00000000E+00 0.00000000E+00 0.00000000E+00
27  2 0.00000000E+00 0.00000000E+00 0.00000000E+00 0.00000000E+00 0.00000000E+00
27  3 0.00000000E+00 0.00000000E+00 0.00000000E+00 0.00000000E+00 0.00000000E+00
27  4 0.00000000E+00 6.80417438E-01 0.00000000E+00 0.00000000E+00 0.00000000E+00
27  5 0.00000000E+00 0.00000000E+00 0.00000000E+00-3.81879145E-01 0.00000000E+00
27  6 0.00000000E+00 8.68642725E-01 0.00000000E+00 0.00000000E+00 0.00000000E+00
27  7 0.00000000E+00-3.36111270E-02 0.00000000E+00 5.34273603E-03 0.00000000E+00
27  8 0.00000000E+00 0.00000000E+00 0.00000000E+00 3.81879145E-01 0.00000000E+00
27  9 0.00000000E+00-8.68642725E-01 0.00000000E+00 0.00000000E+00 0.00000000E+00
27 10 0.00000000E+00-3.36111270E-02 0.00000000E+00-5.34273603E-03
28  1 0.00000000E+00 0.00000000E+00 0.00000000E+00 0.00000000E+00 5.93496112E-02
28  2 0.00000000E+00 0.00000000E+00-2.76107261E-01 0.00000000E+00 0.00000000E+00
28  3 7.15858871E-02 0.00000000E+00 0.00000000E+00 0.00000000E+00 0.00000000E+00
28  4 0.00000000E+00 0.00000000E+00 6.80039616E-01 0.00000000E+00 1.13123581E-02
28  5-3.59692254E-02-2.57974154E-02-7.97113331E-03 0.00000000E+00-3.65103283E-01
28  6-9.82576257E-02 0.00000000E+00 8.60840460E-01 4.58610902E-03-7.17798800E-03
28  7 2.59187898E-03 0.00000000E+00-3.65715124E-02 0.00000000E+00-1.13123581E-02
28  8 3.59692254E-02 2.57974154E-02-7.97113331E-03 0.00000000E+00 3.65103283E-01
28  9-9.82576257E-02 0.00000000E+00-8.60840460E-01-4.58610902E-03 7.17798800E-03
28 10-2.59187898E-03 0.00000000E+00-3.65715124E-02 0.00000000E+00
29  1 0.00000000E+00 0.00000000E+00 0.00000000E+00 0.00000000E+00 1.15708232E-01
29  2 0.00000000E+00 0.00000000E+00-5.03769943E-01 0.00000000E+00 0.00000000E+00
29  3 2.93617542E-01 0.00000000E+00 0.00000000E+00 0.00000000E+00 0.00000000E+00
29  4 0.00000000E+00 0.00000000E+00 7.46727249E-01 0.00000000E+00 1.14967351E-02
29  5-2.10985702E-02-2.60616389E-02-2.26099701E-02 0.00000000E+00 5.62050451E-01
29  6-2.22652079E-01 0.00000000E+00-1.86328410E-01 1.31678522E-02-1.73715882E-02
29  7 4.20373604E-03 0.00000000E+00-6.72864250E-02 0.00000000E+00-1.14967351E-02
29  8 2.10985702E-02 2.60616389E-02-2.26099701E-02 0.00000000E+00-5.62050451E-01
29  9-2.22652079E-01 0.00000000E+00 1.86328410E-01-1.31678522E-02 1.73715882E-02
29 10-4.20373604E-03 0.00000000E+00-6.72864250E-02 0.00000000E+00
30  1 0.00000000E+00 0.00000000E+00 0.00000000E+00 0.00000000E+00 0.00000000E+00
30  2 0.00000000E+00 0.00000000E+00 0.00000000E+00 0.00000000E+00 0.00000000E+00
30  3 0.00000000E+00 0.00000000E+00 0.00000000E+00 0.00000000E+00 0.00000000E+00
30  4 0.00000000E+00 8.39898254E-01 0.00000000E+00 0.00000000E+00 0.00000000E+00
30  5 0.00000000E+00 0.00000000E+00 0.00000000E+00 5.57135252E-01 0.00000000E+00
30  6 0.00000000E+00-1.45008101E-01 0.00000000E+00 0.00000000E+00 0.00000000E+00
30  7 0.00000000E+00-7.22269498E-02 0.00000000E+00 1.35883431E-02 0.00000000E+00
30  8 0.00000000E+00 0.00000000E+00 0.00000000E+00-5.57135252E-01 0.00000000E+00
30  9 0.00000000E+00 1.45008101E-01 0.00000000E+00 0.00000000E+00 0.00000000E+00
30 10 0.00000000E+00-7.22269498E-02 0.00000000E+00-1.35883431E-02
31  1 6.99151608E-03 3.33612268E-02 1.21021743E-01-1.98494242E-02 0.00000000E+00
31  2 0.00000000E+00-3.81889434E-02 0.00000000E+00 0.00000000E+00 7.71625393E-02
31  3 0.00000000E+00 0.00000000E+00-1.05630199E+00 7.36840029E-02 1.09108299E-02
31  4-8.45948327E-02 0.00000000E+00 0.00000000E+00 0.00000000E+00-2.16921740E-03
31  5 3.16582081E-02-4.82823270E-02-8.73693372E-02 0.00000000E+00-6.17885970E-01
31  6 4.41694545E-02 0.00000000E+00 1.12679651E+00-2.83755060E-03 8.02341062E-04
31  7 2.03520954E-03 0.00000000E+00-4.73506645E-02 0.00000000E+00-2.16921740E-03
31  8 3.16582081E-02-4.82823270E-02 8.73693372E-02 0.00000000E+00-6.17885970E-01
31  9-4.41694545E-02 0.00000000E+00 1.12679651E+00-2.83755060E-03 8.02341062E-04
31 10 2.03520954E-03 0.00000000E+00 4.73506645E-02 0.00000000E+00
32  1 0.00000000E+00 0.00000000E+00 0.00000000E+00 0.00000000E+00 0.00000000E+00
32  2-3.67276799E-02 0.00000000E+00 0.00000000E+00 6.82528387E-02 0.00000000E+00
32  3 0.00000000E+00-1.06099828E+00 0.00000000E+00 0.00000000E+00 0.00000000E+00
32  4 0.00000000E+00 0.00000000E+00 0.00000000E+00-5.52538301E-02 0.00000000E+00
32  5 0.00000000E+00 0.00000000E+00 0.00000000E+00-6.26663352E-01 0.00000000E+00
32  6 0.00000000E+00 1.13202320E+00 0.00000000E+00 0.00000000E+00 0.00000000E+00
32  7 0.00000000E+00-4.92881687E-02 0.00000000E+00 7.90387735E-04 0.00000000E+00
32  8 0.00000000E+00 0.00000000E+00 0.00000000E+00-6.26663352E-01 0.00000000E+00
32  9 0.00000000E+00 1.13202320E+00 0.00000000E+00 0.00000000E+00 0.00000000E+00
32 10 0.00000000E+00 4.92881687E-02 0.00000000E+00 7.90387735E-04
33  1 0.00000000E+00 0.00000000E+00 0.00000000E+00 0.00000000E+00-3.60015252E-01
33  2 0.00000000E+00 0.00000000E+00 1.40205557E+00 0.00000000E+00 0.00000000E+00
33  3-8.78964654E-02 0.00000000E+00 0.00000000E+00 0.00000000E+00 0.00000000E+00
33  4 0.00000000E+00 0.00000000E+00 2.99890775E-01 0.00000000E+00-4.42544260E-02
33  5 3.52484428E-01 3.06861699E-01 6.51586703E-01 0.00000000E+00 3.84891365E-02
33  6 3.48376665E-02 0.00000000E+00 1.44591485E-02-1.09449009E-01 4.74772301E-02
33  7 6.19717792E-02 0.00000000E+00-3.49458287E-02 0.00000000E+00 4.42544260E-02
33  8-3.52484428E-01-3.06861699E-01 6.51586703E-01 0.00000000E+00-3.84891365E-02
33  9 3.48376665E-02 0.00000000E+00-1.44591485E-02 1.09449009E-01-4.74772301E-02
33 10-6.19717792E-02 0.00000000E+00-3.49458287E-02 0.00000000E+00
34  1 2.69673976E-02 4.19009156E-02 3.71099465E-01 2.49262119E+00 0.00000000E+00
34  2 0.00000000E+00-1.84431670E-02 0.00000000E+00 0.00000000E+00 1.18920273E-01
34  3 0.00000000E+00 0.00000000E+00 2.11050904E-01 8.60007766E-01-4.37687833E-01
34  4-4.22319934E-01 0.00000000E+00 0.00000000E+00 0.00000000E+00 7.17322616E-03
34  5 8.90125261E-01-2.38089794E+00-4.14486104E-01 0.00000000E+00 9.77454481E-02
34  6-6.77677867E-01 0.00000000E+00-5.10217487E-02 1.64066742E-01-8.53423491E-02
34  7-7.87243928E-02 0.00000000E+00-1.66225767E-02 0.00000000E+00 7.17322616E-03
34  8 8.90125261E-01-2.38089794E+00 4.14486104E-01 0.00000000E+00 9.77454481E-02
34  9 6.77677867E-01 0.00000000E+00-5.10217487E-02 1.64066742E-01-8.53423491E-02
34 10-7.87243928E-02 0.00000000E+00 1.66225767E-02 0.00000000E+00
35  1 0.00000000E+00 0.00000000E+00 0.00000000E+00 0.00000000E+00-3.21145054E-02
35  2 0.00000000E+00 0.00000000E+00 4.42220148E-01 0.00000000E+00 0.00000000E+00
35  3 1.97875914E+00 0.00000000E+00 0.00000000E+00 0.00000000E+00 0.00000000E+00
35  4 0.00000000E+00 0.00000000E+00 6.30688791E-02 0.00000000E+00-1.50331551E-02
35  5-1.33365784E+00 2.77500609E+00 1.42143321E-01 0.00000000E+00 2.35352363E-02
35  6 3.13636861E-01 0.00000000E+00-1.14371140E-01-1.77800830E-01 9.04308544E-02
35  7 8.73699755E-02 0.00000000E+00 6.82794573E-02 0.00000000E+00 1.50331551E-02
35  8 1.33365784E+00-2.77500609E+00 1.42143321E-01 0.00000000E+00-2.35352363E-02
35  9 3.13636861E-01 0.00000000E+00 1.14371140E-01 1.77800830E-01-9.04308544E-02
35 10-8.73699755E-02 0.00000000E+00 6.82794573E-02 0.00000000E+00
36  1 0.00000000E+00 0.00000000E+00 0.00000000E+00 0.00000000E+00 0.00000000E+00
36  2 0.00000000E+00 0.00000000E+00 0.00000000E+00 0.00000000E+00 0.00000000E+00
36  3 0.00000000E+00 0.00000000E+00 0.00000000E+00 0.00000000E+00 0.00000000E+00
36  4 0.00000000E+00 1.64832560E-02 0.00000000E+00 0.00000000E+00 0.00000000E+00
36  5 0.00000000E+00 0.00000000E+00 0.00000000E+00-3.17484928E-03 0.00000000E+00
36  6 0.00000000E+00 8.35048704E-03 0.00000000E+00 0.00000000E+00 0.00000000E+00
36  7 0.00000000E+00 1.03635744E-01 0.00000000E+00 6.99592204E-01 0.00000000E+00
36  8 0.00000000E+00 0.00000000E+00 0.00000000E+00 3.17484928E-03 0.00000000E+00
36  9 0.00000000E+00-8.35048704E-03 0.00000000E+00 0.00000000E+00 0.00000000E+00
36 10 0.00000000E+00 1.03635744E-01 0.00000000E+00-6.99592204E-01
37  1 0.00000000E+00 0.00000000E+00 0.00000000E+00 0.00000000E+00-5.42643808E-04
37  2 0.00000000E+00 0.00000000E+00 4.43632094E-04 0.00000000E+00 0.00000000E+00
37  3 1.53127582E-02 0.00000000E+00 0.00000000E+00 0.00000000E+00 0.00000000E+00
37  4 0.00000000E+00 0.00000000E+00-1.61199360E-02 0.00000000E+00-1.31813127E-04
37  5-8.55673733E-03 1.66760207E-02 1.38975365E-03 0.00000000E+00 3.53180589E-03
37  6-1.64360334E-03 0.00000000E+00-9.13064978E-03-1.53123813E-02 6.13528656E-01
37  7-5.98216275E-01 0.00000000E+00-1.02363403E-01 0.00000000E+00 1.31813127E-04
37  8 8.55673733E-03-1.66760207E-02 1.38975365E-03 0.00000000E+00-3.53180589E-03
37  9-1.64360334E-03 0.00000000E+00 9.13064978E-03 1.53123813E-02-6.13528656E-01
37 10 5.98216275E-01 0.00000000E+00-1.02363403E-01 0.00000000E+00
38  1 1.45670340E-02-1.98777416E-01-7.95799968E-02-1.17252129E-01 0.00000000E+00
38  2 0.00000000E+00-6.93726526E-02 0.00000000E+00 0.00000000E+00 3.18868667E-01
38  3 0.00000000E+00 0.00000000E+00-1.08072075E-02 9.05008163E-01-4.15432318E-01
38  4-4.89575846E-01 0.00000000E+00 0.00000000E+00 0.00000000E+00 3.64007996E-03
38  5-8.47990198E-01 4.97968992E-01-4.71405981E-01 0.00000000E+00 1.12501827E-01
38  6 3.33754545E-01 0.00000000E+00-1.22423263E-01 3.56327518E-02-2.18303258E-01
38  7 1.82670506E-01 0.00000000E+00-3.84614255E-01 0.00000000E+00 3.64007996E-03
38  8-8.47990198E-01 4.97968992E-01 4.71405981E-01 0.00000000E+00 1.12501827E-01
38  9-3.33754545E-01 0.00000000E+00-1.22423263E-01 3.56327518E-02-2.18303258E-01
38 10 1.82670506E-01 0.00000000E+00 3.84614255E-01 0.00000000E+00
39  1 0.00000000E+00 0.00000000E+00 0.00000000E+00 0.00000000E+00 0.00000000E+00
39  2-1.91817755E-02 0.00000000E+00 0.00000000E+00 9.87522032E-02 0.00000000E+00
39  3 0.00000000E+00 1.76444351E-03 0.00000000E+00 0.00000000E+00 0.00000000E+00
39  4 0.00000000E+00 0.00000000E+00 0.00000000E+00-2.62157168E-01 0.00000000E+00
39  5 0.00000000E+00 0.00000000E+00 0.00000000E+00 1.72379688E-02 0.00000000E+00
39  6 0.00000000E+00-3.44603052E-02 0.00000000E+00 0.00000000E+00 0.00000000E+00
39  7 0.00000000E+00-7.48353966E-02 0.00000000E+00 7.14703321E-01 0.00000000E+00
39  8 0.00000000E+00 0.00000000E+00 0.00000000E+00 1.72379688E-02 0.00000000E+00
39  9 0.00000000E+00-3.44603052E-02 0.00000000E+00 0.00000000E+00 0.00000000E+00
39 10 0.00000000E+00 7.48353966E-02 0.00000000E+00 7.14703321E-01
40  1-4.25340379E-03 7.66704502E-02 4.78364039E-02 3.46442510E-02 0.00000000E+00
40  2 0.00000000E+00 1.36993480E-02 0.00000000E+00 0.00000000E+00-5.65815084E-02
40  3 0.00000000E+00 0.00000000E+00-6.39935141E-03-3.20645172E-01 3.96534991E-01
40  4-7.58898189E-02 0.00000000E+00 0.00000000E+00 0.00000000E+00-6.94432751E-04
40  5 2.97325420E-01-1.77386081E-01 1.65697418E-01 0.00000000E+00-2.95168884E-02
40  6-1.24521788E-01 0.00000000E+00 3.35202186E-02-3.00139122E-02-5.73697547E-01
40  7 6.03711459E-01 0.00000000E+00 1.30030808E-01 0.00000000E+00-6.94432751E-04
40  8 2.97325420E-01-1.77386081E-01-1.65697418E-01 0.00000000E+00-2.95168884E-02
40  9 1.24521788E-01 0.00000000E+00 3.35202186E-02-3.00139122E-02-5.73697547E-01
40 10 6.03711459E-01 0.00000000E+00-1.30030808E-01 0.00000000E+00
41  1 0.00000000E+00 0.00000000E+00 0.00000000E+00 0.00000000E+00 0.00000000E+00
41  2 1.02313045E-01 0.00000000E+00 0.00000000E+00-5.31754513E-01 0.00000000E+00
41  3 0.00000000E+00-1.19183247E-01 0.00000000E+00 0.00000000E+00 0.00000000E+00
41  4 0.00000000E+00 0.00000000E+00 0.00000000E+00-1.17015022E-01 0.00000000E+00
41  5 0.00000000E+00 0.00000000E+00 0.00000000E+00-8.41335687E-02 0.00000000E+00
41  6 0.00000000E+00 2.76410739E-01 0.00000000E+00 0.00000000E+00 0.00000000E+00
41  7 0.00000000E+00 7.58257946E-01 0.00000000E+00 7.13185869E-02 0.00000000E+00
41  8 0.00000000E+00 0.00000000E+00 0.00000000E+00-8.41335687E-02 0.00000000E+00
41  9 0.00000000E+00 2.76410739E-01 0.00000000E+00 0.00000000E+00 0.00000000E+00
41 10 0.00000000E+00-7.58257946E-01 0.00000000E+00 7.13185869E-02
42  1 1.74830865E-04 2.11794436E-01 2.82099402E-01 2.31818522E-01 0.00000000E+00
42  2 0.00000000E+00-7.95120811E-02 0.00000000E+00 0.00000000E+00 4.54630156E-01
42  3 0.00000000E+00 0.00000000E+00 1.53270619E-01-6.31277303E-01 2.47065150E-01
42  4 3.84212153E-01 0.00000000E+00 0.00000000E+00 0.00000000E+00 5.86504927E-03
42  5 6.51008620E-01-5.68518084E-01 3.05252484E-01 0.00000000E+00 2.64442844E-02
42  6-3.84032534E-01 0.00000000E+00-2.39716143E-01-2.75343373E-01 1.42822198E-01
42  7 1.32521175E-01 0.00000000E+00-6.15011454E-01 0.00000000E+00 5.86504927E-03
42  8 6.51008620E-01-5.68518084E-01-3.05252484E-01 0.00000000E+00 2.64442844E-02
42  9 3.84032534E-01 0.00000000E+00-2.39716143E-01-2.75343373E-01 1.42822198E-01
42 10 1.32521175E-01 0.00000000E+00 6.15011454E-01 0.00000000E+00
43  1 0.00000000E+00 0.00000000E+00 0.00000000E+00 0.00000000E+00 1.51094438E-02
43  2 0.00000000E+00 0.00000000E+00-3.33711105E-01 0.00000000E+00 0.00000000E+00
43  3-1.35598192E-01 0.00000000E+00 0.00000000E+00 0.00000000E+00 0.00000000E+00
43  4 0.00000000E+00 0.00000000E+00 1.00793375E+00 0.00000000E+00 9.27260686E-03
43  5 2.17680367E-01-4.11318477E-01 2.82479882E-02 0.00000000E+00 1.03893482E-01
43  6-1.65903280E-01 0.00000000E+00 3.64017898E-01-1.18225429E-02 1.09318831E-01
43  7-9.74962883E-02 0.00000000E+00 8.83062961E-01 0.00000000E+00-9.27260686E-03
43  8-2.17680367E-01 4.11318477E-01 2.82479882E-02 0.00000000E+00-1.03893482E-01
43  9-1.65903280E-01 0.00000000E+00-3.64017898E-01 1.18225429E-02-1.09318831E-01
43 10 9.74962883E-02 0.00000000E+00 8.83062961E-01 0.00000000E+00
44  1 0.00000000E+00 0.00000000E+00 0.00000000E+00 0.00000000E+00 0.00000000E+00
44  2 0.00000000E+00 0.00000000E+00 0.00000000E+00 0.00000000E+00 0.00000000E+00
44  3 0.00000000E+00 0.00000000E+00 0.00000000E+00 0.00000000E+00 0.00000000E+00
44  4 0.00000000E+00 1.04841738E+00 0.00000000E+00 0.00000000E+00 0.00000000E+00
44  5 0.00000000E+00 0.00000000E+00 0.00000000E+00 1.13881003E-01 0.00000000E+00
44  6 0.00000000E+00 3.53289873E-01 0.00000000E+00 0.00000000E+00 0.00000000E+00
44  7 0.00000000E+00 8.92679033E-01 0.00000000E+00-1.21656130E-01 0.00000000E+00
44  8 0.00000000E+00 0.00000000E+00 0.00000000E+00-1.13881003E-01 0.00000000E+00
44  9 0.00000000E+00-3.53289873E-01 0.00000000E+00 0.00000000E+00 0.00000000E+00
44 10 0.00000000E+00 8.92679033E-01 0.00000000E+00 1.21656130E-01
45  1-9.44511058E-02-5.52049774E-01-1.93835753E+00-1.79502816E+00 0.00000000E+00
45  2 0.00000000E+00 1.02504827E-02 0.00000000E+00 0.00000000E+00-1.63075318E-01
45  3 0.00000000E+00 0.00000000E+00-2.45647222E-02-1.52554526E+00 7.61575081E-01
45  4 7.63970179E-01 0.00000000E+00 0.00000000E+00 0.00000000E+00-3.71223886E-02
45  5-1.45737979E-01 2.09864664E+00 5.94083025E-01 0.00000000E+00-7.44342167E-02
45  6 1.04134694E+00 0.00000000E+00-1.35293189E-01 9.14343101E-01-4.72700624E-01
45  7-4.41642476E-01 0.00000000E+00-2.54132518E-01 0.00000000E+00-3.71223886E-02
45  8-1.45737979E-01 2.09864664E+00-5.94083025E-01 0.00000000E+00-7.44342167E-02
45  9-1.04134694E+00 0.00000000E+00-1.35293189E-01 9.14343101E-01-4.72700624E-01
45 10-4.41642476E-01 0.00000000E+00 2.54132518E-01 0.00000000E+00
46  1 0.00000000E+00 0.00000000E+00 0.00000000E+00 0.00000000E+00-1.79189077E-01
46  2 0.00000000E+00 0.00000000E+00 2.23629307E+00 0.00000000E+00 0.00000000E+00
46  3 4.56232780E-01 0.00000000E+00 0.00000000E+00 0.00000000E+00 0.00000000E+00
46  4 0.00000000E+00 0.00000000E+00 3.39598533E-01 0.00000000E+00-4.85900106E-02
46  5-4.87049843E-01 1.93983790E+00 3.29852044E-01 0.00000000E+00 1.01952536E-02
46  6 1.00618925E+00 0.00000000E+00-2.75804563E-02 9.35143910E-01-4.50974368E-01
46  7-4.84169542E-01 0.00000000E+00 2.83995090E-02 0.00000000E+00 4.85900106E-02
46  8 4.87049843E-01-1.93983790E+00 3.29852044E-01 0.00000000E+00-1.01952536E-02
46  9 1.00618925E+00 0.00000000E+00 2.75804563E-02-9.35143910E-01 4.50974368E-01
46 10 4.84169542E-01 0.00000000E+00 2.83995090E-02 0.00000000E+00
 $END   
 POPULATION ANALYSIS
S           15.87953   0.12047  15.57110   0.42890
O            8.06024  -0.06024   8.21445  -0.21445
O            8.06024  -0.06024   8.21445  -0.21445
 MOMENTS AT POINT    1 X,Y,Z=  0.000000  0.000000  0.000000
 DIPOLE       0.000000  0.000000  0.459257
