 $DATA  
Title                                                                           
CNV      2

S          16.0      0.0000000000      0.0000000000     -0.3155545849
   PC1     0
        
O           8.0      0.9010672487      0.0000000000      0.3153794951
   PC1     0
        
 $END      
 $ZMAT   IZMAT(1)=
         1,   3,   1,
         1,   2,   1,
         2,   2,   1,   3,
 $END
--- CLOSED SHELL ORBITALS --- GENERATED AT Thu Feb 26 00:11:29 2015
Title                                                                           
E(R-PBE)=     -547.4791900032, E(NUC)=  141.9468838616,   15 ITERS
 $VEC   
 1  1 1.00297185E+00-1.00839863E-02 2.11569103E-03-3.51737545E-04 0.00000000E+00
 1  2 0.00000000E+00 3.12492690E-05 0.00000000E+00 0.00000000E+00 3.16475956E-04
 1  3 0.00000000E+00 0.00000000E+00 3.27823388E-05 1.93355604E-04-1.54972705E-04
 1  4-3.83828996E-05 0.00000000E+00 0.00000000E+00 0.00000000E+00-7.60424743E-06
 1  5-8.37753147E-05-4.01515208E-04-1.22597570E-04 0.00000000E+00 9.23508635E-05
 1  6-2.35974014E-04 0.00000000E+00 2.14306020E-04 4.54696081E-06 1.62390140E-05
 1  7-2.07859749E-05 0.00000000E+00 1.29525769E-05 0.00000000E+00-7.60424743E-06
 1  8-8.37753147E-05-4.01515208E-04 1.22597570E-04 0.00000000E+00 9.23508635E-05
 1  9 2.35974014E-04 0.00000000E+00 2.14306020E-04 4.54696081E-06 1.62390140E-05
 1 10-2.07859749E-05 0.00000000E+00-1.29525769E-05 0.00000000E+00
 2  1 0.00000000E+00 0.00000000E+00 0.00000000E+00 0.00000000E+00-3.70305852E-04
 2  2 0.00000000E+00 0.00000000E+00 4.00662319E-03 0.00000000E+00 0.00000000E+00
 2  3-4.05863107E-03 0.00000000E+00 0.00000000E+00 0.00000000E+00 0.00000000E+00
 2  4 0.00000000E+00 0.00000000E+00 4.14309073E-03 0.00000000E+00 7.03202792E-01
 2  5 2.85583912E-02-1.13296858E-02 2.70696948E-03 0.00000000E+00-1.96356594E-03
 2  6-1.56205129E-03 0.00000000E+00 1.39040123E-03 2.09015093E-05 7.47654416E-05
 2  7-9.56669509E-05 0.00000000E+00-7.84315940E-04 0.00000000E+00-7.03202792E-01
 2  8-2.85583912E-02 1.13296858E-02 2.70696948E-03 0.00000000E+00 1.96356594E-03
 2  9-1.56205129E-03 0.00000000E+00-1.39040123E-03-2.09015093E-05-7.47654416E-05
 2 10 9.56669509E-05 0.00000000E+00-7.84315940E-04 0.00000000E+00
 3  1-1.22111231E-04-2.73411329E-04-2.63981124E-03 1.11723386E-02 0.00000000E+00
 3  2 0.00000000E+00 3.03981569E-05 0.00000000E+00 0.00000000E+00-1.59372395E-03
 3  3 0.00000000E+00 0.00000000E+00 4.58628613E-03-1.33012292E-03 1.31937990E-03
 3  4 1.07430199E-05 0.00000000E+00 0.00000000E+00 0.00000000E+00 7.03075428E-01
 3  5 2.74943878E-02-1.35892313E-02 2.22327091E-03 0.00000000E+00-1.39445531E-03
 3  6-2.05667183E-03 0.00000000E+00 8.37259546E-04 6.59043004E-04-6.36694600E-04
 3  7-2.23484041E-05 0.00000000E+00-3.39263314E-04 0.00000000E+00 7.03075428E-01
 3  8 2.74943878E-02-1.35892313E-02-2.22327091E-03 0.00000000E+00-1.39445531E-03
 3  9 2.05667183E-03 0.00000000E+00 8.37259546E-04 6.59043004E-04-6.36694600E-04
 3 10-2.23484041E-05 0.00000000E+00 3.39263314E-04 0.00000000E+00
 4  1-2.73532468E-01 1.03823160E+00 4.46814475E-02-7.47191700E-03 0.00000000E+00
 4  2 0.00000000E+00 1.74263466E-02 0.00000000E+00 0.00000000E+00 3.85211937E-03
 4  3 0.00000000E+00 0.00000000E+00 1.71796404E-04 1.87335597E-03-1.47856357E-03
 4  4-3.94792394E-04 0.00000000E+00 0.00000000E+00 0.00000000E+00-2.34590115E-03
 4  5 1.37324635E-03-3.14922441E-03 2.41485067E-03 0.00000000E+00-1.66949106E-03
 4  6-2.40202676E-03 0.00000000E+00 2.04874250E-03 1.35988704E-03-1.25648136E-03
 4  7-1.03405679E-04 0.00000000E+00-2.24683331E-03 0.00000000E+00-2.34590115E-03
 4  8 1.37324635E-03-3.14922441E-03-2.41485067E-03 0.00000000E+00-1.66949106E-03
 4  9 2.40202676E-03 0.00000000E+00 2.04874250E-03 1.35988704E-03-1.25648136E-03
 4 10-1.03405679E-04 0.00000000E+00 2.24683331E-03 0.00000000E+00
 5  1 0.00000000E+00 0.00000000E+00 0.00000000E+00 0.00000000E+00 9.92494132E-01
 5  2 0.00000000E+00 0.00000000E+00 1.51403070E-02 0.00000000E+00 0.00000000E+00
 5  3 5.76044731E-05 0.00000000E+00 0.00000000E+00 0.00000000E+00 0.00000000E+00
 5  4 0.00000000E+00 0.00000000E+00 4.22715364E-03 0.00000000E+00 4.12246565E-03
 5  5-3.59483352E-03 1.69078645E-03-4.75679967E-03 0.00000000E+00 4.31680506E-03
 5  6 8.19521143E-04 0.00000000E+00-6.02243073E-04-1.33825304E-03 1.96992322E-03
 5  7-6.31670176E-04 0.00000000E+00 3.04412787E-03 0.00000000E+00-4.12246565E-03
 5  8 3.59483352E-03-1.69078645E-03-4.75679967E-03 0.00000000E+00-4.31680506E-03
 5  9 8.19521143E-04 0.00000000E+00 6.02243073E-04 1.33825304E-03-1.96992322E-03
 5 10 6.31670176E-04 0.00000000E+00 3.04412787E-03 0.00000000E+00
 6  1 0.00000000E+00 0.00000000E+00 0.00000000E+00 0.00000000E+00 0.00000000E+00
 6  2 9.95669348E-01 0.00000000E+00 0.00000000E+00 1.22559478E-02 0.00000000E+00
 6  3 0.00000000E+00-8.21585139E-04 0.00000000E+00 0.00000000E+00 0.00000000E+00
 6  4 0.00000000E+00 0.00000000E+00 0.00000000E+00 1.61659078E-03 0.00000000E+00
 6  5 0.00000000E+00 0.00000000E+00 0.00000000E+00 1.13947254E-03 0.00000000E+00
 6  6 0.00000000E+00-5.44818852E-04 0.00000000E+00 0.00000000E+00 0.00000000E+00
 6  7 0.00000000E+00 6.28132605E-04 0.00000000E+00-5.97841966E-04 0.00000000E+00
 6  8 0.00000000E+00 0.00000000E+00 0.00000000E+00 1.13947254E-03 0.00000000E+00
 6  9 0.00000000E+00-5.44818852E-04 0.00000000E+00 0.00000000E+00 0.00000000E+00
 6 10 0.00000000E+00-6.28132605E-04 0.00000000E+00-5.97841966E-04
 7  1 5.77068845E-03-2.21147371E-02 1.12207343E-03 2.08035330E-03 0.00000000E+00
 7  2 0.00000000E+00 9.94172713E-01 0.00000000E+00 0.00000000E+00 1.31282101E-02
 7  3 0.00000000E+00 0.00000000E+00 8.70049028E-05-7.94433249E-04-1.56926382E-03
 7  4 2.36369707E-03 0.00000000E+00 0.00000000E+00 0.00000000E+00-2.70464763E-03
 7  5 3.36180878E-03-1.45099133E-03 4.29604807E-03 0.00000000E+00-2.08895500E-03
 7  6-1.09122886E-03 0.00000000E+00-1.99592468E-04 1.42538775E-03-9.93914487E-04
 7  7-4.31473261E-04 0.00000000E+00-1.76934218E-03 0.00000000E+00-2.70464763E-03
 7  8 3.36180878E-03-1.45099133E-03-4.29604807E-03 0.00000000E+00-2.08895500E-03
 7  9 1.09122886E-03 0.00000000E+00-1.99592468E-04 1.42538775E-03-9.93914487E-04
 7 10-4.31473261E-04 0.00000000E+00 1.76934218E-03 0.00000000E+00
 8  1 6.44685377E-02-2.16877322E-01 3.06973169E-01 6.89929781E-02 0.00000000E+00
 8  2 0.00000000E+00-1.27280050E-01 0.00000000E+00 0.00000000E+00 1.68978661E-01
 8  3 0.00000000E+00 0.00000000E+00-9.32832784E-03 3.63848870E-02-4.32879881E-02
 8  4 6.90310109E-03 0.00000000E+00 0.00000000E+00 0.00000000E+00-1.30170545E-01
 8  5 2.36361841E-01 1.97850268E-01 1.50805967E-01 0.00000000E+00-8.35690994E-02
 8  6 2.60800221E-02 0.00000000E+00-1.41862540E-02 1.43536241E-02-1.16158214E-02
 8  7-2.73780274E-03 0.00000000E+00-2.22479418E-02 0.00000000E+00-1.30170545E-01
 8  8 2.36361841E-01 1.97850268E-01-1.50805967E-01 0.00000000E+00-8.35690994E-02
 8  9-2.60800221E-02 0.00000000E+00-1.41862540E-02 1.43536241E-02-1.16158214E-02
 8 10-2.73780274E-03 0.00000000E+00 2.22479418E-02 0.00000000E+00
 9  1 0.00000000E+00 0.00000000E+00 0.00000000E+00 0.00000000E+00-2.30784279E-01
 9  2 0.00000000E+00 0.00000000E+00 3.45127445E-01 0.00000000E+00 0.00000000E+00
 9  3 1.64865775E-02 0.00000000E+00 0.00000000E+00 0.00000000E+00 0.00000000E+00
 9  4 0.00000000E+00 0.00000000E+00 1.16748254E-01 0.00000000E+00 1.55004515E-01
 9  5-2.71606733E-01-2.54076566E-01-1.18691888E-01 0.00000000E+00 1.18562101E-01
 9  6-1.60190562E-02 0.00000000E+00 1.85328539E-02-1.21579614E-02 1.57351465E-02
 9  7-3.57718508E-03 0.00000000E+00 2.68207784E-02 0.00000000E+00-1.55004515E-01
 9  8 2.71606733E-01 2.54076566E-01-1.18691888E-01 0.00000000E+00-1.18562101E-01
 9  9-1.60190562E-02 0.00000000E+00-1.85328539E-02 1.21579614E-02-1.57351465E-02
 9 10 3.57718508E-03 0.00000000E+00 2.68207784E-02 0.00000000E+00
10  1 0.00000000E+00 0.00000000E+00 0.00000000E+00 0.00000000E+00 0.00000000E+00
10  2-2.13443034E-01 0.00000000E+00 0.00000000E+00 4.53363334E-01 0.00000000E+00
10  3 0.00000000E+00 1.19372874E-01 0.00000000E+00 0.00000000E+00 0.00000000E+00
10  4 0.00000000E+00 0.00000000E+00 0.00000000E+00 8.99312267E-02 0.00000000E+00
10  5 0.00000000E+00 0.00000000E+00 0.00000000E+00 3.37395155E-01 0.00000000E+00
10  6 0.00000000E+00 1.56016417E-01 0.00000000E+00 0.00000000E+00 0.00000000E+00
10  7 0.00000000E+00 2.71451057E-02 0.00000000E+00-1.84230673E-02 0.00000000E+00
10  8 0.00000000E+00 0.00000000E+00 0.00000000E+00 3.37395155E-01 0.00000000E+00
10  9 0.00000000E+00 1.56016417E-01 0.00000000E+00 0.00000000E+00 0.00000000E+00
10 10 0.00000000E+00-2.71451057E-02 0.00000000E+00-1.84230673E-02
11  1-3.56217678E-02 1.07775541E-01-2.12780174E-01-2.45548508E-01 0.00000000E+00
11  2 0.00000000E+00-1.70931589E-01 0.00000000E+00 0.00000000E+00 3.63659889E-01
11  3 0.00000000E+00 0.00000000E+00 1.06130685E-01-1.08427983E-01-1.67312614E-02
11  4 1.25159244E-01 0.00000000E+00 0.00000000E+00 0.00000000E+00-2.20779287E-02
11  5 4.10916277E-02 7.68552437E-02 1.42554334E-01 0.00000000E+00 2.80044258E-01
11  6 6.44603865E-02 0.00000000E+00 1.23290542E-01 1.77815497E-02 1.57967937E-04
11  7-1.79395177E-02 0.00000000E+00 1.26757289E-02 0.00000000E+00-2.20779287E-02
11  8 4.10916277E-02 7.68552437E-02-1.42554334E-01 0.00000000E+00 2.80044258E-01
11  9-6.44603865E-02 0.00000000E+00 1.23290542E-01 1.77815497E-02 1.57967937E-04
11 10-1.79395177E-02 0.00000000E+00-1.26757289E-02 0.00000000E+00
12  1 3.94830347E-02-1.02778033E-01 2.53932928E-01 2.03730611E-03 0.00000000E+00
12  2 0.00000000E+00-6.18691443E-02 0.00000000E+00 0.00000000E+00 1.06137344E-01
12  3 0.00000000E+00 0.00000000E+00-6.19173243E-02-6.04445301E-02 1.06454079E-02
12  4 4.97991222E-02 0.00000000E+00 0.00000000E+00 0.00000000E+00 9.00797400E-02
12  5-1.82773735E-01-3.24129837E-01 3.47542089E-01 0.00000000E+00-8.33627854E-02
12  6 1.84744594E-01 0.00000000E+00-4.36340800E-02 1.97849874E-02-1.27505331E-02
12  7-7.03445434E-03 0.00000000E+00-1.46035597E-02 0.00000000E+00 9.00797400E-02
12  8-1.82773735E-01-3.24129837E-01-3.47542089E-01 0.00000000E+00-8.33627854E-02
12  9-1.84744594E-01 0.00000000E+00-4.36340800E-02 1.97849874E-02-1.27505331E-02
12 10-7.03445434E-03 0.00000000E+00 1.46035597E-02 0.00000000E+00
13  1 0.00000000E+00 0.00000000E+00 0.00000000E+00 0.00000000E+00-1.64700730E-01
13  2 0.00000000E+00 0.00000000E+00 3.11396130E-01 0.00000000E+00 0.00000000E+00
13  3-1.47411253E-02 0.00000000E+00 0.00000000E+00 0.00000000E+00 0.00000000E+00
13  4 0.00000000E+00 0.00000000E+00 1.47853512E-02 0.00000000E+00-6.69560460E-02
13  5 1.40997429E-01 2.92713718E-01-2.23410812E-01 0.00000000E+00 3.46774720E-01
13  6-1.07197232E-01 0.00000000E+00 1.87662671E-01-2.72119629E-03 1.66265323E-02
13  7-1.39053360E-02 0.00000000E+00 2.71731041E-02 0.00000000E+00 6.69560460E-02
13  8-1.40997429E-01-2.92713718E-01-2.23410812E-01 0.00000000E+00-3.46774720E-01
13  9-1.07197232E-01 0.00000000E+00-1.87662671E-01 2.72119629E-03-1.66265323E-02
13 10 1.39053360E-02 0.00000000E+00 2.71731041E-02 0.00000000E+00
14  1 0.00000000E+00 0.00000000E+00 0.00000000E+00 0.00000000E+00 0.00000000E+00
14  2 0.00000000E+00 0.00000000E+00 0.00000000E+00 0.00000000E+00 0.00000000E+00
14  3 0.00000000E+00 0.00000000E+00 0.00000000E+00 0.00000000E+00 0.00000000E+00
14  4 0.00000000E+00-1.90863765E-01 0.00000000E+00 0.00000000E+00 0.00000000E+00
14  5 0.00000000E+00 0.00000000E+00 0.00000000E+00 4.65456537E-01 0.00000000E+00
14  6 0.00000000E+00 2.92562276E-01 0.00000000E+00 0.00000000E+00 0.00000000E+00
14  7 0.00000000E+00 2.69489492E-02 0.00000000E+00-1.98144949E-02 0.00000000E+00
14  8 0.00000000E+00 0.00000000E+00 0.00000000E+00-4.65456537E-01 0.00000000E+00
14  9 0.00000000E+00-2.92562276E-01 0.00000000E+00 0.00000000E+00 0.00000000E+00
14 10 0.00000000E+00 2.69489492E-02 0.00000000E+00 1.98144949E-02
15  1 0.00000000E+00 0.00000000E+00 0.00000000E+00 0.00000000E+00 1.21535957E-02
15  2 0.00000000E+00 0.00000000E+00 1.32651099E-02 0.00000000E+00 0.00000000E+00
15  3 1.22383258E-01 0.00000000E+00 0.00000000E+00 0.00000000E+00 0.00000000E+00
15  4 0.00000000E+00 0.00000000E+00-1.68713329E-01 0.00000000E+00-1.46906678E-02
15  5 1.72403133E-02 4.78111343E-02 4.33618744E-01 0.00000000E+00 2.39849213E-01
15  6 2.62378115E-01 0.00000000E+00 1.79611340E-01 4.00538316E-02-9.52661747E-03
15  7-3.05272142E-02 0.00000000E+00-1.20186070E-02 0.00000000E+00 1.46906678E-02
15  8-1.72403133E-02-4.78111343E-02 4.33618744E-01 0.00000000E+00-2.39849213E-01
15  9 2.62378115E-01 0.00000000E+00-1.79611340E-01-4.00538316E-02 9.52661747E-03
15 10 3.05272142E-02 0.00000000E+00-1.20186070E-02 0.00000000E+00
16  1 2.17309158E-02-8.97662818E-02 1.19240535E-01 8.53013002E-01 0.00000000E+00
16  2 0.00000000E+00 1.70832938E-01 0.00000000E+00 0.00000000E+00-3.45543574E-01
16  3 0.00000000E+00 0.00000000E+00-1.84467255E-01-1.82237127E-01 7.78826012E-02
16  4 1.04354526E-01 0.00000000E+00 0.00000000E+00 0.00000000E+00 2.80776867E-02
16  5-4.72585423E-02-1.66518900E-01-4.35665606E-02 0.00000000E+00 3.36682592E-01
16  6-2.24481507E-02 0.00000000E+00 2.60172272E-01-7.70127968E-03 1.27985431E-02
16  7-5.09726340E-03 0.00000000E+00 2.78207343E-02 0.00000000E+00 2.80776867E-02
16  8-4.72585423E-02-1.66518900E-01 4.35665606E-02 0.00000000E+00 3.36682592E-01
16  9 2.24481507E-02 0.00000000E+00 2.60172272E-01-7.70127968E-03 1.27985431E-02
16 10-5.09726340E-03 0.00000000E+00-2.78207343E-02 0.00000000E+00
17  1 0.00000000E+00 0.00000000E+00 0.00000000E+00 0.00000000E+00 0.00000000E+00
17  2-1.79092698E-01 0.00000000E+00 0.00000000E+00 4.84056012E-01 0.00000000E+00
17  3 0.00000000E+00 8.68495396E-01 0.00000000E+00 0.00000000E+00 0.00000000E+00
17  4 0.00000000E+00 0.00000000E+00 0.00000000E+00-1.79788184E-01 0.00000000E+00
17  5 0.00000000E+00 0.00000000E+00 0.00000000E+00-3.21442147E-01 0.00000000E+00
17  6 0.00000000E+00-4.23460989E-01 0.00000000E+00 0.00000000E+00 0.00000000E+00
17  7 0.00000000E+00-1.02075465E-02 0.00000000E+00-2.67895201E-03 0.00000000E+00
17  8 0.00000000E+00 0.00000000E+00 0.00000000E+00-3.21442147E-01 0.00000000E+00
17  9 0.00000000E+00-4.23460989E-01 0.00000000E+00 0.00000000E+00 0.00000000E+00
17 10 0.00000000E+00 1.02075465E-02 0.00000000E+00-2.67895201E-03
18  1 2.82695223E-03-1.03511815E-01-8.87643231E-02 1.82633655E+00 0.00000000E+00
18  2 0.00000000E+00-2.76304299E-02 0.00000000E+00 0.00000000E+00 1.55975621E-01
18  3 0.00000000E+00 0.00000000E+00 1.49054907E+00-8.65086848E-02 2.73032648E-01
18  4-1.86523963E-01 0.00000000E+00 0.00000000E+00 0.00000000E+00 6.99811779E-02
18  5-6.22854631E-02-1.10224271E+00-9.28326978E-02 0.00000000E+00-4.38409291E-02
18  6-3.24622634E-01 0.00000000E+00-9.53322768E-02-2.51040043E-02 3.06350028E-02
18  7-5.53099848E-03 0.00000000E+00 9.21429213E-03 0.00000000E+00 6.99811779E-02
18  8-6.22854631E-02-1.10224271E+00 9.28326978E-02 0.00000000E+00-4.38409291E-02
18  9 3.24622634E-01 0.00000000E+00-9.53322768E-02-2.51040043E-02 3.06350028E-02
18 10-5.53099848E-03 0.00000000E+00-9.21429213E-03 0.00000000E+00
19  1 0.00000000E+00 0.00000000E+00 0.00000000E+00 0.00000000E+00-6.04866114E-02
19  2 0.00000000E+00 0.00000000E+00 2.00378416E-01 0.00000000E+00 0.00000000E+00
19  3 1.60985682E+00 0.00000000E+00 0.00000000E+00 0.00000000E+00 0.00000000E+00
19  4 0.00000000E+00 0.00000000E+00-1.81536407E-01 0.00000000E+00-5.74647313E-02
19  5 5.73015050E-02 7.95318044E-01-1.19350941E-01 0.00000000E+00-2.26177397E-01
19  6-1.95828727E-01 0.00000000E+00-3.14754089E-01 1.15689480E-03-7.75838938E-03
19  7 6.60149458E-03 0.00000000E+00-2.05090669E-02 0.00000000E+00 5.74647313E-02
19  8-5.73015050E-02-7.95318044E-01-1.19350941E-01 0.00000000E+00 2.26177397E-01
19  9-1.95828727E-01 0.00000000E+00 3.14754089E-01-1.15689480E-03 7.75838938E-03
19 10-6.60149458E-03 0.00000000E+00-2.05090669E-02 0.00000000E+00
20  1 0.00000000E+00 0.00000000E+00 0.00000000E+00 0.00000000E+00 0.00000000E+00
20  2-3.05629696E-01 0.00000000E+00 0.00000000E+00 1.14318793E+00 0.00000000E+00
20  3 0.00000000E+00-1.09418647E+00 0.00000000E+00 0.00000000E+00 0.00000000E+00
20  4 0.00000000E+00 0.00000000E+00 0.00000000E+00 2.57762890E-02 0.00000000E+00
20  5 0.00000000E+00 0.00000000E+00 0.00000000E+00-3.54586104E-02 0.00000000E+00
20  6 0.00000000E+00-4.70497440E-02 0.00000000E+00 0.00000000E+00 0.00000000E+00
20  7 0.00000000E+00 3.43461512E-02 0.00000000E+00-2.32442226E-02 0.00000000E+00
20  8 0.00000000E+00 0.00000000E+00 0.00000000E+00-3.54586104E-02 0.00000000E+00
20  9 0.00000000E+00-4.70497440E-02 0.00000000E+00 0.00000000E+00 0.00000000E+00
20 10 0.00000000E+00-3.43461512E-02 0.00000000E+00-2.32442226E-02
21  1-6.11868607E-02-1.57697606E-01-8.58720522E-01 1.46775330E+00 0.00000000E+00
21  2 0.00000000E+00-2.59505478E-01 0.00000000E+00 0.00000000E+00 1.04004586E+00
21  3 0.00000000E+00 0.00000000E+00-6.60328280E-01-1.37256690E-01 2.05715653E-01
21  4-6.84589628E-02 0.00000000E+00 0.00000000E+00 0.00000000E+00 1.65314332E-02
21  5-4.19434328E-02-2.65904197E-01 5.91527173E-03 0.00000000E+00-2.61213638E-02
21  6-2.21373899E-01 0.00000000E+00 3.51838194E-02 1.26670181E-02 2.04644612E-02
21  7-3.31314793E-02 0.00000000E+00 2.02966010E-02 0.00000000E+00 1.65314332E-02
21  8-4.19434328E-02-2.65904197E-01-5.91527173E-03 0.00000000E+00-2.61213638E-02
21  9 2.21373899E-01 0.00000000E+00 3.51838194E-02 1.26670181E-02 2.04644612E-02
21 10-3.31314793E-02 0.00000000E+00-2.02966010E-02 0.00000000E+00
22  1-2.60511085E-02 7.37270602E-02-1.89842100E-01 2.38679031E+00 0.00000000E+00
22  2 0.00000000E+00 2.03794561E-04 0.00000000E+00 0.00000000E+00 2.12811980E-01
22  3 0.00000000E+00 0.00000000E+00 4.95723036E-01 5.61734168E-01-6.81876232E-01
22  4 1.20142064E-01 0.00000000E+00 0.00000000E+00 0.00000000E+00 2.83196310E-02
22  5-6.72241234E-03-1.23000108E+00 2.13631526E-01 0.00000000E+00-2.25760559E-01
22  6-5.59455362E-01 0.00000000E+00 6.27290403E-01-1.23270571E-02-3.66507965E-03
22  7 1.59921367E-02 0.00000000E+00 4.38142413E-02 0.00000000E+00 2.83196310E-02
22  8-6.72241234E-03-1.23000108E+00-2.13631526E-01 0.00000000E+00-2.25760559E-01
22  9 5.59455362E-01 0.00000000E+00 6.27290403E-01-1.23270571E-02-3.66507965E-03
22 10 1.59921367E-02 0.00000000E+00-4.38142413E-02 0.00000000E+00
23  1 0.00000000E+00 0.00000000E+00 0.00000000E+00 0.00000000E+00 1.13460307E-01
23  2 0.00000000E+00 0.00000000E+00-1.20136506E-01 0.00000000E+00 0.00000000E+00
23  3 9.08114136E-01 0.00000000E+00 0.00000000E+00 0.00000000E+00 0.00000000E+00
23  4 0.00000000E+00 0.00000000E+00 7.35237910E-01 0.00000000E+00-1.68702893E-02
23  5-1.78043140E-02 1.03496870E+00-1.85303803E-01 0.00000000E+00 2.16277627E-01
23  6 7.44579266E-01 0.00000000E+00-2.69416390E-01 1.73484315E-03-2.18755407E-02
23  7 2.01406976E-02 0.00000000E+00-2.95199039E-02 0.00000000E+00 1.68702893E-02
23  8 1.78043140E-02-1.03496870E+00-1.85303803E-01 0.00000000E+00-2.16277627E-01
23  9 7.44579266E-01 0.00000000E+00 2.69416390E-01-1.73484315E-03 2.18755407E-02
23 10-2.01406976E-02 0.00000000E+00-2.95199039E-02 0.00000000E+00
24  1 7.10154889E-02 3.69704599E-01 1.24121723E+00 1.19019168E-01 0.00000000E+00
24  2 0.00000000E+00-6.93418326E-02 0.00000000E+00 0.00000000E+00 4.78549864E-01
24  3 0.00000000E+00 0.00000000E+00 4.89293804E-01-4.16725761E-01-7.73243004E-02
24  4 4.94050062E-01 0.00000000E+00 0.00000000E+00 0.00000000E+00 3.72119635E-02
24  5-2.90851158E-02-4.98740643E-01 2.08962788E-01 0.00000000E+00 1.27896535E-01
24  6-9.63653803E-01 0.00000000E+00-1.16094753E-01 1.37349929E-02-1.46012448E-03
24  7-1.22748684E-02 0.00000000E+00-4.76150450E-03 0.00000000E+00 3.72119635E-02
24  8-2.90851158E-02-4.98740643E-01-2.08962788E-01 0.00000000E+00 1.27896535E-01
24  9 9.63653803E-01 0.00000000E+00-1.16094753E-01 1.37349929E-02-1.46012448E-03
24 10-1.22748684E-02 0.00000000E+00 4.76150450E-03 0.00000000E+00
25  1 0.00000000E+00 0.00000000E+00 0.00000000E+00 0.00000000E+00-2.41939461E-01
25  2 0.00000000E+00 0.00000000E+00 1.32320315E+00 0.00000000E+00 0.00000000E+00
25  3-3.75814086E-01 0.00000000E+00 0.00000000E+00 0.00000000E+00 0.00000000E+00
25  4 0.00000000E+00 0.00000000E+00-2.23793737E-01 0.00000000E+00-5.47325295E-02
25  5 7.48497526E-02 6.10845911E-01-6.64769288E-02 0.00000000E+00 1.63640790E-01
25  6 8.47650338E-01 0.00000000E+00-8.68781213E-01 3.30424865E-02 3.69878679E-03
25  7-3.67412733E-02 0.00000000E+00-1.88958683E-03 0.00000000E+00 5.47325295E-02
25  8-7.48497526E-02-6.10845911E-01-6.64769288E-02 0.00000000E+00-1.63640790E-01
25  9 8.47650338E-01 0.00000000E+00 8.68781213E-01-3.30424865E-02-3.69878679E-03
25 10 3.67412733E-02 0.00000000E+00-1.88958683E-03 0.00000000E+00
26  1 0.00000000E+00 0.00000000E+00 0.00000000E+00 0.00000000E+00 0.00000000E+00
26  2-2.27133839E-02 0.00000000E+00 0.00000000E+00 7.34121048E-02 0.00000000E+00
26  3 0.00000000E+00 4.63997601E-01 0.00000000E+00 0.00000000E+00 0.00000000E+00
26  4 0.00000000E+00 0.00000000E+00 0.00000000E+00 1.02126737E+00 0.00000000E+00
26  5 0.00000000E+00 0.00000000E+00 0.00000000E+00-3.10792441E-01 0.00000000E+00
26  6 0.00000000E+00-2.77757789E-01 0.00000000E+00 0.00000000E+00 0.00000000E+00
26  7 0.00000000E+00 5.70276535E-02 0.00000000E+00 4.46908979E-02 0.00000000E+00
26  8 0.00000000E+00 0.00000000E+00 0.00000000E+00-3.10792441E-01 0.00000000E+00
26  9 0.00000000E+00-2.77757789E-01 0.00000000E+00 0.00000000E+00 0.00000000E+00
26 10 0.00000000E+00-5.70276535E-02 0.00000000E+00 4.46908979E-02
27  1 0.00000000E+00 0.00000000E+00 0.00000000E+00 0.00000000E+00 0.00000000E+00
27  2 0.00000000E+00 0.00000000E+00 0.00000000E+00 0.00000000E+00 0.00000000E+00
27  3 0.00000000E+00 0.00000000E+00 0.00000000E+00 0.00000000E+00 0.00000000E+00
27  4 0.00000000E+00 8.40328661E-01 0.00000000E+00 0.00000000E+00 0.00000000E+00
27  5 0.00000000E+00 0.00000000E+00 0.00000000E+00-2.29264209E-01 0.00000000E+00
27  6 0.00000000E+00 8.80587823E-01 0.00000000E+00 0.00000000E+00 0.00000000E+00
27  7 0.00000000E+00-2.42613017E-02 0.00000000E+00 3.44557452E-02 0.00000000E+00
27  8 0.00000000E+00 0.00000000E+00 0.00000000E+00 2.29264209E-01 0.00000000E+00
27  9 0.00000000E+00-8.80587823E-01 0.00000000E+00 0.00000000E+00 0.00000000E+00
27 10 0.00000000E+00-2.42613017E-02 0.00000000E+00-3.44557452E-02
28  1 7.28931908E-02 4.62112369E-01 1.37428856E+00-5.31198541E-01 0.00000000E+00
28  2 0.00000000E+00-7.82605558E-02 0.00000000E+00 0.00000000E+00 3.99920433E-01
28  3 0.00000000E+00 0.00000000E+00-9.98903898E-01 1.76311612E-01 4.78658825E-01
28  4-6.54970437E-01 0.00000000E+00 0.00000000E+00 0.00000000E+00 1.80798958E-02
28  5 5.84086725E-02-7.01715291E-02-3.09264073E-02 0.00000000E+00-1.88603102E-01
28  6-2.47655254E-01 0.00000000E+00 1.00821191E+00 1.00554393E-03 1.21727525E-02
28  7-1.31782965E-02 0.00000000E+00-3.46783181E-02 0.00000000E+00 1.80798958E-02
28  8 5.84086725E-02-7.01715291E-02 3.09264073E-02 0.00000000E+00-1.88603102E-01
28  9 2.47655254E-01 0.00000000E+00 1.00821191E+00 1.00554393E-03 1.21727525E-02
28 10-1.31782965E-02 0.00000000E+00 3.46783181E-02 0.00000000E+00
29  1 0.00000000E+00 0.00000000E+00 0.00000000E+00 0.00000000E+00 0.00000000E+00
29  2 0.00000000E+00 0.00000000E+00 0.00000000E+00 0.00000000E+00 0.00000000E+00
29  3 0.00000000E+00 0.00000000E+00 0.00000000E+00 0.00000000E+00 0.00000000E+00
29  4 0.00000000E+00 7.09945311E-01 0.00000000E+00 0.00000000E+00 0.00000000E+00
29  5 0.00000000E+00 0.00000000E+00 0.00000000E+00 6.35898064E-01 0.00000000E+00
29  6 0.00000000E+00-3.71349113E-01 0.00000000E+00 0.00000000E+00 0.00000000E+00
29  7 0.00000000E+00 2.52168701E-02 0.00000000E+00 5.51052302E-02 0.00000000E+00
29  8 0.00000000E+00 0.00000000E+00 0.00000000E+00-6.35898064E-01 0.00000000E+00
29  9 0.00000000E+00 3.71349113E-01 0.00000000E+00 0.00000000E+00 0.00000000E+00
29 10 0.00000000E+00 2.52168701E-02 0.00000000E+00-5.51052302E-02
30  1 0.00000000E+00 0.00000000E+00 0.00000000E+00 0.00000000E+00 0.00000000E+00
30  2-4.33642205E-02 0.00000000E+00 0.00000000E+00 5.45871369E-02 0.00000000E+00
30  3 0.00000000E+00-1.08963533E+00 0.00000000E+00 0.00000000E+00 0.00000000E+00
30  4 0.00000000E+00 0.00000000E+00 0.00000000E+00-2.59393025E-01 0.00000000E+00
30  5 0.00000000E+00 0.00000000E+00 0.00000000E+00-6.02215784E-01 0.00000000E+00
30  6 0.00000000E+00 1.10567770E+00 0.00000000E+00 0.00000000E+00 0.00000000E+00
30  7 0.00000000E+00 3.60796177E-04 0.00000000E+00 2.53759706E-02 0.00000000E+00
30  8 0.00000000E+00 0.00000000E+00 0.00000000E+00-6.02215784E-01 0.00000000E+00
30  9 0.00000000E+00 1.10567770E+00 0.00000000E+00 0.00000000E+00 0.00000000E+00
30 10 0.00000000E+00-3.60796177E-04 0.00000000E+00 2.53759706E-02
31  1 1.83896525E-02 3.35141963E-02 2.52305227E-01-2.63504783E-01 0.00000000E+00
31  2 0.00000000E+00-7.07239565E-02 0.00000000E+00 0.00000000E+00 2.07310285E-01
31  3 0.00000000E+00 0.00000000E+00-1.38856250E-01-5.41752845E-01-1.30004522E-01
31  4 6.71757367E-01 0.00000000E+00 0.00000000E+00 0.00000000E+00 1.62845246E-02
31  5-1.02604807E-01 1.20387116E-01-4.56002356E-01 0.00000000E+00-4.67624706E-01
31  6 1.43352948E-01 0.00000000E+00 1.74384222E-01 8.70646785E-02-3.01376541E-02
31  7-5.69270244E-02 0.00000000E+00 5.02947832E-02 0.00000000E+00 1.62845246E-02
31  8-1.02604807E-01 1.20387116E-01 4.56002356E-01 0.00000000E+00-4.67624706E-01
31  9-1.43352948E-01 0.00000000E+00 1.74384222E-01 8.70646785E-02-3.01376541E-02
31 10-5.69270244E-02 0.00000000E+00-5.02947832E-02 0.00000000E+00
32  1 0.00000000E+00 0.00000000E+00 0.00000000E+00 0.00000000E+00 8.73890129E-02
32  2 0.00000000E+00 0.00000000E+00-4.14253366E-01 0.00000000E+00 0.00000000E+00
32  3 1.13043532E+00 0.00000000E+00 0.00000000E+00 0.00000000E+00 0.00000000E+00
32  4 0.00000000E+00 0.00000000E+00 1.16180988E-01 0.00000000E+00 1.13808221E-02
32  5 1.59000910E-02 7.57110231E-02 3.45412561E-01 0.00000000E+00 4.97920485E-01
32  6-1.04032035E+00 0.00000000E+00-7.19660642E-01 5.63905676E-02-3.89262029E-02
32  7-1.74643648E-02 0.00000000E+00 3.11299195E-02 0.00000000E+00-1.13808221E-02
32  8-1.59000910E-02-7.57110231E-02 3.45412561E-01 0.00000000E+00-4.97920485E-01
32  9-1.04032035E+00 0.00000000E+00 7.19660642E-01-5.63905676E-02 3.89262029E-02
32 10 1.74643648E-02 0.00000000E+00 3.11299195E-02 0.00000000E+00
33  1-5.35407945E-02 3.05266157E-02-6.04032691E-01 3.73304922E-01 0.00000000E+00
33  2 0.00000000E+00 1.56827578E-01 0.00000000E+00 0.00000000E+00-6.18297867E-01
33  3 0.00000000E+00 0.00000000E+00 3.16850908E-01-7.74433878E-01 4.96876609E-01
33  4 2.77557269E-01 0.00000000E+00 0.00000000E+00 0.00000000E+00-2.23836975E-02
33  5 8.61443673E-01-4.36221779E-01 3.81752403E-01 0.00000000E+00-3.77864657E-01
33  6-1.56400314E-01 0.00000000E+00-1.63476107E-04-1.44624077E-01 2.44940254E-01
33  7-1.00316177E-01 0.00000000E+00-8.28947262E-02 0.00000000E+00-2.23836975E-02
33  8 8.61443673E-01-4.36221779E-01-3.81752403E-01 0.00000000E+00-3.77864657E-01
33  9 1.56400314E-01 0.00000000E+00-1.63476107E-04-1.44624077E-01 2.44940254E-01
33 10-1.00316177E-01 0.00000000E+00 8.28947262E-02 0.00000000E+00
34  1 0.00000000E+00 0.00000000E+00 0.00000000E+00 0.00000000E+00-1.49159339E-01
34  2 0.00000000E+00 0.00000000E+00 9.17948428E-01 0.00000000E+00 0.00000000E+00
34  3 1.12024245E+00 0.00000000E+00 0.00000000E+00 0.00000000E+00 0.00000000E+00
34  4 0.00000000E+00 0.00000000E+00 4.42387730E-01 0.00000000E+00-3.59704434E-03
34  5-9.52276503E-01 2.36947075E+00 3.45658196E-01 0.00000000E+00-1.80780600E-01
34  6 2.83449893E-01 0.00000000E+00-4.08690434E-01-1.34373364E-01 1.64596018E-01
34  7-3.02226541E-02 0.00000000E+00 1.39776562E-01 0.00000000E+00 3.59704434E-03
34  8 9.52276503E-01-2.36947075E+00 3.45658196E-01 0.00000000E+00 1.80780600E-01
34  9 2.83449893E-01 0.00000000E+00 4.08690434E-01 1.34373364E-01-1.64596018E-01
34 10 3.02226541E-02 0.00000000E+00 1.39776562E-01 0.00000000E+00
35  1 2.79706999E-02 4.80562585E-02 3.84228815E-01 3.04783975E+00 0.00000000E+00
35  2 0.00000000E+00-1.41633332E-01 0.00000000E+00 0.00000000E+00 8.62477090E-01
35  3 0.00000000E+00 0.00000000E+00 1.10547153E+00 4.15455569E-01-5.43042189E-01
35  4 1.27586619E-01 0.00000000E+00 0.00000000E+00 0.00000000E+00 1.62598788E-02
35  5 9.42714123E-01-2.90260643E+00-3.74593061E-01 0.00000000E+00 2.74279696E-01
35  6-4.82583369E-01 0.00000000E+00 1.50658009E-01 8.57467487E-02-6.03287307E-02
35  7-2.54180180E-02 0.00000000E+00-1.78658254E-01 0.00000000E+00 1.62598788E-02
35  8 9.42714123E-01-2.90260643E+00 3.74593061E-01 0.00000000E+00 2.74279696E-01
35  9 4.82583369E-01 0.00000000E+00 1.50658009E-01 8.57467487E-02-6.03287307E-02
35 10-2.54180180E-02 0.00000000E+00 1.78658254E-01 0.00000000E+00
36  1 0.00000000E+00 0.00000000E+00 0.00000000E+00 0.00000000E+00-1.85977972E-01
36  2 0.00000000E+00 0.00000000E+00 7.31750176E-01 0.00000000E+00 0.00000000E+00
36  3-8.71607966E-02 0.00000000E+00 0.00000000E+00 0.00000000E+00 0.00000000E+00
36  4 0.00000000E+00 0.00000000E+00 6.50439449E-01 0.00000000E+00 1.90485463E-04
36  5 5.91277242E-01-5.26481119E-02 3.25692910E-01 0.00000000E+00-2.65472119E-01
36  6 5.75316027E-03 0.00000000E+00 1.20756011E-01 6.49752020E-02-3.94136112E-01
36  7 3.29160910E-01 0.00000000E+00 3.39201060E-01 0.00000000E+00-1.90485463E-04
36  8-5.91277242E-01 5.26481119E-02 3.25692910E-01 0.00000000E+00 2.65472119E-01
36  9 5.75316027E-03 0.00000000E+00-1.20756011E-01-6.49752020E-02 3.94136112E-01
36 10-3.29160910E-01 0.00000000E+00 3.39201060E-01 0.00000000E+00
37  1 0.00000000E+00 0.00000000E+00 0.00000000E+00 0.00000000E+00 0.00000000E+00
37  2-2.19884017E-02 0.00000000E+00 0.00000000E+00 1.59770318E-01 0.00000000E+00
37  3 0.00000000E+00 1.83089820E-02 0.00000000E+00 0.00000000E+00 0.00000000E+00
37  4 0.00000000E+00 0.00000000E+00 0.00000000E+00-1.88404225E-01 0.00000000E+00
37  5 0.00000000E+00 0.00000000E+00 0.00000000E+00 7.33295707E-02 0.00000000E+00
37  6 0.00000000E+00-8.45381408E-02 0.00000000E+00 0.00000000E+00 0.00000000E+00
37  7 0.00000000E+00 2.39451719E-01 0.00000000E+00 6.71298530E-01 0.00000000E+00
37  8 0.00000000E+00 0.00000000E+00 0.00000000E+00 7.33295707E-02 0.00000000E+00
37  9 0.00000000E+00-8.45381408E-02 0.00000000E+00 0.00000000E+00 0.00000000E+00
37 10 0.00000000E+00-2.39451719E-01 0.00000000E+00 6.71298530E-01
38  1 0.00000000E+00 0.00000000E+00 0.00000000E+00 0.00000000E+00 0.00000000E+00
38  2 0.00000000E+00 0.00000000E+00 0.00000000E+00 0.00000000E+00 0.00000000E+00
38  3 0.00000000E+00 0.00000000E+00 0.00000000E+00 0.00000000E+00 0.00000000E+00
38  4 0.00000000E+00 6.47799541E-03 0.00000000E+00 0.00000000E+00 0.00000000E+00
38  5 0.00000000E+00 0.00000000E+00 0.00000000E+00-7.30381686E-02 0.00000000E+00
38  6 0.00000000E+00 1.17060708E-01 0.00000000E+00 0.00000000E+00 0.00000000E+00
38  7 0.00000000E+00 5.88896968E-01 0.00000000E+00 4.08179819E-01 0.00000000E+00
38  8 0.00000000E+00 0.00000000E+00 0.00000000E+00 7.30381686E-02 0.00000000E+00
38  9 0.00000000E+00-1.17060708E-01 0.00000000E+00 0.00000000E+00 0.00000000E+00
38 10 0.00000000E+00 5.88896968E-01 0.00000000E+00-4.08179819E-01
39  1 1.52361463E-02-7.00837876E-02 1.03672037E-01-3.76119884E-01 0.00000000E+00
39  2 0.00000000E+00-6.34399879E-02 0.00000000E+00 0.00000000E+00 2.29635949E-01
39  3 0.00000000E+00 0.00000000E+00-1.89387391E-01 2.93849711E-01-5.12605916E-01
39  4 2.18756205E-01 0.00000000E+00 0.00000000E+00 0.00000000E+00-1.31272000E-03
39  5-5.20517589E-01 4.66666932E-01-2.00280487E-01 0.00000000E+00 9.64131408E-02
39  6 1.68263863E-01 0.00000000E+00-6.22617540E-02-2.32656597E-01 5.67314930E-01
39  7-3.34658333E-01 0.00000000E+00-3.67184295E-01 0.00000000E+00-1.31272000E-03
39  8-5.20517589E-01 4.66666932E-01 2.00280487E-01 0.00000000E+00 9.64131408E-02
39  9-1.68263863E-01 0.00000000E+00-6.22617540E-02-2.32656597E-01 5.67314930E-01
39 10-3.34658333E-01 0.00000000E+00 3.67184295E-01 0.00000000E+00
40  1 0.00000000E+00 0.00000000E+00 0.00000000E+00 0.00000000E+00-8.33507234E-02
40  2 0.00000000E+00 0.00000000E+00 1.33756216E-01 0.00000000E+00 0.00000000E+00
40  3-9.73515074E-02 0.00000000E+00 0.00000000E+00 0.00000000E+00 0.00000000E+00
40  4 0.00000000E+00 0.00000000E+00 9.13731930E-01 0.00000000E+00 1.81234846E-02
40  5 6.23058288E-01-2.66242980E-01 2.40105893E-01 0.00000000E+00-2.28697632E-01
40  6 1.80087637E-02 0.00000000E+00 3.31157860E-01 3.74400312E-01 2.97255353E-01
40  7-6.71655665E-01 0.00000000E+00 1.57156493E-01 0.00000000E+00-1.81234846E-02
40  8-6.23058288E-01 2.66242980E-01 2.40105893E-01 0.00000000E+00 2.28697632E-01
40  9 1.80087637E-02 0.00000000E+00-3.31157860E-01-3.74400312E-01-2.97255353E-01
40 10 6.71655665E-01 0.00000000E+00 1.57156493E-01 0.00000000E+00
41  1 0.00000000E+00 0.00000000E+00 0.00000000E+00 0.00000000E+00 1.09032725E-01
41  2 0.00000000E+00 0.00000000E+00 2.16465580E-01 0.00000000E+00 0.00000000E+00
41  3 5.59309507E-02 0.00000000E+00 0.00000000E+00 0.00000000E+00 0.00000000E+00
41  4 0.00000000E+00 0.00000000E+00-1.74108335E-01 0.00000000E+00-1.97334259E-02
41  5-7.96880222E-01 1.24687518E+00-1.81572745E-01 0.00000000E+00-3.05358300E-03
41  6 7.72682169E-01 0.00000000E+00-1.28200893E-01 6.99064062E-01-5.28785765E-01
41  7-1.70278297E-01 0.00000000E+00-9.61563905E-03 0.00000000E+00 1.97334259E-02
41  8 7.96880222E-01-1.24687518E+00-1.81572745E-01 0.00000000E+00 3.05358300E-03
41  9 7.72682169E-01 0.00000000E+00 1.28200893E-01-6.99064062E-01 5.28785765E-01
41 10 1.70278297E-01 0.00000000E+00-9.61563905E-03 0.00000000E+00
42  1 0.00000000E+00 0.00000000E+00 0.00000000E+00 0.00000000E+00 0.00000000E+00
42  2 0.00000000E+00 0.00000000E+00 0.00000000E+00 0.00000000E+00 0.00000000E+00
42  3 0.00000000E+00 0.00000000E+00 0.00000000E+00 0.00000000E+00 0.00000000E+00
42  4 0.00000000E+00 9.08880712E-01 0.00000000E+00 0.00000000E+00 0.00000000E+00
42  5 0.00000000E+00 0.00000000E+00 0.00000000E+00 7.44840391E-02 0.00000000E+00
42  6 0.00000000E+00 3.66603965E-01 0.00000000E+00 0.00000000E+00 0.00000000E+00
42  7 0.00000000E+00 5.33483349E-01 0.00000000E+00-6.91711361E-01 0.00000000E+00
42  8 0.00000000E+00 0.00000000E+00 0.00000000E+00-7.44840391E-02 0.00000000E+00
42  9 0.00000000E+00-3.66603965E-01 0.00000000E+00 0.00000000E+00 0.00000000E+00
42 10 0.00000000E+00 5.33483349E-01 0.00000000E+00 6.91711361E-01
43  1 0.00000000E+00 0.00000000E+00 0.00000000E+00 0.00000000E+00 0.00000000E+00
43  2 1.15878659E-01 0.00000000E+00 0.00000000E+00-7.79666496E-01 0.00000000E+00
43  3 0.00000000E+00-2.20812474E-01 0.00000000E+00 0.00000000E+00 0.00000000E+00
43  4 0.00000000E+00 0.00000000E+00 0.00000000E+00-6.86079683E-01 0.00000000E+00
43  5 0.00000000E+00 0.00000000E+00 0.00000000E+00 6.11345711E-02 0.00000000E+00
43  6 0.00000000E+00 4.03784735E-01 0.00000000E+00 0.00000000E+00 0.00000000E+00
43  7 0.00000000E+00 8.19127214E-01 0.00000000E+00-3.14758057E-01 0.00000000E+00
43  8 0.00000000E+00 0.00000000E+00 0.00000000E+00 6.11345711E-02 0.00000000E+00
43  9 0.00000000E+00 4.03784735E-01 0.00000000E+00 0.00000000E+00 0.00000000E+00
43 10 0.00000000E+00-8.19127214E-01 0.00000000E+00-3.14758057E-01
44  1 0.00000000E+00 0.00000000E+00 0.00000000E+00 0.00000000E+00-2.05866221E-01
44  2 0.00000000E+00 0.00000000E+00 2.56841521E+00 0.00000000E+00 0.00000000E+00
44  3 4.01862514E-01 0.00000000E+00 0.00000000E+00 0.00000000E+00 0.00000000E+00
44  4 0.00000000E+00 0.00000000E+00 1.22587493E+00 0.00000000E+00-1.74423722E-02
44  5 1.28014737E-01 2.09159586E+00 6.04389202E-01 0.00000000E+00-3.86550611E-01
44  6 7.80024931E-01 0.00000000E+00-6.27263509E-01 2.26388001E-01-2.67598557E-01
44  7 4.12105565E-02 0.00000000E+00-8.10647525E-01 0.00000000E+00 1.74423722E-02
44  8-1.28014737E-01-2.09159586E+00 6.04389202E-01 0.00000000E+00 3.86550611E-01
44  9 7.80024931E-01 0.00000000E+00 6.27263509E-01-2.26388001E-01 2.67598557E-01
44 10-4.12105565E-02 0.00000000E+00-8.10647525E-01 0.00000000E+00
45  1 8.21628135E-02 8.87388841E-01 2.19484218E+00 1.35829636E+00 0.00000000E+00
45  2 0.00000000E+00-4.07094981E-03 0.00000000E+00 0.00000000E+00 1.03335691E+00
45  3 0.00000000E+00 0.00000000E+00 7.68551216E-02 9.37567647E-01-4.51726537E-01
45  4-4.85841110E-01 0.00000000E+00 0.00000000E+00 0.00000000E+00 3.11529378E-02
45  5 2.97607291E-01-1.99585615E+00-2.79485305E-01 0.00000000E+00 3.30269818E-01
45  6-7.10796288E-01 0.00000000E+00 7.73653349E-01-1.12246159E-01 4.80225363E-01
45  7-3.67979204E-01 0.00000000E+00 8.25129605E-01 0.00000000E+00 3.11529378E-02
45  8 2.97607291E-01-1.99585615E+00 2.79485305E-01 0.00000000E+00 3.30269818E-01
45  9 7.10796288E-01 0.00000000E+00 7.73653349E-01-1.12246159E-01 4.80225363E-01
45 10-3.67979204E-01 0.00000000E+00-8.25129605E-01 0.00000000E+00
46  1 3.70201473E-02 3.95314055E-01 9.90321711E-01 7.00656812E-01 0.00000000E+00
46  2 0.00000000E+00-1.30673898E-01 0.00000000E+00 0.00000000E+00 1.33293534E+00
46  3 0.00000000E+00 0.00000000E+00 3.24027116E-01-7.20075104E-01-2.19412230E-01
46  4 9.39487334E-01 0.00000000E+00 0.00000000E+00 0.00000000E+00 2.96778895E-02
46  5 1.37898222E-01-9.88298897E-01-3.16907264E-01 0.00000000E+00-5.32277700E-02
46  6-5.72287952E-01 0.00000000E+00-6.55359153E-02-9.14304279E-01 1.56679775E-01
46  7 7.57624504E-01 0.00000000E+00 6.48608827E-02 0.00000000E+00 2.96778895E-02
46  8 1.37898222E-01-9.88298897E-01 3.16907264E-01 0.00000000E+00-5.32277700E-02
46  9 5.72287952E-01 0.00000000E+00-6.55359153E-02-9.14304279E-01 1.56679775E-01
46 10 7.57624504E-01 0.00000000E+00-6.48608827E-02 0.00000000E+00
 $END   
 POPULATION ANALYSIS
S           15.53466   0.46534  15.36954   0.63046
O            8.23267  -0.23267   8.31523  -0.31523
O            8.23267  -0.23267   8.31523  -0.31523
 MOMENTS AT POINT    1 X,Y,Z=  0.000000  0.000000  0.000000
 DIPOLE       0.000000  0.000000 -0.927286
