 $DATA  
Title                                                                           
CNV      2

S          16.0      0.0000000000      0.0000000000     -0.0479489611
   PC1     0
        
O           8.0      1.0958141679      0.0000000000      0.0479223559
   PC1     0
        
 $END      
 $ZMAT   IZMAT(1)=
         1,   3,   1,
         1,   2,   1,
         2,   2,   1,   3,
 $END
--- CLOSED SHELL ORBITALS --- GENERATED AT Thu Feb 26 00:12:21 2015
Title                                                                           
E(R-PBE)=     -547.4051272340, E(NUC)=  138.6070287792,   23 ITERS
 $VEC   
 1  1 1.00299475E+00-1.00522919E-02 2.38264730E-03 1.26880019E-04 0.00000000E+00
 1  2 0.00000000E+00 2.71466406E-05 0.00000000E+00 0.00000000E+00 5.79390083E-05
 1  3 0.00000000E+00 0.00000000E+00 1.38820219E-05 6.38463824E-04-3.19764631E-04
 1  4-3.18699193E-04 0.00000000E+00 0.00000000E+00 0.00000000E+00-1.63814591E-05
 1  5-1.78956859E-04-7.87282672E-04-2.86484104E-04 0.00000000E+00 3.83907547E-05
 1  6-4.61142022E-04 0.00000000E+00 6.13719851E-05-4.84216436E-05 2.69688538E-05
 1  7 2.14527898E-05 0.00000000E+00 3.30624949E-05 0.00000000E+00-1.63814591E-05
 1  8-1.78956859E-04-7.87282672E-04 2.86484104E-04 0.00000000E+00 3.83907547E-05
 1  9 4.61142022E-04 0.00000000E+00 6.13719851E-05-4.84216436E-05 2.69688538E-05
 1 10 2.14527898E-05 0.00000000E+00-3.30624949E-05 0.00000000E+00
 2  1-1.16013767E-04 5.38812242E-04-1.68324873E-03 7.87849783E-03 0.00000000E+00
 2  2 0.00000000E+00-1.51081489E-05 0.00000000E+00 0.00000000E+00-1.19311024E-05
 2  3 0.00000000E+00 0.00000000E+00 1.13874840E-03-5.62618710E-03 2.78785175E-03
 2  4 2.83833535E-03 0.00000000E+00 0.00000000E+00 0.00000000E+00 7.03263542E-01
 2  5 2.91165170E-02-1.19330434E-02 3.49363965E-03 0.00000000E+00-2.61013354E-04
 2  6-3.17873815E-03 0.00000000E+00-4.76070423E-04 5.03526786E-04-2.82113492E-04
 2  7-2.21413294E-04 0.00000000E+00-3.86125064E-04 0.00000000E+00 7.03263542E-01
 2  8 2.91165170E-02-1.19330434E-02-3.49363965E-03 0.00000000E+00-2.61013354E-04
 2  9 3.17873815E-03 0.00000000E+00-4.76070423E-04 5.03526786E-04-2.82113492E-04
 2 10-2.21413294E-04 0.00000000E+00 3.86125064E-04 0.00000000E+00
 3  1 0.00000000E+00 0.00000000E+00 0.00000000E+00 0.00000000E+00-1.34785037E-04
 3  2 0.00000000E+00 0.00000000E+00 3.26995967E-03 0.00000000E+00 0.00000000E+00
 3  3-8.86544358E-03 0.00000000E+00 0.00000000E+00 0.00000000E+00 0.00000000E+00
 3  4 0.00000000E+00 0.00000000E+00 1.04898949E-03 0.00000000E+00 7.03114852E-01
 3  5 2.77961433E-02-1.44736761E-02 2.14975062E-03 0.00000000E+00 3.63034526E-05
 3  6-7.39765386E-04 0.00000000E+00 6.29003438E-04 7.91407259E-04-3.59426614E-04
 3  7-4.31980646E-04 0.00000000E+00 2.19800909E-04 0.00000000E+00-7.03114852E-01
 3  8-2.77961433E-02 1.44736761E-02 2.14975062E-03 0.00000000E+00-3.63034526E-05
 3  9-7.39765386E-04 0.00000000E+00-6.29003438E-04-7.91407259E-04 3.59426614E-04
 3 10 4.31980646E-04 0.00000000E+00 2.19800909E-04 0.00000000E+00
 4  1-2.73614575E-01 1.03844161E+00 4.42071518E-02-4.31639425E-03 0.00000000E+00
 4  2 0.00000000E+00 7.66967853E-03 0.00000000E+00 0.00000000E+00 1.08275847E-03
 4  3 0.00000000E+00 0.00000000E+00-1.13064854E-04 5.34676525E-03-2.66856131E-03
 4  4-2.67820394E-03 0.00000000E+00 0.00000000E+00 0.00000000E+00-2.41105235E-03
 4  5 4.79912520E-04-4.87672728E-03 2.15714709E-03 0.00000000E+00-8.92201171E-05
 4  6-3.52135121E-03 0.00000000E+00 4.63444527E-04 2.61635425E-03-1.30677592E-03
 4  7-1.30957833E-03 0.00000000E+00-2.31226998E-04 0.00000000E+00-2.41105235E-03
 4  8 4.79912520E-04-4.87672728E-03-2.15714709E-03 0.00000000E+00-8.92201171E-05
 4  9 3.52135121E-03 0.00000000E+00 4.63444527E-04 2.61635425E-03-1.30677592E-03
 4 10-1.30957833E-03 0.00000000E+00 2.31226998E-04 0.00000000E+00
 5  1 0.00000000E+00 0.00000000E+00 0.00000000E+00 0.00000000E+00 9.91905464E-01
 5  2 0.00000000E+00 0.00000000E+00 1.28136469E-02 0.00000000E+00 0.00000000E+00
 5  3-6.30460440E-04 0.00000000E+00 0.00000000E+00 0.00000000E+00 0.00000000E+00
 5  4 0.00000000E+00 0.00000000E+00 1.37196672E-03 0.00000000E+00 4.75803259E-03
 5  5-5.78500738E-03 3.22371598E-04-8.63088356E-03 0.00000000E+00 1.00139462E-03
 5  6 8.83043386E-04 0.00000000E+00 2.46284413E-04-4.00382920E-03 2.05775980E-03
 5  7 1.94606940E-03 0.00000000E+00 9.22772799E-04 0.00000000E+00-4.75803259E-03
 5  8 5.78500738E-03-3.22371598E-04-8.63088356E-03 0.00000000E+00-1.00139462E-03
 5  9 8.83043386E-04 0.00000000E+00-2.46284413E-04 4.00382920E-03-2.05775980E-03
 5 10-1.94606940E-03 0.00000000E+00 9.22772799E-04 0.00000000E+00
 6  1 0.00000000E+00 0.00000000E+00 0.00000000E+00 0.00000000E+00 0.00000000E+00
 6  2 9.96305795E-01 0.00000000E+00 0.00000000E+00 1.00857638E-02 0.00000000E+00
 6  3 0.00000000E+00-8.79105564E-04 0.00000000E+00 0.00000000E+00 0.00000000E+00
 6  4 0.00000000E+00 0.00000000E+00 0.00000000E+00 6.08075616E-04 0.00000000E+00
 6  5 0.00000000E+00 0.00000000E+00 0.00000000E+00 1.29630528E-03 0.00000000E+00
 6  6 0.00000000E+00 6.58697603E-05 0.00000000E+00 0.00000000E+00 0.00000000E+00
 6  7 0.00000000E+00 1.21290501E-03 0.00000000E+00-1.52919444E-04 0.00000000E+00
 6  8 0.00000000E+00 0.00000000E+00 0.00000000E+00 1.29630528E-03 0.00000000E+00
 6  9 0.00000000E+00 6.58697603E-05 0.00000000E+00 0.00000000E+00 0.00000000E+00
 6 10 0.00000000E+00-1.21290501E-03 0.00000000E+00-1.52919444E-04
 7  1 2.33592812E-03-8.62496511E-03 7.64433731E-04-3.46372057E-04 0.00000000E+00
 7  2 0.00000000E+00 9.96257884E-01 0.00000000E+00 0.00000000E+00 1.00662149E-02
 7  3 0.00000000E+00 0.00000000E+00-8.71201487E-04-2.63656887E-04-3.95989454E-04
 7  4 6.59646340E-04 0.00000000E+00 0.00000000E+00 0.00000000E+00-3.78429934E-04
 7  5 5.25329453E-04 3.83185964E-05 8.01182241E-04 0.00000000E+00 1.22706215E-03
 7  6-1.31803006E-04 0.00000000E+00 7.04645540E-05 3.98624920E-04-6.82317153E-05
 7  7-3.30393205E-04 0.00000000E+00 1.16640148E-03 0.00000000E+00-3.78429934E-04
 7  8 5.25329453E-04 3.83185964E-05-8.01182241E-04 0.00000000E+00 1.22706215E-03
 7  9 1.31803006E-04 0.00000000E+00 7.04645540E-05 3.98624920E-04-6.82317153E-05
 7 10-3.30393205E-04 0.00000000E+00-1.16640148E-03 0.00000000E+00
 8  1 6.65550621E-02-2.32407544E-01 3.07718266E-01 8.29867153E-02 0.00000000E+00
 8  2 0.00000000E+00-2.43951989E-02 0.00000000E+00 0.00000000E+00 3.52307583E-02
 8  3 0.00000000E+00 0.00000000E+00-4.40804984E-03 1.06134747E-01-5.35809795E-02
 8  4-5.25537677E-02 0.00000000E+00 0.00000000E+00 0.00000000E+00-1.35929593E-01
 8  5 2.33933318E-01 2.16771882E-01 1.61791943E-01 0.00000000E+00-6.30824577E-03
 8  6 3.99364772E-02 0.00000000E+00 3.37613961E-03 2.96348776E-02-1.45716700E-02
 8  7-1.50632076E-02 0.00000000E+00-7.49234610E-04 0.00000000E+00-1.35929593E-01
 8  8 2.33933318E-01 2.16771882E-01-1.61791943E-01 0.00000000E+00-6.30824577E-03
 8  9-3.99364772E-02 0.00000000E+00 3.37613961E-03 2.96348776E-02-1.45716700E-02
 8 10-1.50632076E-02 0.00000000E+00 7.49234610E-04 0.00000000E+00
 9  1 0.00000000E+00 0.00000000E+00 0.00000000E+00 0.00000000E+00-2.50207603E-01
 9  2 0.00000000E+00 0.00000000E+00 3.59756199E-01 0.00000000E+00 0.00000000E+00
 9  3-8.56869315E-03 0.00000000E+00 0.00000000E+00 0.00000000E+00 0.00000000E+00
 9  4 0.00000000E+00 0.00000000E+00 2.83553983E-02 0.00000000E+00 1.50068506E-01
 9  5-2.85160062E-01-2.46751305E-01-1.65439487E-01 0.00000000E+00 1.13193219E-02
 9  6-8.93920603E-03 0.00000000E+00 2.40198217E-03-2.43016077E-02 1.24397615E-02
 9  7 1.18618462E-02 0.00000000E+00 5.30939438E-03 0.00000000E+00-1.50068506E-01
 9  8 2.85160062E-01 2.46751305E-01-1.65439487E-01 0.00000000E+00-1.13193219E-02
 9  9-8.93920603E-03 0.00000000E+00-2.40198217E-03 2.43016077E-02-1.24397615E-02
 9 10-1.18618462E-02 0.00000000E+00 5.30939438E-03 0.00000000E+00
10  1 0.00000000E+00 0.00000000E+00 0.00000000E+00 0.00000000E+00 0.00000000E+00
10  2-2.11878087E-01 0.00000000E+00 0.00000000E+00 4.43545308E-01 0.00000000E+00
10  3 0.00000000E+00 1.10667588E-01 0.00000000E+00 0.00000000E+00 0.00000000E+00
10  4 0.00000000E+00 0.00000000E+00 0.00000000E+00 2.19196279E-02 0.00000000E+00
10  5 0.00000000E+00 0.00000000E+00 0.00000000E+00 3.55001127E-01 0.00000000E+00
10  6 0.00000000E+00 1.74529673E-01 0.00000000E+00 0.00000000E+00 0.00000000E+00
10  7 0.00000000E+00 3.63715157E-02 0.00000000E+00-2.13931007E-03 0.00000000E+00
10  8 0.00000000E+00 0.00000000E+00 0.00000000E+00 3.55001127E-01 0.00000000E+00
10  9 0.00000000E+00 1.74529673E-01 0.00000000E+00 0.00000000E+00 0.00000000E+00
10 10 0.00000000E+00-3.63715157E-02 0.00000000E+00-2.13931007E-03
11  1-3.25712041E-03 9.17436104E-03-1.99526181E-02-1.94780733E-02 0.00000000E+00
11  2 0.00000000E+00-2.09979322E-01 0.00000000E+00 0.00000000E+00 4.39477778E-01
11  3 0.00000000E+00 0.00000000E+00 1.09850737E-01-3.66365304E-02-6.46644764E-04
11  4 3.72831751E-02 0.00000000E+00 0.00000000E+00 0.00000000E+00 6.01795992E-03
11  5-6.03972952E-03-8.90122566E-03 3.51242197E-02 0.00000000E+00 3.53832339E-01
11  6 2.04371742E-02 0.00000000E+00 1.73265925E-01 4.08474269E-03-2.61454380E-04
11  7-3.82328831E-03 0.00000000E+00 3.54582301E-02 0.00000000E+00 6.01795992E-03
11  8-6.03972952E-03-8.90122566E-03-3.51242197E-02 0.00000000E+00 3.53832339E-01
11  9-2.04371742E-02 0.00000000E+00 1.73265925E-01 4.08474269E-03-2.61454380E-04
11 10-3.82328831E-03 0.00000000E+00-3.54582301E-02 0.00000000E+00
12  1 4.58428756E-02-1.34759864E-01 2.73476513E-01 6.77638779E-02 0.00000000E+00
12  2 0.00000000E+00-3.96177595E-03 0.00000000E+00 0.00000000E+00 7.07542972E-03
12  3 0.00000000E+00 0.00000000E+00-1.06165320E-02-1.35429872E-02 7.42982704E-03
12  4 6.11316017E-03 0.00000000E+00 0.00000000E+00 0.00000000E+00 9.30342069E-02
12  5-1.90731491E-01-3.36741716E-01 3.48433218E-01 0.00000000E+00-3.48042929E-02
12  6 1.88647544E-01 0.00000000E+00-1.78831887E-02 2.30830121E-02-1.17497552E-02
12  7-1.13332568E-02 0.00000000E+00-3.62969271E-03 0.00000000E+00 9.30342069E-02
12  8-1.90731491E-01-3.36741716E-01-3.48433218E-01 0.00000000E+00-3.48042929E-02
12  9-1.88647544E-01 0.00000000E+00-1.78831887E-02 2.30830121E-02-1.17497552E-02
12 10-1.13332568E-02 0.00000000E+00 3.62969271E-03 0.00000000E+00
13  1 0.00000000E+00 0.00000000E+00 0.00000000E+00 0.00000000E+00 1.71482631E-01
13  2 0.00000000E+00 0.00000000E+00-3.05498822E-01 0.00000000E+00 0.00000000E+00
13  3 7.78037253E-02 0.00000000E+00 0.00000000E+00 0.00000000E+00 0.00000000E+00
13  4 0.00000000E+00 0.00000000E+00 1.64921703E-02 0.00000000E+00 6.03189232E-02
13  5-1.27217742E-01-2.57707003E-01 4.21576719E-01 0.00000000E+00-1.09018875E-01
13  6 1.89639839E-01 0.00000000E+00-6.17226899E-02 2.81868904E-02-1.43365108E-02
13  7-1.38503797E-02 0.00000000E+00-8.24211362E-03 0.00000000E+00-6.03189232E-02
13  8 1.27217742E-01 2.57707003E-01 4.21576719E-01 0.00000000E+00 1.09018875E-01
13  9 1.89639839E-01 0.00000000E+00 6.17226899E-02-2.81868904E-02 1.43365108E-02
13 10 1.38503797E-02 0.00000000E+00-8.24211362E-03 0.00000000E+00
14  1 0.00000000E+00 0.00000000E+00 0.00000000E+00 0.00000000E+00 0.00000000E+00
14  2 0.00000000E+00 0.00000000E+00 0.00000000E+00 0.00000000E+00 0.00000000E+00
14  3 0.00000000E+00 0.00000000E+00 0.00000000E+00 0.00000000E+00 0.00000000E+00
14  4 0.00000000E+00-2.17095542E-01 0.00000000E+00 0.00000000E+00 0.00000000E+00
14  5 0.00000000E+00 0.00000000E+00 0.00000000E+00 4.54474328E-01 0.00000000E+00
14  6 0.00000000E+00 2.53802979E-01 0.00000000E+00 0.00000000E+00 0.00000000E+00
14  7 0.00000000E+00 2.10916586E-02 0.00000000E+00 4.60038838E-04 0.00000000E+00
14  8 0.00000000E+00 0.00000000E+00 0.00000000E+00-4.54474328E-01 0.00000000E+00
14  9 0.00000000E+00-2.53802979E-01 0.00000000E+00 0.00000000E+00 0.00000000E+00
14 10 0.00000000E+00 2.10916586E-02 0.00000000E+00-4.60038838E-04
15  1 0.00000000E+00 0.00000000E+00 0.00000000E+00 0.00000000E+00 1.55338873E-02
15  2 0.00000000E+00 0.00000000E+00-2.57621058E-02 0.00000000E+00 0.00000000E+00
15  3 1.45354392E-02 0.00000000E+00 0.00000000E+00 0.00000000E+00 0.00000000E+00
15  4 0.00000000E+00 0.00000000E+00-2.14944072E-01 0.00000000E+00 7.93414614E-03
15  5-2.57606874E-02-3.74864493E-02 1.09190919E-01 0.00000000E+00 4.41649929E-01
15  6 5.91360857E-02 0.00000000E+00 2.46890561E-01 8.21687825E-03-4.49364387E-03
15  7-3.72323438E-03 0.00000000E+00 2.03936392E-02 0.00000000E+00-7.93414614E-03
15  8 2.57606874E-02 3.74864493E-02 1.09190919E-01 0.00000000E+00-4.41649929E-01
15  9 5.91360857E-02 0.00000000E+00-2.46890561E-01-8.21687825E-03 4.49364387E-03
15 10 3.72323438E-03 0.00000000E+00 2.03936392E-02 0.00000000E+00
16  1 2.26318611E-02-1.23884962E-01 9.35444538E-02 1.48588341E+00 0.00000000E+00
16  2 0.00000000E+00 5.22889601E-02 0.00000000E+00 0.00000000E+00-1.14003004E-01
16  3 0.00000000E+00 0.00000000E+00-7.34347734E-02-2.92628730E-01 1.48591288E-01
16  4 1.44037442E-01 0.00000000E+00 0.00000000E+00 0.00000000E+00 7.15210176E-02
16  5-1.01246375E-01-4.95765299E-01-2.65603474E-01 0.00000000E+00 9.15593295E-02
16  6-2.47625419E-01 0.00000000E+00 8.65184137E-02-4.47059099E-02 2.22660029E-02
16  7 2.24399070E-02 0.00000000E+00 5.04404388E-03 0.00000000E+00 7.15210176E-02
16  8-1.01246375E-01-4.95765299E-01 2.65603474E-01 0.00000000E+00 9.15593295E-02
16  9 2.47625419E-01 0.00000000E+00 8.65184137E-02-4.47059099E-02 2.22660029E-02
16 10 2.24399070E-02 0.00000000E+00-5.04404388E-03 0.00000000E+00
17  1 0.00000000E+00 0.00000000E+00 0.00000000E+00 0.00000000E+00 0.00000000E+00
17  2-1.81920844E-01 0.00000000E+00 0.00000000E+00 5.06011821E-01 0.00000000E+00
17  3 0.00000000E+00 9.46119033E-01 0.00000000E+00 0.00000000E+00 0.00000000E+00
17  4 0.00000000E+00 0.00000000E+00 0.00000000E+00-2.09799521E-02 0.00000000E+00
17  5 0.00000000E+00 0.00000000E+00 0.00000000E+00-4.04324169E-01 0.00000000E+00
17  6 0.00000000E+00-4.84727889E-01 0.00000000E+00 0.00000000E+00 0.00000000E+00
17  7 0.00000000E+00-7.82391487E-03 0.00000000E+00-9.66310027E-04 0.00000000E+00
17  8 0.00000000E+00 0.00000000E+00 0.00000000E+00-4.04324169E-01 0.00000000E+00
17  9 0.00000000E+00-4.84727889E-01 0.00000000E+00 0.00000000E+00 0.00000000E+00
17 10 0.00000000E+00 7.82391487E-03 0.00000000E+00-9.66310027E-04
18  1 4.13339521E-04-2.80260991E-02-2.56510013E-02 4.93038022E-01 0.00000000E+00
18  2 0.00000000E+00-1.73412258E-01 0.00000000E+00 0.00000000E+00 4.88363282E-01
18  3 0.00000000E+00 0.00000000E+00 9.66753655E-01-5.07224485E-02 4.51245412E-02
18  4 5.59790735E-03 0.00000000E+00 0.00000000E+00 0.00000000E+00 2.06369497E-02
18  5-3.44184201E-02-2.28418016E-01-8.44663633E-02 0.00000000E+00-3.90757770E-01
18  6-1.16975459E-01 0.00000000E+00-4.71315952E-01-1.18491149E-02 6.87509784E-03
18  7 4.97401708E-03 0.00000000E+00-5.94522290E-03 0.00000000E+00 2.06369497E-02
18  8-3.44184201E-02-2.28418016E-01 8.44663633E-02 0.00000000E+00-3.90757770E-01
18  9 1.16975459E-01 0.00000000E+00-4.71315952E-01-1.18491149E-02 6.87509784E-03
18 10 4.97401708E-03 0.00000000E+00 5.94522290E-03 0.00000000E+00
19  1 0.00000000E+00 0.00000000E+00 0.00000000E+00 0.00000000E+00-8.51693058E-03
19  2 0.00000000E+00 0.00000000E+00 1.65991712E-01 0.00000000E+00 0.00000000E+00
19  3 2.23997622E+00 0.00000000E+00 0.00000000E+00 0.00000000E+00 0.00000000E+00
19  4 0.00000000E+00 0.00000000E+00-5.07047175E-03 0.00000000E+00-7.97126388E-02
19  5 8.94409149E-02 1.43757452E+00-7.87011229E-02 0.00000000E+00-2.62087350E-02
19  6 1.75771369E-01 0.00000000E+00-7.87555012E-02 3.18526318E-02-1.58759634E-02
19  7-1.59766684E-02 0.00000000E+00-4.17322536E-03 0.00000000E+00 7.97126388E-02
19  8-8.94409149E-02-1.43757452E+00-7.87011229E-02 0.00000000E+00 2.62087350E-02
19  9 1.75771369E-01 0.00000000E+00 7.87555012E-02-3.18526318E-02 1.58759634E-02
19 10 1.59766684E-02 0.00000000E+00-4.17322536E-03 0.00000000E+00
20  1 0.00000000E+00 0.00000000E+00 0.00000000E+00 0.00000000E+00 0.00000000E+00
20  2-3.04463672E-01 0.00000000E+00 0.00000000E+00 1.13969200E+00 0.00000000E+00
20  3 0.00000000E+00-1.10744675E+00 0.00000000E+00 0.00000000E+00 0.00000000E+00
20  4 0.00000000E+00 0.00000000E+00 0.00000000E+00 4.05558636E-02 0.00000000E+00
20  5 0.00000000E+00 0.00000000E+00 0.00000000E+00-2.79525015E-02 0.00000000E+00
20  6 0.00000000E+00-3.55258900E-02 0.00000000E+00 0.00000000E+00 0.00000000E+00
20  7 0.00000000E+00 4.37016113E-02 0.00000000E+00-2.09617139E-03 0.00000000E+00
20  8 0.00000000E+00 0.00000000E+00 0.00000000E+00-2.79525015E-02 0.00000000E+00
20  9 0.00000000E+00-3.55258900E-02 0.00000000E+00 0.00000000E+00 0.00000000E+00
20 10 0.00000000E+00-4.37016113E-02 0.00000000E+00-2.09617139E-03
21  1 1.22699128E-03-1.43039095E-02-4.96837081E-03-3.28966978E-01 0.00000000E+00
21  2 0.00000000E+00-3.01756423E-01 0.00000000E+00 0.00000000E+00 1.12471273E+00
21  3 0.00000000E+00 0.00000000E+00-1.09116695E+00-1.48457790E-01 4.24281274E-02
21  4 1.06029662E-01 0.00000000E+00 0.00000000E+00 0.00000000E+00-2.46400161E-04
21  5-8.09793107E-03 2.20066873E-01-5.17946165E-02 0.00000000E+00-2.96710556E-02
21  6 9.95437154E-02 0.00000000E+00-5.71974574E-02 1.18452328E-02-4.13923770E-03
21  7-7.70599508E-03 0.00000000E+00 4.06546712E-02 0.00000000E+00-2.46400161E-04
21  8-8.09793107E-03 2.20066873E-01 5.17946165E-02 0.00000000E+00-2.96710556E-02
21  9-9.95437154E-02 0.00000000E+00-5.71974574E-02 1.18452328E-02-4.13923770E-03
21 10-7.70599508E-03 0.00000000E+00-4.06546712E-02 0.00000000E+00
22  1-4.65592126E-02 5.62059513E-02-4.25269207E-01 3.03755799E+00 0.00000000E+00
22  2 0.00000000E+00-4.27154464E-02 0.00000000E+00 0.00000000E+00 2.03135240E-01
22  3 0.00000000E+00 0.00000000E+00-1.05193477E-01 6.96476330E-01-3.79330373E-01
22  4-3.17145956E-01 0.00000000E+00 0.00000000E+00 0.00000000E+00 2.24192607E-02
22  5-1.50433781E-02-1.43486656E+00 2.85931982E-01 0.00000000E+00-9.20049611E-03
22  6-9.62415506E-01 0.00000000E+00 1.18903939E-01-5.38395321E-02 2.66290036E-02
22  7 2.72105285E-02 0.00000000E+00 2.08931194E-02 0.00000000E+00 2.24192607E-02
22  8-1.50433781E-02-1.43486656E+00-2.85931982E-01 0.00000000E+00-9.20049611E-03
22  9 9.62415506E-01 0.00000000E+00 1.18903939E-01-5.38395321E-02 2.66290036E-02
22 10 2.72105285E-02 0.00000000E+00-2.08931194E-02 0.00000000E+00
23  1 0.00000000E+00 0.00000000E+00 0.00000000E+00 0.00000000E+00 0.00000000E+00
23  2 9.26273891E-03 0.00000000E+00 0.00000000E+00-3.32954706E-02 0.00000000E+00
23  3 0.00000000E+00 9.30672156E-02 0.00000000E+00 0.00000000E+00 0.00000000E+00
23  4 0.00000000E+00 0.00000000E+00 0.00000000E+00 9.72796539E-01 0.00000000E+00
23  5 0.00000000E+00 0.00000000E+00 0.00000000E+00-5.81838086E-02 0.00000000E+00
23  6 0.00000000E+00-2.73245456E-02 0.00000000E+00 0.00000000E+00 0.00000000E+00
23  7 0.00000000E+00 2.22006189E-03 0.00000000E+00 6.33294888E-02 0.00000000E+00
23  8 0.00000000E+00 0.00000000E+00 0.00000000E+00-5.81838086E-02 0.00000000E+00
23  9 0.00000000E+00-2.73245456E-02 0.00000000E+00 0.00000000E+00 0.00000000E+00
23 10 0.00000000E+00-2.22006189E-03 0.00000000E+00 6.33294888E-02
24  1 1.34370054E-03-5.63150409E-03 7.69712236E-03-7.19405762E-02 0.00000000E+00
24  2 0.00000000E+00 9.50531236E-03 0.00000000E+00 0.00000000E+00-3.54293378E-02
24  3 0.00000000E+00 0.00000000E+00 9.43637792E-02-2.14632844E-02-8.31236182E-01
24  4 8.52699466E-01 0.00000000E+00 0.00000000E+00 0.00000000E+00-2.16952143E-04
24  5-4.76221193E-03 3.52775880E-02-1.80868575E-02 0.00000000E+00-5.78114654E-02
24  6 2.98619252E-02 0.00000000E+00-3.13652593E-02 1.01339309E-03-5.53460433E-02
24  7 5.43326502E-02 0.00000000E+00 2.02086397E-03 0.00000000E+00-2.16952143E-04
24  8-4.76221193E-03 3.52775880E-02 1.80868575E-02 0.00000000E+00-5.78114654E-02
24  9-2.98619252E-02 0.00000000E+00-3.13652593E-02 1.01339309E-03-5.53460433E-02
24 10 5.43326502E-02 0.00000000E+00-2.02086397E-03 0.00000000E+00
25  1 0.00000000E+00 0.00000000E+00 0.00000000E+00 0.00000000E+00-1.35059520E-01
25  2 0.00000000E+00 0.00000000E+00 1.04152722E+00 0.00000000E+00 0.00000000E+00
25  3-3.08453503E-01 0.00000000E+00 0.00000000E+00 0.00000000E+00 0.00000000E+00
25  4 0.00000000E+00 0.00000000E+00 1.71833211E-01 0.00000000E+00-2.95548759E-02
25  5-8.40998135E-02 7.25086031E-01-2.97967252E-01 0.00000000E+00 6.14473448E-02
25  6 1.35866645E+00 0.00000000E+00-2.99565788E-02 6.65392090E-03-3.72910115E-03
25  7-2.92481976E-03 0.00000000E+00-2.06767958E-03 0.00000000E+00 2.95548759E-02
25  8 8.40998135E-02-7.25086031E-01-2.97967252E-01 0.00000000E+00-6.14473448E-02
25  9 1.35866645E+00 0.00000000E+00 2.99565788E-02-6.65392090E-03 3.72910115E-03
25 10 2.92481976E-03 0.00000000E+00-2.06767958E-03 0.00000000E+00
26  1 0.00000000E+00 0.00000000E+00 0.00000000E+00 0.00000000E+00 0.00000000E+00
26  2 0.00000000E+00 0.00000000E+00 0.00000000E+00 0.00000000E+00 0.00000000E+00
26  3 0.00000000E+00 0.00000000E+00 0.00000000E+00 0.00000000E+00 0.00000000E+00
26  4 0.00000000E+00 6.66465062E-01 0.00000000E+00 0.00000000E+00 0.00000000E+00
26  5 0.00000000E+00 0.00000000E+00 0.00000000E+00-3.59839782E-01 0.00000000E+00
26  6 0.00000000E+00 9.22918389E-01 0.00000000E+00 0.00000000E+00 0.00000000E+00
26  7 0.00000000E+00-9.89610038E-03 0.00000000E+00 2.39863642E-03 0.00000000E+00
26  8 0.00000000E+00 0.00000000E+00 0.00000000E+00 3.59839782E-01 0.00000000E+00
26  9 0.00000000E+00-9.22918389E-01 0.00000000E+00 0.00000000E+00 0.00000000E+00
26 10 0.00000000E+00-9.89610038E-03 0.00000000E+00-2.39863642E-03
27  1 0.00000000E+00 0.00000000E+00 0.00000000E+00 0.00000000E+00 3.21673663E-02
27  2 0.00000000E+00 0.00000000E+00-1.54242415E-01 0.00000000E+00 0.00000000E+00
27  3 1.12921253E-02 0.00000000E+00 0.00000000E+00 0.00000000E+00 0.00000000E+00
27  4 0.00000000E+00 0.00000000E+00 6.64689772E-01 0.00000000E+00 9.42627093E-03
27  5-1.92852167E-02-1.95784896E-02-2.96503909E-03 0.00000000E+00-3.56325727E-01
27  6-2.21455364E-02 0.00000000E+00 9.22193790E-01-1.55353281E-03-1.47360549E-03
27  7 3.02713831E-03 0.00000000E+00-1.17288042E-02 0.00000000E+00-9.42627093E-03
27  8 1.92852167E-02 1.95784896E-02-2.96503909E-03 0.00000000E+00 3.56325727E-01
27  9-2.21455364E-02 0.00000000E+00-9.22193790E-01 1.55353281E-03 1.47360549E-03
27 10-3.02713831E-03 0.00000000E+00-1.17288042E-02 0.00000000E+00
28  1 1.16101487E-01 5.90189224E-01 2.01258771E+00-3.07686339E-01 0.00000000E+00
28  2 0.00000000E+00-1.14083302E-02 0.00000000E+00 0.00000000E+00 8.32663923E-02
28  3 0.00000000E+00 0.00000000E+00 7.05546179E-02-8.43812014E-02 3.55505910E-02
28  4 4.88306104E-02 0.00000000E+00 0.00000000E+00 0.00000000E+00 5.44961064E-02
28  5-1.03681586E-01-4.49357338E-01 1.29499951E-01 0.00000000E+00 1.96513626E-02
28  6-1.04772121E+00 0.00000000E+00 9.14002142E-03 1.04667260E-02-5.16804142E-03
28  7-5.29868454E-03 0.00000000E+00 2.06941061E-03 0.00000000E+00 5.44961064E-02
28  8-1.03681586E-01-4.49357338E-01-1.29499951E-01 0.00000000E+00 1.96513626E-02
28  9 1.04772121E+00 0.00000000E+00 9.14002142E-03 1.04667260E-02-5.16804142E-03
28 10-5.29868454E-03 0.00000000E+00-2.06941061E-03 0.00000000E+00
29  1-1.24645788E-02-6.31213049E-02-2.18834940E-01 7.00111111E-02 0.00000000E+00
29  2 0.00000000E+00 4.27213176E-02 0.00000000E+00 0.00000000E+00-6.82210880E-02
29  3 0.00000000E+00 0.00000000E+00 1.21890187E+00-5.87626539E-02-1.60611401E-02
29  4 7.48237941E-02 0.00000000E+00 0.00000000E+00 0.00000000E+00 1.10894754E-03
29  5-8.97776801E-03 3.67010096E-02 8.87990068E-02 0.00000000E+00 6.16949704E-01
29  6-1.45164126E-02 0.00000000E+00-1.21208293E+00-8.13336506E-04 2.25981073E-03
29  7-1.44647423E-03 0.00000000E+00 4.79340840E-02 0.00000000E+00 1.10894754E-03
29  8-8.97776801E-03 3.67010096E-02-8.87990068E-02 0.00000000E+00 6.16949704E-01
29  9 1.45164126E-02 0.00000000E+00-1.21208293E+00-8.13336506E-04 2.25981073E-03
29 10-1.44647423E-03 0.00000000E+00-4.79340840E-02 0.00000000E+00
30  1 0.00000000E+00 0.00000000E+00 0.00000000E+00 0.00000000E+00 0.00000000E+00
30  2 4.06087777E-02 0.00000000E+00 0.00000000E+00-5.60163578E-02 0.00000000E+00
30  3 0.00000000E+00 1.22487420E+00 0.00000000E+00 0.00000000E+00 0.00000000E+00
30  4 0.00000000E+00 0.00000000E+00 0.00000000E+00 5.28603917E-02 0.00000000E+00
30  5 0.00000000E+00 0.00000000E+00 0.00000000E+00 6.25919478E-01 0.00000000E+00
30  6 0.00000000E+00-1.21755717E+00 0.00000000E+00 0.00000000E+00 0.00000000E+00
30  7 0.00000000E+00 5.05938407E-02 0.00000000E+00-2.30637778E-03 0.00000000E+00
30  8 0.00000000E+00 0.00000000E+00 0.00000000E+00 6.25919478E-01 0.00000000E+00
30  9 0.00000000E+00-1.21755717E+00 0.00000000E+00 0.00000000E+00 0.00000000E+00
30 10 0.00000000E+00-5.05938407E-02 0.00000000E+00-2.30637778E-03
31  1 0.00000000E+00 0.00000000E+00 0.00000000E+00 0.00000000E+00 8.97628998E-02
31  2 0.00000000E+00 0.00000000E+00-4.22145678E-01 0.00000000E+00 0.00000000E+00
31  3 2.57752712E-01 0.00000000E+00 0.00000000E+00 0.00000000E+00 0.00000000E+00
31  4 0.00000000E+00 0.00000000E+00 8.54740571E-01 0.00000000E+00 1.09441424E-02
31  5-1.97197037E-02-3.22311062E-02-4.79211309E-03 0.00000000E+00 5.84741501E-01
31  6-2.02699534E-01 0.00000000E+00-9.97577631E-02-2.78067146E-04-1.68082265E-02
31  7 1.70862936E-02 0.00000000E+00-8.86459760E-02 0.00000000E+00-1.09441424E-02
31  8 1.97197037E-02 3.22311062E-02-4.79211309E-03 0.00000000E+00-5.84741501E-01
31  9-2.02699534E-01 0.00000000E+00 9.97577631E-02 2.78067146E-04 1.68082265E-02
31 10-1.70862936E-02 0.00000000E+00-8.86459760E-02 0.00000000E+00
32  1 0.00000000E+00 0.00000000E+00 0.00000000E+00 0.00000000E+00 0.00000000E+00
32  2 0.00000000E+00 0.00000000E+00 0.00000000E+00 0.00000000E+00 0.00000000E+00
32  3 0.00000000E+00 0.00000000E+00 0.00000000E+00 0.00000000E+00 0.00000000E+00
32  4 0.00000000E+00 9.00121891E-01 0.00000000E+00 0.00000000E+00 0.00000000E+00
32  5 0.00000000E+00 0.00000000E+00 0.00000000E+00 5.87374399E-01 0.00000000E+00
32  6 0.00000000E+00-8.68713118E-02 0.00000000E+00 0.00000000E+00 0.00000000E+00
32  7 0.00000000E+00-9.34488902E-02 0.00000000E+00 2.05397791E-02 0.00000000E+00
32  8 0.00000000E+00 0.00000000E+00 0.00000000E+00-5.87374399E-01 0.00000000E+00
32  9 0.00000000E+00 8.68713118E-02 0.00000000E+00 0.00000000E+00 0.00000000E+00
32 10 0.00000000E+00-9.34488902E-02 0.00000000E+00-2.05397791E-02
33  1 0.00000000E+00 0.00000000E+00 0.00000000E+00 0.00000000E+00-3.82306127E-01
33  2 0.00000000E+00 0.00000000E+00 1.65994258E+00 0.00000000E+00 0.00000000E+00
33  3-4.54532954E-02 0.00000000E+00 0.00000000E+00 0.00000000E+00 0.00000000E+00
33  4 0.00000000E+00 0.00000000E+00 2.22806411E-01 0.00000000E+00-3.73447446E-02
33  5 4.88833529E-01 4.20096242E-01 6.61922059E-01 0.00000000E+00 2.15234250E-02
33  6 1.09484258E-01 0.00000000E+00-1.46056529E-02-1.78163178E-01 7.53007595E-02
33  7 1.02862419E-01 0.00000000E+00-4.68395802E-02 0.00000000E+00 3.73447446E-02
33  8-4.88833529E-01-4.20096242E-01 6.61922059E-01 0.00000000E+00-2.15234250E-02
33  9 1.09484258E-01 0.00000000E+00 1.46056529E-02 1.78163178E-01-7.53007595E-02
33 10-1.02862419E-01 0.00000000E+00-4.68395802E-02 0.00000000E+00
34  1-4.58768105E-02-1.98900767E-01-7.67849213E-01-2.58907697E+00 0.00000000E+00
34  2 0.00000000E+00 1.86351899E-02 0.00000000E+00 0.00000000E+00-1.21788073E-01
34  3 0.00000000E+00 0.00000000E+00-2.28399353E-01-7.10138042E-01 3.61592188E-01
34  4 3.48545854E-01 0.00000000E+00 0.00000000E+00 0.00000000E+00-7.25533464E-04
34  5-8.96360710E-01 2.61109369E+00 4.14792339E-01 0.00000000E+00-9.00893197E-02
34  6 7.26808369E-01 0.00000000E+00 5.11012428E-02-2.03917742E-01 1.03304135E-01
34  7 1.00613607E-01 0.00000000E+00 5.05666440E-03 0.00000000E+00-7.25533464E-04
34  8-8.96360710E-01 2.61109369E+00-4.14792339E-01 0.00000000E+00-9.00893197E-02
34  9-7.26808369E-01 0.00000000E+00 5.11012428E-02-2.03917742E-01 1.03304135E-01
34 10 1.00613607E-01 0.00000000E+00-5.05666440E-03 0.00000000E+00
35  1 0.00000000E+00 0.00000000E+00 0.00000000E+00 0.00000000E+00-4.88916127E-02
35  2 0.00000000E+00 0.00000000E+00 5.45907719E-01 0.00000000E+00 0.00000000E+00
35  3 1.99154933E+00 0.00000000E+00 0.00000000E+00 0.00000000E+00 0.00000000E+00
35  4 0.00000000E+00 0.00000000E+00 6.34669392E-02 0.00000000E+00-1.50241711E-02
35  5-1.31726504E+00 2.89854719E+00 2.13545037E-01 0.00000000E+00 1.70627660E-02
35  6 2.24605332E-01 0.00000000E+00-1.07839304E-01-1.43593534E-01 7.41725834E-02
35  7 6.94209507E-02 0.00000000E+00 7.01594382E-02 0.00000000E+00 1.50241711E-02
35  8 1.31726504E+00-2.89854719E+00 2.13545037E-01 0.00000000E+00-1.70627660E-02
35  9 2.24605332E-01 0.00000000E+00 1.07839304E-01 1.43593534E-01-7.41725834E-02
35 10-6.94209507E-02 0.00000000E+00 7.01594382E-02 0.00000000E+00
36  1 0.00000000E+00 0.00000000E+00 0.00000000E+00 0.00000000E+00 0.00000000E+00
36  2 0.00000000E+00 0.00000000E+00 0.00000000E+00 0.00000000E+00 0.00000000E+00
36  3 0.00000000E+00 0.00000000E+00 0.00000000E+00 0.00000000E+00 0.00000000E+00
36  4 0.00000000E+00 2.35141942E-02 0.00000000E+00 0.00000000E+00 0.00000000E+00
36  5 0.00000000E+00 0.00000000E+00 0.00000000E+00-4.31915550E-03 0.00000000E+00
36  6 0.00000000E+00 1.44647995E-02 0.00000000E+00 0.00000000E+00 0.00000000E+00
36  7 0.00000000E+00 1.15621587E-01 0.00000000E+00 6.97906385E-01 0.00000000E+00
36  8 0.00000000E+00 0.00000000E+00 0.00000000E+00 4.31915550E-03 0.00000000E+00
36  9 0.00000000E+00-1.44647995E-02 0.00000000E+00 0.00000000E+00 0.00000000E+00
36 10 0.00000000E+00 1.15621587E-01 0.00000000E+00-6.97906385E-01
37  1 0.00000000E+00 0.00000000E+00 0.00000000E+00 0.00000000E+00-2.83281756E-03
37  2 0.00000000E+00 0.00000000E+00 7.70548236E-03 0.00000000E+00 0.00000000E+00
37  3 1.77363276E-02 0.00000000E+00 0.00000000E+00 0.00000000E+00 0.00000000E+00
37  4 0.00000000E+00 0.00000000E+00-2.24094044E-02 0.00000000E+00-3.98853004E-04
37  5-6.61761033E-03 1.92640649E-02 5.12950433E-03 0.00000000E+00 4.78825326E-03
37  6-4.52185357E-03 0.00000000E+00-1.54367527E-02-1.92028522E-02 6.13933776E-01
37  7-5.94730923E-01 0.00000000E+00-1.14441167E-01 0.00000000E+00 3.98853004E-04
37  8 6.61761033E-03-1.92640649E-02 5.12950433E-03 0.00000000E+00-4.78825326E-03
37  9-4.52185357E-03 0.00000000E+00 1.54367527E-02 1.92028522E-02-6.13933776E-01
37 10 5.94730923E-01 0.00000000E+00-1.14441167E-01 0.00000000E+00
38  1 2.85847516E-03-2.27518954E-02 6.94946297E-03-1.03325412E-02 0.00000000E+00
38  2 0.00000000E+00-2.27202721E-02 0.00000000E+00 0.00000000E+00 1.47691132E-01
38  3 0.00000000E+00 0.00000000E+00-3.08175913E-05 9.44086397E-02 2.40126158E-01
38  4-3.34534798E-01 0.00000000E+00 0.00000000E+00 0.00000000E+00-1.43004261E-03
38  5-9.58681578E-02 4.68298135E-02-4.87097921E-02 0.00000000E+00 2.93634676E-02
38  6 2.92074837E-02 0.00000000E+00-5.34178069E-02-1.96270727E-03-6.22639399E-01
38  7 6.24602106E-01 0.00000000E+00-9.94244224E-02 0.00000000E+00-1.43004261E-03
38  8-9.58681578E-02 4.68298135E-02 4.87097921E-02 0.00000000E+00 2.93634676E-02
38  9-2.92074837E-02 0.00000000E+00-5.34178069E-02-1.96270727E-03-6.22639399E-01
38 10 6.24602106E-01 0.00000000E+00 9.94244224E-02 0.00000000E+00
39  1 0.00000000E+00 0.00000000E+00 0.00000000E+00 0.00000000E+00 0.00000000E+00
39  2-1.73464639E-02 0.00000000E+00 0.00000000E+00 1.18358222E-01 0.00000000E+00
39  3 0.00000000E+00 7.20614818E-04 0.00000000E+00 0.00000000E+00 0.00000000E+00
39  4 0.00000000E+00 0.00000000E+00 0.00000000E+00-3.38373375E-01 0.00000000E+00
39  5 0.00000000E+00 0.00000000E+00 0.00000000E+00 1.89657063E-02 0.00000000E+00
39  6 0.00000000E+00-4.22207404E-02 0.00000000E+00 0.00000000E+00 0.00000000E+00
39  7 0.00000000E+00-7.10389820E-02 0.00000000E+00 7.26023079E-01 0.00000000E+00
39  8 0.00000000E+00 0.00000000E+00 0.00000000E+00 1.89657063E-02 0.00000000E+00
39  9 0.00000000E+00-4.22207404E-02 0.00000000E+00 0.00000000E+00 0.00000000E+00
39 10 0.00000000E+00 7.10389820E-02 0.00000000E+00 7.26023079E-01
40  1-9.75683178E-03 1.88862488E-01 1.18574855E-01 8.72631661E-02 0.00000000E+00
40  2 0.00000000E+00 9.66869642E-02 0.00000000E+00 0.00000000E+00-6.12870292E-01
40  3 0.00000000E+00 0.00000000E+00-1.01584772E-01-4.96267967E-01 3.74236766E-01
40  4 1.22031201E-01 0.00000000E+00 0.00000000E+00 0.00000000E+00 1.10263905E-02
40  5 5.40077696E-01-3.46580017E-01 2.53443033E-01 0.00000000E+00-1.04092495E-01
40  6-2.25528400E-01 0.00000000E+00 3.09040085E-01-5.74425841E-02-6.90413475E-02
40  7 1.26483932E-01 0.00000000E+00 6.93810842E-01 0.00000000E+00 1.10263905E-02
40  8 5.40077696E-01-3.46580017E-01-2.53443033E-01 0.00000000E+00-1.04092495E-01
40  9 2.25528400E-01 0.00000000E+00 3.09040085E-01-5.74425841E-02-6.90413475E-02
40 10 1.26483932E-01 0.00000000E+00-6.93810842E-01 0.00000000E+00
41  1 0.00000000E+00 0.00000000E+00 0.00000000E+00 0.00000000E+00 0.00000000E+00
41  2 1.02343148E-01 0.00000000E+00 0.00000000E+00-7.02824781E-01 0.00000000E+00
41  3 0.00000000E+00-1.57640714E-01 0.00000000E+00 0.00000000E+00 0.00000000E+00
41  4 0.00000000E+00 0.00000000E+00 0.00000000E+00-1.38773457E-01 0.00000000E+00
41  5 0.00000000E+00 0.00000000E+00 0.00000000E+00-7.33027526E-02 0.00000000E+00
41  6 0.00000000E+00 3.65365775E-01 0.00000000E+00 0.00000000E+00 0.00000000E+00
41  7 0.00000000E+00 7.93819480E-01 0.00000000E+00 6.68616106E-02 0.00000000E+00
41  8 0.00000000E+00 0.00000000E+00 0.00000000E+00-7.33027526E-02 0.00000000E+00
41  9 0.00000000E+00 3.65365775E-01 0.00000000E+00 0.00000000E+00 0.00000000E+00
41 10 0.00000000E+00-7.93819480E-01 0.00000000E+00 6.68616106E-02
42  1-3.51758255E-02-7.48636112E-01-1.40581623E+00-1.09361778E+00 0.00000000E+00
42  2 0.00000000E+00 3.88817212E-02 0.00000000E+00 0.00000000E+00-4.14054862E-01
42  3 0.00000000E+00 0.00000000E+00-1.54003159E-01 3.31104800E-01-1.23486551E-01
42  4-2.07618250E-01 0.00000000E+00 0.00000000E+00 0.00000000E+00-3.65934372E-02
42  5-9.70540992E-01 1.77870777E+00-1.12925044E-01 0.00000000E+00 4.11503574E-04
42  6 9.77599909E-01 0.00000000E+00 1.20732469E-01 7.13287369E-01-3.55751999E-01
42  7-3.57535370E-01 0.00000000E+00 2.51308905E-01 0.00000000E+00-3.65934372E-02
42  8-9.70540992E-01 1.77870777E+00 1.12925044E-01 0.00000000E+00 4.11503574E-04
42  9-9.77599909E-01 0.00000000E+00 1.20732469E-01 7.13287369E-01-3.55751999E-01
42 10-3.57535370E-01 0.00000000E+00-2.51308905E-01 0.00000000E+00
43  1 0.00000000E+00 0.00000000E+00 0.00000000E+00 0.00000000E+00-9.83180952E-02
43  2 0.00000000E+00 0.00000000E+00 2.48313474E+00 0.00000000E+00 0.00000000E+00
43  3 3.50436052E-01 0.00000000E+00 0.00000000E+00 0.00000000E+00 0.00000000E+00
43  4 0.00000000E+00 0.00000000E+00-2.50803503E-01 0.00000000E+00-4.47134386E-02
43  5-3.64991339E-01 2.09362885E+00 4.21019652E-01 0.00000000E+00-8.72114718E-02
43  6 1.07236354E+00 0.00000000E+00-2.27577204E-01 8.52103499E-01-4.65599380E-01
43  7-3.86504119E-01 0.00000000E+00-4.26030330E-01 0.00000000E+00 4.47134386E-02
43  8 3.64991339E-01-2.09362885E+00 4.21019652E-01 0.00000000E+00 8.72114718E-02
43  9 1.07236354E+00 0.00000000E+00 2.27577204E-01-8.52103499E-01 4.65599380E-01
43 10 3.86504119E-01 0.00000000E+00-4.26030330E-01 0.00000000E+00
44  1 1.07206948E-01 6.31550992E-01 2.19206129E+00 1.63109813E+00 0.00000000E+00
44  2 0.00000000E+00 3.37215355E-03 0.00000000E+00 0.00000000E+00 5.61375033E-02
44  3 0.00000000E+00 0.00000000E+00-5.31633843E-02 2.10914168E+00-1.04021818E+00
44  4-1.06892350E+00 0.00000000E+00 0.00000000E+00 0.00000000E+00-1.10307715E-02
44  5-6.65539997E-01-1.76842486E+00-9.34295906E-01 0.00000000E+00 1.23693853E-01
44  6-7.13925873E-01 0.00000000E+00 2.05495115E-01-6.09692346E-01 3.24387097E-01
44  7 2.85305249E-01 0.00000000E+00 3.29571685E-01 0.00000000E+00-1.10307715E-02
44  8-6.65539997E-01-1.76842486E+00 9.34295906E-01 0.00000000E+00 1.23693853E-01
44  9 7.13925873E-01 0.00000000E+00 2.05495115E-01-6.09692346E-01 3.24387097E-01
44 10 2.85305249E-01 0.00000000E+00-3.29571685E-01 0.00000000E+00
45  1 0.00000000E+00 0.00000000E+00 0.00000000E+00 0.00000000E+00 0.00000000E+00
45  2 0.00000000E+00 0.00000000E+00 0.00000000E+00 0.00000000E+00 0.00000000E+00
45  3 0.00000000E+00 0.00000000E+00 0.00000000E+00 0.00000000E+00 0.00000000E+00
45  4 0.00000000E+00 1.31504199E+00 0.00000000E+00 0.00000000E+00 0.00000000E+00
45  5 0.00000000E+00 0.00000000E+00 0.00000000E+00 2.32317488E-01 0.00000000E+00
45  6 0.00000000E+00 4.49844475E-01 0.00000000E+00 0.00000000E+00 0.00000000E+00
45  7 0.00000000E+00 9.70427945E-01 0.00000000E+00-1.41248859E-01 0.00000000E+00
45  8 0.00000000E+00 0.00000000E+00 0.00000000E+00-2.32317488E-01 0.00000000E+00
45  9 0.00000000E+00-4.49844475E-01 0.00000000E+00 0.00000000E+00 0.00000000E+00
45 10 0.00000000E+00 9.70427945E-01 0.00000000E+00 1.41248859E-01
46  1 0.00000000E+00 0.00000000E+00 0.00000000E+00 0.00000000E+00-6.43883698E-02
46  2 0.00000000E+00 0.00000000E+00 9.56364718E-01 0.00000000E+00 0.00000000E+00
46  3 3.68754273E-02 0.00000000E+00 0.00000000E+00 0.00000000E+00 0.00000000E+00
46  4 0.00000000E+00 0.00000000E+00 1.31055953E+00 0.00000000E+00-8.89464558E-03
46  5 8.51428837E-02 6.03487213E-01 2.66935025E-01 0.00000000E+00 2.01684087E-01
46  6 3.75700210E-01 0.00000000E+00 3.99023194E-01 4.40824901E-01-1.05535368E-01
46  7-3.35289534E-01 0.00000000E+00 8.59912815E-01 0.00000000E+00 8.89464558E-03
46  8-8.51428837E-02-6.03487213E-01 2.66935025E-01 0.00000000E+00-2.01684087E-01
46  9 3.75700210E-01 0.00000000E+00-3.99023194E-01-4.40824901E-01 1.05535368E-01
46 10 3.35289534E-01 0.00000000E+00 8.59912815E-01 0.00000000E+00
 $END   
 POPULATION ANALYSIS
S           16.06446  -0.06446  15.63313   0.36687
O            7.96777   0.03223   8.18343  -0.18343
O            7.96777   0.03223   8.18343  -0.18343
 MOMENTS AT POINT    1 X,Y,Z=  0.000000  0.000000  0.000000
 DIPOLE       0.000000  0.000000  0.550487
