 $DATA  
Title                                                                           
CNV      2

S          16.0      0.0000000000      0.0000000000     -0.3890166553
   PC1     0
        
O           8.0      0.7778174593      0.0000000000      0.3888008040
   PC1     0
        
 $END      
 $ZMAT   IZMAT(1)=
         1,   3,   1,
         1,   2,   1,
         2,   2,   1,   3,
 $END
--- CLOSED SHELL ORBITALS --- GENERATED AT Thu Feb 26 00:11:12 2015
Title                                                                           
E(R-PBE)=     -547.3070546983, E(NUC)=  144.9247312493,   21 ITERS
 $VEC   
 1  1 1.00297135E+00-1.00888282E-02 2.10449314E-03-4.72762799E-04 0.00000000E+00
 1  2 0.00000000E+00 2.15726816E-05 0.00000000E+00 0.00000000E+00 3.99674194E-04
 1  3 0.00000000E+00 0.00000000E+00 2.00919314E-05 6.46993585E-05-1.43758636E-04
 1  4 7.90592776E-05 0.00000000E+00 0.00000000E+00 0.00000000E+00-9.13706181E-06
 1  5-1.12369234E-04-3.02982333E-04-1.20216998E-04 0.00000000E+00 1.03450346E-04
 1  6-1.87821978E-04 0.00000000E+00 2.09866191E-04-2.06648899E-05 1.36410924E-05
 1  7 7.02379750E-06 0.00000000E+00 1.54278709E-05 0.00000000E+00-9.13706181E-06
 1  8-1.12369234E-04-3.02982333E-04 1.20216998E-04 0.00000000E+00 1.03450346E-04
 1  9 1.87821978E-04 0.00000000E+00 2.09866191E-04-2.06648899E-05 1.36410924E-05
 1 10 7.02379750E-06 0.00000000E+00-1.54278709E-05 0.00000000E+00
 2  1-1.47781276E-04-2.60438338E-04-2.97299055E-03 1.04565198E-02 0.00000000E+00
 2  2 0.00000000E+00 2.08739844E-04 0.00000000E+00 0.00000000E+00-2.95106581E-03
 2  3 0.00000000E+00 0.00000000E+00 4.55958179E-03 2.27047059E-05 1.73022054E-03
 2  4-1.75292524E-03 0.00000000E+00 0.00000000E+00 0.00000000E+00 7.03076357E-01
 2  5 2.81670386E-02-1.32471048E-02 2.45348755E-03 0.00000000E+00-1.82359300E-03
 2  6-1.22550618E-03 0.00000000E+00 1.73400555E-03 7.72742858E-04-5.11820403E-04
 2  7-2.60922456E-04 0.00000000E+00-5.05698121E-04 0.00000000E+00 7.03076357E-01
 2  8 2.81670386E-02-1.32471048E-02-2.45348755E-03 0.00000000E+00-1.82359300E-03
 2  9 1.22550618E-03 0.00000000E+00 1.73400555E-03 7.72742858E-04-5.11820403E-04
 2 10-2.60922456E-04 0.00000000E+00 5.05698121E-04 0.00000000E+00
 3  1 0.00000000E+00 0.00000000E+00 0.00000000E+00 0.00000000E+00-2.53601464E-04
 3  2 0.00000000E+00 0.00000000E+00 2.90425690E-03 0.00000000E+00 0.00000000E+00
 3  3-2.43959124E-03 0.00000000E+00 0.00000000E+00 0.00000000E+00 0.00000000E+00
 3  4 0.00000000E+00 0.00000000E+00 3.77962806E-03 0.00000000E+00 7.03199768E-01
 3  5 2.84715991E-02-1.24076008E-02 1.79927837E-03 0.00000000E+00-2.39142369E-03
 3  6-3.07821017E-03 0.00000000E+00 9.82858754E-04-6.50503900E-04 1.29595319E-04
 3  7 5.20908581E-04 0.00000000E+00-7.57250474E-04 0.00000000E+00-7.03199768E-01
 3  8-2.84715991E-02 1.24076008E-02 1.79927837E-03 0.00000000E+00 2.39142369E-03
 3  9-3.07821017E-03 0.00000000E+00-9.82858754E-04 6.50503900E-04-1.29595319E-04
 3 10-5.20908581E-04 0.00000000E+00-7.57250474E-04 0.00000000E+00
 4  1-2.73523121E-01 1.03824735E+00 4.48068470E-02-8.52625168E-03 0.00000000E+00
 4  2 0.00000000E+00 1.81143559E-02 0.00000000E+00 0.00000000E+00 4.70980678E-03
 4  3 0.00000000E+00 0.00000000E+00 1.18172589E-04 4.42373765E-04-1.44052558E-03
 4  4 9.98151813E-04 0.00000000E+00 0.00000000E+00 0.00000000E+00-2.35947201E-03
 4  5 1.00903355E-03-2.35236982E-03 1.78088198E-03 0.00000000E+00-2.10823022E-03
 4  6-1.95689508E-03 0.00000000E+00 2.08987508E-03 3.20305272E-04-1.23730403E-03
 4  7 9.16998754E-04 0.00000000E+00-2.24105501E-03 0.00000000E+00-2.35947201E-03
 4  8 1.00903355E-03-2.35236982E-03-1.78088198E-03 0.00000000E+00-2.10823022E-03
 4  9 1.95689508E-03 0.00000000E+00 2.08987508E-03 3.20305272E-04-1.23730403E-03
 4 10 9.16998754E-04 0.00000000E+00 2.24105501E-03 0.00000000E+00
 5  1 0.00000000E+00 0.00000000E+00 0.00000000E+00 0.00000000E+00 9.93349206E-01
 5  2 0.00000000E+00 0.00000000E+00 1.42767668E-02 0.00000000E+00 0.00000000E+00
 5  3 4.56394220E-05 0.00000000E+00 0.00000000E+00 0.00000000E+00 0.00000000E+00
 5  4 0.00000000E+00 0.00000000E+00 3.88987750E-03 0.00000000E+00 3.57203552E-03
 5  5-3.05969160E-03 1.36763876E-03-3.42762689E-03 0.00000000E+00 4.41859480E-03
 5  6 3.09989607E-04 0.00000000E+00-8.76175227E-04-5.73080715E-04 1.77192545E-03
 5  7-1.19884473E-03 0.00000000E+00 2.66868825E-03 0.00000000E+00-3.57203552E-03
 5  8 3.05969160E-03-1.36763876E-03-3.42762689E-03 0.00000000E+00-4.41859480E-03
 5  9 3.09989607E-04 0.00000000E+00 8.76175227E-04 5.73080715E-04-1.77192545E-03
 5 10 1.19884473E-03 0.00000000E+00 2.66868825E-03 0.00000000E+00
 6  1 6.16273453E-03-2.37398283E-02 1.29991818E-03 3.10372960E-03 0.00000000E+00
 6  2 0.00000000E+00 9.93264351E-01 0.00000000E+00 0.00000000E+00 1.44317707E-02
 6  3 0.00000000E+00 0.00000000E+00 4.00591107E-04-1.19120002E-03-2.14550475E-03
 6  4 3.33670477E-03 0.00000000E+00 0.00000000E+00 0.00000000E+00-3.38985306E-03
 6  5 3.54469872E-03-1.93093930E-03 4.10564975E-03 0.00000000E+00-3.56182025E-03
 6  6-1.08254301E-03 0.00000000E+00 1.25097215E-04 7.23765816E-04-1.31922113E-03
 6  7 5.95455316E-04 0.00000000E+00-2.42243187E-03 0.00000000E+00-3.38985306E-03
 6  8 3.54469872E-03-1.93093930E-03-4.10564975E-03 0.00000000E+00-3.56182025E-03
 6  9 1.08254301E-03 0.00000000E+00 1.25097215E-04 7.23765816E-04-1.31922113E-03
 6 10 5.95455316E-04 0.00000000E+00 2.42243187E-03 0.00000000E+00
 7  1 0.00000000E+00 0.00000000E+00 0.00000000E+00 0.00000000E+00 0.00000000E+00
 7  2 9.95644806E-01 0.00000000E+00 0.00000000E+00 1.23921395E-02 0.00000000E+00
 7  3 0.00000000E+00-7.65647803E-04 0.00000000E+00 0.00000000E+00 0.00000000E+00
 7  4 0.00000000E+00 0.00000000E+00 0.00000000E+00 1.81351953E-03 0.00000000E+00
 7  5 0.00000000E+00 0.00000000E+00 0.00000000E+00 1.05734486E-03 0.00000000E+00
 7  6 0.00000000E+00-6.18558179E-04 0.00000000E+00 0.00000000E+00 0.00000000E+00
 7  7 0.00000000E+00 4.63464294E-04 0.00000000E+00-5.93866521E-04 0.00000000E+00
 7  8 0.00000000E+00 0.00000000E+00 0.00000000E+00 1.05734486E-03 0.00000000E+00
 7  9 0.00000000E+00-6.18558179E-04 0.00000000E+00 0.00000000E+00 0.00000000E+00
 7 10 0.00000000E+00-4.63464294E-04 0.00000000E+00-5.93866521E-04
 8  1 6.14871082E-02-2.06908417E-01 2.91379733E-01 6.61880577E-02 0.00000000E+00
 8  2 0.00000000E+00-1.53858515E-01 0.00000000E+00 0.00000000E+00 2.04691930E-01
 8  3 0.00000000E+00 0.00000000E+00-6.75667033E-03 6.46333061E-03-4.63741830E-02
 8  4 3.99108524E-02 0.00000000E+00 0.00000000E+00 0.00000000E+00-1.30706923E-01
 8  5 2.28978750E-01 1.82501738E-01 1.43381752E-01 0.00000000E+00-9.92714367E-02
 8  6 2.15065823E-02 0.00000000E+00-1.74761915E-02 9.39117669E-03-1.38616137E-02
 8  7 4.47043700E-03 0.00000000E+00-2.24444388E-02 0.00000000E+00-1.30706923E-01
 8  8 2.28978750E-01 1.82501738E-01-1.43381752E-01 0.00000000E+00-9.92714367E-02
 8  9-2.15065823E-02 0.00000000E+00-1.74761915E-02 9.39117669E-03-1.38616137E-02
 8 10 4.47043700E-03 0.00000000E+00 2.24444388E-02 0.00000000E+00
 9  1 0.00000000E+00 0.00000000E+00 0.00000000E+00 0.00000000E+00-2.18976662E-01
 9  2 0.00000000E+00 0.00000000E+00 3.41939908E-01 0.00000000E+00 0.00000000E+00
 9  3 2.73742881E-02 0.00000000E+00 0.00000000E+00 0.00000000E+00 0.00000000E+00
 9  4 0.00000000E+00 0.00000000E+00 1.28728515E-01 0.00000000E+00 1.54957069E-01
 9  5-2.72534837E-01-2.72720070E-01-7.01874662E-02 0.00000000E+00 1.54980190E-01
 9  6-1.59091222E-02 0.00000000E+00 2.34740105E-02-3.08074454E-03 1.52868571E-02
 9  7-1.22061126E-02 0.00000000E+00 2.75336515E-02 0.00000000E+00-1.54957069E-01
 9  8 2.72534837E-01 2.72720070E-01-7.01874662E-02 0.00000000E+00-1.54980190E-01
 9  9-1.59091222E-02 0.00000000E+00-2.34740105E-02 3.08074454E-03-1.52868571E-02
 9 10 1.22061126E-02 0.00000000E+00 2.75336515E-02 0.00000000E+00
10  1 4.67511220E-02-1.37570439E-01 2.84113038E-01 3.13293260E-01 0.00000000E+00
10  2 0.00000000E+00 1.44878982E-01 0.00000000E+00 0.00000000E+00-3.05748158E-01
10  3 0.00000000E+00 0.00000000E+00-8.75529339E-02 9.69949942E-02 2.20905549E-02
10  4-1.19085549E-01 0.00000000E+00 0.00000000E+00 0.00000000E+00 2.86559785E-02
10  5-4.25101595E-02-9.36939203E-02-1.72446019E-01 0.00000000E+00-2.46070252E-01
10  6-7.69344848E-02 0.00000000E+00-1.02814810E-01-2.59508053E-02 3.21035912E-03
10  7 2.27404461E-02 0.00000000E+00-6.78529685E-03 0.00000000E+00 2.86559785E-02
10  8-4.25101595E-02-9.36939203E-02 1.72446019E-01 0.00000000E+00-2.46070252E-01
10  9 7.69344848E-02 0.00000000E+00-1.02814810E-01-2.59508053E-02 3.21035912E-03
10 10 2.27404461E-02 0.00000000E+00 6.78529685E-03 0.00000000E+00
11  1 0.00000000E+00 0.00000000E+00 0.00000000E+00 0.00000000E+00 0.00000000E+00
11  2-2.10357189E-01 0.00000000E+00 0.00000000E+00 4.48708095E-01 0.00000000E+00
11  3 0.00000000E+00 1.14400626E-01 0.00000000E+00 0.00000000E+00 0.00000000E+00
11  4 0.00000000E+00 0.00000000E+00 0.00000000E+00 1.08365337E-01 0.00000000E+00
11  5 0.00000000E+00 0.00000000E+00 0.00000000E+00 3.34777589E-01 0.00000000E+00
11  6 0.00000000E+00 1.49039113E-01 0.00000000E+00 0.00000000E+00 0.00000000E+00
11  7 0.00000000E+00 2.58444436E-02 0.00000000E+00-2.04906261E-02 0.00000000E+00
11  8 0.00000000E+00 0.00000000E+00 0.00000000E+00 3.34777589E-01 0.00000000E+00
11  9 0.00000000E+00 1.49039113E-01 0.00000000E+00 0.00000000E+00 0.00000000E+00
11 10 0.00000000E+00-2.58444436E-02 0.00000000E+00-2.04906261E-02
12  1 3.42941287E-02-8.40615010E-02 2.26662783E-01-4.08665022E-02 0.00000000E+00
12  2 0.00000000E+00-7.13642342E-02 0.00000000E+00 0.00000000E+00 1.20348382E-01
12  3 0.00000000E+00 0.00000000E+00-7.31596701E-02-7.15130542E-02 4.99218935E-03
12  4 6.65208648E-02 0.00000000E+00 0.00000000E+00 0.00000000E+00 8.56487184E-02
12  5-1.76357112E-01-3.18356412E-01 3.50641676E-01 0.00000000E+00-1.17837472E-01
12  6 1.77349403E-01 0.00000000E+00-6.48812309E-02 2.03125005E-02-1.42082742E-02
12  7-6.10422635E-03 0.00000000E+00-2.05525235E-02 0.00000000E+00 8.56487184E-02
12  8-1.76357112E-01-3.18356412E-01-3.50641676E-01 0.00000000E+00-1.17837472E-01
12  9-1.77349403E-01 0.00000000E+00-6.48812309E-02 2.03125005E-02-1.42082742E-02
12 10-6.10422635E-03 0.00000000E+00 2.05525235E-02 0.00000000E+00
13  1 0.00000000E+00 0.00000000E+00 0.00000000E+00 0.00000000E+00-1.62277730E-01
13  2 0.00000000E+00 0.00000000E+00 3.19468671E-01 0.00000000E+00 0.00000000E+00
13  3 1.67131571E-02 0.00000000E+00 0.00000000E+00 0.00000000E+00 0.00000000E+00
13  4 0.00000000E+00 0.00000000E+00 3.54636872E-02 0.00000000E+00-7.06589872E-02
13  5 1.52541098E-01 3.09663952E-01-1.84395852E-01 0.00000000E+00 3.62207578E-01
13  6-1.04758898E-01 0.00000000E+00 1.92462003E-01 3.10611364E-04 1.87413950E-02
13  7-1.90520063E-02 0.00000000E+00 2.24368356E-02 0.00000000E+00 7.06589872E-02
13  8-1.52541098E-01-3.09663952E-01-1.84395852E-01 0.00000000E+00-3.62207578E-01
13  9-1.04758898E-01 0.00000000E+00-1.92462003E-01-3.10611364E-04-1.87413950E-02
13 10 1.90520063E-02 0.00000000E+00 2.24368356E-02 0.00000000E+00
14  1 0.00000000E+00 0.00000000E+00 0.00000000E+00 0.00000000E+00 0.00000000E+00
14  2 0.00000000E+00 0.00000000E+00 0.00000000E+00 0.00000000E+00 0.00000000E+00
14  3 0.00000000E+00 0.00000000E+00 0.00000000E+00 0.00000000E+00 0.00000000E+00
14  4 0.00000000E+00-1.83706709E-01 0.00000000E+00 0.00000000E+00 0.00000000E+00
14  5 0.00000000E+00 0.00000000E+00 0.00000000E+00 4.74531756E-01 0.00000000E+00
14  6 0.00000000E+00 3.21730837E-01 0.00000000E+00 0.00000000E+00 0.00000000E+00
14  7 0.00000000E+00 2.07097655E-02 0.00000000E+00-2.85341920E-02 0.00000000E+00
14  8 0.00000000E+00 0.00000000E+00 0.00000000E+00-4.74531756E-01 0.00000000E+00
14  9 0.00000000E+00-3.21730837E-01 0.00000000E+00 0.00000000E+00 0.00000000E+00
14 10 0.00000000E+00 2.07097655E-02 0.00000000E+00 2.85341920E-02
15  1 2.12951403E-02-8.25955246E-02 1.21772400E-01 6.99234604E-01 0.00000000E+00
15  2 0.00000000E+00 1.86817366E-01 0.00000000E+00 0.00000000E+00-3.80679694E-01
15  3 0.00000000E+00 0.00000000E+00-1.88347691E-01-1.46004675E-01 6.29164992E-02
15  4 8.30881759E-02 0.00000000E+00 0.00000000E+00 0.00000000E+00 1.91691026E-02
15  5-3.85620177E-02-9.47219415E-02 4.48485481E-02 0.00000000E+00 3.43521871E-01
15  6 4.39353683E-02 0.00000000E+00 2.43237125E-01 9.84258497E-03 8.89385919E-03
15  7-1.87364442E-02 0.00000000E+00 2.52261197E-02 0.00000000E+00 1.91691026E-02
15  8-3.85620177E-02-9.47219415E-02-4.48485481E-02 0.00000000E+00 3.43521871E-01
15  9-4.39353683E-02 0.00000000E+00 2.43237125E-01 9.84258497E-03 8.89385919E-03
15 10-1.87364442E-02 0.00000000E+00-2.52261197E-02 0.00000000E+00
16  1 0.00000000E+00 0.00000000E+00 0.00000000E+00 0.00000000E+00-4.31495266E-04
16  2 0.00000000E+00 0.00000000E+00 4.82340658E-02 0.00000000E+00 0.00000000E+00
16  3 2.36095285E-01 0.00000000E+00 0.00000000E+00 0.00000000E+00 0.00000000E+00
16  4 0.00000000E+00 0.00000000E+00-1.76366500E-01 0.00000000E+00-4.31730164E-02
16  5 8.04736983E-02 2.20955578E-01 4.77676084E-01 0.00000000E+00 1.42466591E-01
16  6 3.28916194E-01 0.00000000E+00 1.48041383E-01 2.56773600E-02-5.46160671E-03
16  7-2.02157533E-02 0.00000000E+00-3.52239737E-02 0.00000000E+00 4.31730164E-02
16  8-8.04736983E-02-2.20955578E-01 4.77676084E-01 0.00000000E+00-1.42466591E-01
16  9 3.28916194E-01 0.00000000E+00-1.48041383E-01-2.56773600E-02 5.46160671E-03
16 10 2.02157533E-02 0.00000000E+00-3.52239737E-02 0.00000000E+00
17  1 0.00000000E+00 0.00000000E+00 0.00000000E+00 0.00000000E+00 0.00000000E+00
17  2-1.85617015E-01 0.00000000E+00 0.00000000E+00 4.96838712E-01 0.00000000E+00
17  3 0.00000000E+00 8.12473032E-01 0.00000000E+00 0.00000000E+00 0.00000000E+00
17  4 0.00000000E+00 0.00000000E+00 0.00000000E+00-1.91874470E-01 0.00000000E+00
17  5 0.00000000E+00 0.00000000E+00 0.00000000E+00-2.90402528E-01 0.00000000E+00
17  6 0.00000000E+00-3.79570579E-01 0.00000000E+00 0.00000000E+00 0.00000000E+00
17  7 0.00000000E+00-1.36888624E-02 0.00000000E+00-2.92710615E-03 0.00000000E+00
17  8 0.00000000E+00 0.00000000E+00 0.00000000E+00-2.90402528E-01 0.00000000E+00
17  9 0.00000000E+00-3.79570579E-01 0.00000000E+00 0.00000000E+00 0.00000000E+00
17 10 0.00000000E+00 1.36888624E-02 0.00000000E+00-2.92710615E-03
18  1 0.00000000E+00 0.00000000E+00 0.00000000E+00 0.00000000E+00-9.17280326E-02
18  2 0.00000000E+00 0.00000000E+00 2.57839686E-01 0.00000000E+00 0.00000000E+00
18  3 1.30916754E+00 0.00000000E+00 0.00000000E+00 0.00000000E+00 0.00000000E+00
18  4 0.00000000E+00 0.00000000E+00-2.26153034E-01 0.00000000E+00-3.93043344E-02
18  5 2.60067424E-02 4.67221456E-01-1.89661785E-01 0.00000000E+00-2.59352760E-01
18  6-3.42667761E-01 0.00000000E+00-3.22337916E-01-2.75473309E-03-8.48261447E-03
18  7 1.12373476E-02 0.00000000E+00-9.56038507E-03 0.00000000E+00 3.93043344E-02
18  8-2.60067424E-02-4.67221456E-01-1.89661785E-01 0.00000000E+00 2.59352760E-01
18  9-3.42667761E-01 0.00000000E+00 3.22337916E-01 2.75473309E-03 8.48261447E-03
18 10-1.12373476E-02 0.00000000E+00-9.56038507E-03 0.00000000E+00
19  1 5.42874819E-03-1.21748658E-01-8.54193387E-02 1.72294148E+00 0.00000000E+00
19  2 0.00000000E+00-1.80998230E-02 0.00000000E+00 0.00000000E+00 1.23066748E-01
19  3 0.00000000E+00 0.00000000E+00 1.51779632E+00-1.00569479E-01 2.86718080E-01
19  4-1.86148601E-01 0.00000000E+00 0.00000000E+00 0.00000000E+00 6.82014474E-02
19  5-5.75722588E-02-1.10161885E+00-4.68098731E-02 0.00000000E+00 2.62818604E-02
19  6-1.73040694E-01 0.00000000E+00 1.25936054E-02-2.02482604E-02 2.93635349E-02
19  7-9.11527445E-03 0.00000000E+00 6.50887688E-03 0.00000000E+00 6.82014474E-02
19  8-5.75722588E-02-1.10161885E+00 4.68098731E-02 0.00000000E+00 2.62818604E-02
19  9 1.73040694E-01 0.00000000E+00 1.25936054E-02-2.02482604E-02 2.93635349E-02
19 10-9.11527445E-03 0.00000000E+00-6.50887688E-03 0.00000000E+00
20  1 0.00000000E+00 0.00000000E+00 0.00000000E+00 0.00000000E+00 0.00000000E+00
20  2-3.03014807E-01 0.00000000E+00 0.00000000E+00 1.13705366E+00 0.00000000E+00
20  3 0.00000000E+00-1.09822276E+00 0.00000000E+00 0.00000000E+00 0.00000000E+00
20  4 0.00000000E+00 0.00000000E+00 0.00000000E+00 2.45612151E-02 0.00000000E+00
20  5 0.00000000E+00 0.00000000E+00 0.00000000E+00-2.94835895E-02 0.00000000E+00
20  6 0.00000000E+00-4.85922717E-02 0.00000000E+00 0.00000000E+00 0.00000000E+00
20  7 0.00000000E+00 2.89951337E-02 0.00000000E+00-2.85517686E-02 0.00000000E+00
20  8 0.00000000E+00 0.00000000E+00 0.00000000E+00-2.94835895E-02 0.00000000E+00
20  9 0.00000000E+00-4.85922717E-02 0.00000000E+00 0.00000000E+00 0.00000000E+00
20 10 0.00000000E+00-2.89951337E-02 0.00000000E+00-2.85517686E-02
21  1-7.24935747E-02-1.86039416E-01-1.01789113E+00 1.72891145E+00 0.00000000E+00
21  2 0.00000000E+00-2.36080274E-01 0.00000000E+00 0.00000000E+00 9.82540347E-01
21  3 0.00000000E+00 0.00000000E+00-5.54514414E-01-1.33090050E-01 2.04857623E-01
21  4-7.17675731E-02 0.00000000E+00 0.00000000E+00 0.00000000E+00 1.70367468E-02
21  5-3.92348355E-02-3.24945636E-01 2.48976769E-02 0.00000000E+00-3.00521435E-02
21  6-2.07565304E-01 0.00000000E+00 1.25885113E-01 9.46775585E-03 2.25895055E-02
21  7-3.20572613E-02 0.00000000E+00 1.22003497E-02 0.00000000E+00 1.70367468E-02
21  8-3.92348355E-02-3.24945636E-01-2.48976769E-02 0.00000000E+00-3.00521435E-02
21  9 2.07565304E-01 0.00000000E+00 1.25885113E-01 9.46775585E-03 2.25895055E-02
21 10-3.20572613E-02 0.00000000E+00-1.22003497E-02 0.00000000E+00
22  1 0.00000000E+00 0.00000000E+00 0.00000000E+00 0.00000000E+00 1.62296965E-01
22  2 0.00000000E+00 0.00000000E+00-3.81997740E-01 0.00000000E+00 0.00000000E+00
22  3 1.12756150E+00 0.00000000E+00 0.00000000E+00 0.00000000E+00 0.00000000E+00
22  4 0.00000000E+00 0.00000000E+00 6.79055175E-01 0.00000000E+00-1.70592218E-02
22  5-3.13633777E-02 1.07141740E+00-1.82111492E-01 0.00000000E+00 1.83657589E-01
22  6 5.48245949E-01 0.00000000E+00-3.51546039E-01-9.39318713E-03-2.42239314E-02
22  7 3.36171185E-02 0.00000000E+00-1.86610496E-02 0.00000000E+00 1.70592218E-02
22  8 3.13633777E-02-1.07141740E+00-1.82111492E-01 0.00000000E+00-1.83657589E-01
22  9 5.48245949E-01 0.00000000E+00 3.51546039E-01 9.39318713E-03 2.42239314E-02
22 10-3.36171185E-02 0.00000000E+00-1.86610496E-02 0.00000000E+00
23  1-8.56247345E-03 1.29243118E-01 7.01259003E-02 2.21010191E+00 0.00000000E+00
23  2 0.00000000E+00-1.07823657E-02 0.00000000E+00 0.00000000E+00 3.20676262E-01
23  3 0.00000000E+00 0.00000000E+00 7.01286382E-01 4.49909195E-01-6.90739803E-01
23  4 2.40830609E-01 0.00000000E+00 0.00000000E+00 0.00000000E+00 3.73519986E-02
23  5-2.27142369E-02-1.24800518E+00 1.86465521E-01 0.00000000E+00-2.51197186E-01
23  6-5.04864721E-01 0.00000000E+00 7.11124290E-01-6.16795865E-04-6.99611894E-03
23  7 7.61291480E-03 0.00000000E+00 5.09553843E-02 0.00000000E+00 3.73519986E-02
23  8-2.27142369E-02-1.24800518E+00-1.86465521E-01 0.00000000E+00-2.51197186E-01
23  9 5.04864721E-01 0.00000000E+00 7.11124290E-01-6.16795865E-04-6.99611894E-03
23 10 7.61291480E-03 0.00000000E+00-5.09553843E-02 0.00000000E+00
24  1 0.00000000E+00 0.00000000E+00 0.00000000E+00 0.00000000E+00-2.37846598E-01
24  2 0.00000000E+00 0.00000000E+00 1.32214795E+00 0.00000000E+00 0.00000000E+00
24  3-4.58244629E-01 0.00000000E+00 0.00000000E+00 0.00000000E+00 0.00000000E+00
24  4 0.00000000E+00 0.00000000E+00-5.30492151E-02 0.00000000E+00-6.16710184E-02
24  5 6.69428912E-02 9.18258209E-01-1.14138116E-01 0.00000000E+00 1.33246613E-01
24  6 1.08613944E+00 0.00000000E+00-8.97511965E-01 2.95648890E-02-5.82143121E-03
24  7-2.37434578E-02 0.00000000E+00-1.91779394E-02 0.00000000E+00 6.16710184E-02
24  8-6.69428912E-02-9.18258209E-01-1.14138116E-01 0.00000000E+00-1.33246613E-01
24  9 1.08613944E+00 0.00000000E+00 8.97511965E-01-2.95648890E-02 5.82143121E-03
24 10 2.37434578E-02 0.00000000E+00-1.91779394E-02 0.00000000E+00
25  1-4.17961519E-02-2.16888119E-01-7.31248004E-01-2.99576383E-02 0.00000000E+00
25  2 0.00000000E+00 3.55025152E-02 0.00000000E+00 0.00000000E+00-2.95056468E-01
25  3 0.00000000E+00 0.00000000E+00-5.07886982E-01 6.46586031E-01 2.27078019E-02
25  4-6.69293833E-01 0.00000000E+00 0.00000000E+00 0.00000000E+00-1.54447093E-02
25  5 1.85407162E-02 2.65983999E-01-1.69512349E-01 0.00000000E+00-1.19734653E-01
25  6 7.91705205E-01 0.00000000E+00 2.10199369E-01-3.43972500E-02 3.10712304E-03
25  7 3.12901270E-02 0.00000000E+00 6.77186494E-03 0.00000000E+00-1.54447093E-02
25  8 1.85407162E-02 2.65983999E-01 1.69512349E-01 0.00000000E+00-1.19734653E-01
25  9-7.91705205E-01 0.00000000E+00 2.10199369E-01-3.43972500E-02 3.10712304E-03
25 10 3.12901270E-02 0.00000000E+00-6.77186494E-03 0.00000000E+00
26  1 0.00000000E+00 0.00000000E+00 0.00000000E+00 0.00000000E+00 0.00000000E+00
26  2 0.00000000E+00 0.00000000E+00 0.00000000E+00 0.00000000E+00 0.00000000E+00
26  3 0.00000000E+00 0.00000000E+00 0.00000000E+00 0.00000000E+00 0.00000000E+00
26  4 0.00000000E+00 1.06287320E+00 0.00000000E+00 0.00000000E+00 0.00000000E+00
26  5 0.00000000E+00 0.00000000E+00 0.00000000E+00 8.50309183E-02 0.00000000E+00
26  6 0.00000000E+00 6.02130644E-01 0.00000000E+00 0.00000000E+00 0.00000000E+00
26  7 0.00000000E+00-1.84687143E-03 0.00000000E+00 4.81895763E-02 0.00000000E+00
26  8 0.00000000E+00 0.00000000E+00 0.00000000E+00-8.50309183E-02 0.00000000E+00
26  9 0.00000000E+00-6.02130644E-01 0.00000000E+00 0.00000000E+00 0.00000000E+00
26 10 0.00000000E+00-1.84687143E-03 0.00000000E+00-4.81895763E-02
27  1 8.68321458E-02 5.26928736E-01 1.60846159E+00-7.00667228E-01 0.00000000E+00
27  2 0.00000000E+00-1.19901385E-01 0.00000000E+00 0.00000000E+00 6.26247882E-01
27  3 0.00000000E+00 0.00000000E+00-8.83105862E-01-1.09476284E-01 4.86759236E-01
27  4-3.77282952E-01 0.00000000E+00 0.00000000E+00 0.00000000E+00 2.91254019E-02
27  5 4.42520152E-02-2.97192682E-02-9.96749524E-02 0.00000000E+00-2.09194719E-01
27  6-3.14054091E-01 0.00000000E+00 9.07177045E-01-4.18172663E-03 8.49274763E-03
27  7-4.31102099E-03 0.00000000E+00-3.33750047E-02 0.00000000E+00 2.91254019E-02
27  8 4.42520152E-02-2.97192682E-02 9.96749524E-02 0.00000000E+00-2.09194719E-01
27  9 3.14054091E-01 0.00000000E+00 9.07177045E-01-4.18172663E-03 8.49274763E-03
27 10-4.31102099E-03 0.00000000E+00 3.33750047E-02 0.00000000E+00
28  1 0.00000000E+00 0.00000000E+00 0.00000000E+00 0.00000000E+00 0.00000000E+00
28  2 3.90732302E-03 0.00000000E+00 0.00000000E+00 2.75596165E-02 0.00000000E+00
28  3 0.00000000E+00 9.34850210E-01 0.00000000E+00 0.00000000E+00 0.00000000E+00
28  4 0.00000000E+00 0.00000000E+00 0.00000000E+00 1.04599902E+00 0.00000000E+00
28  5 0.00000000E+00 0.00000000E+00 0.00000000E+00-3.07465923E-03 0.00000000E+00
28  6 0.00000000E+00-7.73743635E-01 0.00000000E+00 0.00000000E+00 0.00000000E+00
28  7 0.00000000E+00 4.67352509E-02 0.00000000E+00 2.19500965E-03 0.00000000E+00
28  8 0.00000000E+00 0.00000000E+00 0.00000000E+00-3.07465923E-03 0.00000000E+00
28  9 0.00000000E+00-7.73743635E-01 0.00000000E+00 0.00000000E+00 0.00000000E+00
28 10 0.00000000E+00-4.67352509E-02 0.00000000E+00 2.19500965E-03
29  1 0.00000000E+00 0.00000000E+00 0.00000000E+00 0.00000000E+00 0.00000000E+00
29  2 0.00000000E+00 0.00000000E+00 0.00000000E+00 0.00000000E+00 0.00000000E+00
29  3 0.00000000E+00 0.00000000E+00 0.00000000E+00 0.00000000E+00 0.00000000E+00
29  4 0.00000000E+00-2.00440557E-01 0.00000000E+00 0.00000000E+00 0.00000000E+00
29  5 0.00000000E+00 0.00000000E+00 0.00000000E+00-6.56308326E-01 0.00000000E+00
29  6 0.00000000E+00 8.12222376E-01 0.00000000E+00 0.00000000E+00 0.00000000E+00
29  7 0.00000000E+00-4.16531240E-02 0.00000000E+00-1.21424814E-02 0.00000000E+00
29  8 0.00000000E+00 0.00000000E+00 0.00000000E+00 6.56308326E-01 0.00000000E+00
29  9 0.00000000E+00-8.12222376E-01 0.00000000E+00 0.00000000E+00 0.00000000E+00
29 10 0.00000000E+00-4.16531240E-02 0.00000000E+00 1.21424814E-02
30  1 0.00000000E+00 0.00000000E+00 0.00000000E+00 0.00000000E+00 0.00000000E+00
30  2-5.30677948E-02 0.00000000E+00 0.00000000E+00 9.94410923E-02 0.00000000E+00
30  3 0.00000000E+00-5.95577791E-01 0.00000000E+00 0.00000000E+00 0.00000000E+00
30  4 0.00000000E+00 0.00000000E+00 0.00000000E+00 2.93575068E-01 0.00000000E+00
30  5 0.00000000E+00 0.00000000E+00 0.00000000E+00-6.97307818E-01 0.00000000E+00
30  6 0.00000000E+00 7.18007049E-01 0.00000000E+00 0.00000000E+00 0.00000000E+00
30  7 0.00000000E+00 4.99618286E-02 0.00000000E+00 2.82587921E-02 0.00000000E+00
30  8 0.00000000E+00 0.00000000E+00 0.00000000E+00-6.97307818E-01 0.00000000E+00
30  9 0.00000000E+00 7.18007049E-01 0.00000000E+00 0.00000000E+00 0.00000000E+00
30 10 0.00000000E+00-4.99618286E-02 0.00000000E+00 2.82587921E-02
31  1 0.00000000E+00 0.00000000E+00 0.00000000E+00 0.00000000E+00 1.49966046E-02
31  2 0.00000000E+00 0.00000000E+00-1.30471159E-02 0.00000000E+00 0.00000000E+00
31  3 1.21522699E+00 0.00000000E+00 0.00000000E+00 0.00000000E+00 0.00000000E+00
31  4 0.00000000E+00 0.00000000E+00 1.79252303E-01 0.00000000E+00 1.15171347E-02
31  5 2.70281841E-02 5.99993390E-02 4.41109535E-01 0.00000000E+00 3.95952411E-01
31  6-1.18837896E+00 0.00000000E+00-9.48566508E-01 1.87237276E-02-8.49529615E-03
31  7-1.02284314E-02 0.00000000E+00 2.14601996E-02 0.00000000E+00-1.15171347E-02
31  8-2.70281841E-02-5.99993390E-02 4.41109535E-01 0.00000000E+00-3.95952411E-01
31  9-1.18837896E+00 0.00000000E+00 9.48566508E-01-1.87237276E-02 8.49529615E-03
31 10 1.02284314E-02 0.00000000E+00 2.14601996E-02 0.00000000E+00
32  1-3.29159928E-02-1.37500119E-01-5.39848394E-01 3.73859122E-01 0.00000000E+00
32  2 0.00000000E+00 3.89485860E-02 0.00000000E+00 0.00000000E+00-2.27272907E-01
32  3 0.00000000E+00 0.00000000E+00 2.82896667E-01-7.25833784E-01-1.05773828E-03
32  4 7.26891522E-01 0.00000000E+00 0.00000000E+00 0.00000000E+00-1.38646353E-02
32  5 1.64329121E-01-1.95133065E-01-4.00347618E-01 0.00000000E+00-4.92594816E-01
32  6 2.79887228E-01 0.00000000E+00-1.48503297E-02-1.78555042E-02 5.74176858E-02
32  7-3.95621816E-02 0.00000000E+00-1.32858516E-02 0.00000000E+00-1.38646353E-02
32  8 1.64329121E-01-1.95133065E-01 4.00347618E-01 0.00000000E+00-4.92594816E-01
32  9-2.79887228E-01 0.00000000E+00-1.48503297E-02-1.78555042E-02 5.74176858E-02
32 10-3.95621816E-02 0.00000000E+00 1.32858516E-02 0.00000000E+00
33  1 1.65479397E-02-1.41317426E-02 1.69977274E-01 2.69231097E+00 0.00000000E+00
33  2 0.00000000E+00-1.40682680E-01 0.00000000E+00 0.00000000E+00 8.34068359E-01
33  3 0.00000000E+00 0.00000000E+00 1.07146210E+00 2.36111307E-01-5.10608274E-01
33  4 2.74496968E-01 0.00000000E+00 0.00000000E+00 0.00000000E+00 1.80168541E-03
33  5 8.82824146E-01-2.54518911E+00-2.61076851E-01 0.00000000E+00 2.97819946E-01
33  6-2.43675520E-01 0.00000000E+00 2.39021166E-01-7.98742969E-02 3.21860289E-02
33  7 4.76882679E-02 0.00000000E+00-2.61082183E-01 0.00000000E+00 1.80168541E-03
33  8 8.82824146E-01-2.54518911E+00 2.61076851E-01 0.00000000E+00 2.97819946E-01
33  9 2.43675520E-01 0.00000000E+00 2.39021166E-01-7.98742969E-02 3.21860289E-02
33 10 4.76882679E-02 0.00000000E+00 2.61082183E-01 0.00000000E+00
34  1 0.00000000E+00 0.00000000E+00 0.00000000E+00 0.00000000E+00-1.08653733E-01
34  2 0.00000000E+00 0.00000000E+00 7.57361458E-01 0.00000000E+00 0.00000000E+00
34  3 6.99093026E-01 0.00000000E+00 0.00000000E+00 0.00000000E+00 0.00000000E+00
34  4 0.00000000E+00 0.00000000E+00 3.39982003E-01 0.00000000E+00-8.40818135E-03
34  5-1.05862843E+00 2.39817383E+00 2.09314112E-01 0.00000000E+00-2.09530528E-01
34  6 5.47367888E-01 0.00000000E+00-3.58666532E-01-1.48235732E-01 2.42887002E-01
34  7-9.46512705E-02 0.00000000E+00 7.57035552E-02 0.00000000E+00 8.40818135E-03
34  8 1.05862843E+00-2.39817383E+00 2.09314112E-01 0.00000000E+00 2.09530528E-01
34  9 5.47367888E-01 0.00000000E+00 3.58666532E-01 1.48235732E-01-2.42887002E-01
34 10 9.46512705E-02 0.00000000E+00 7.57035552E-02 0.00000000E+00
35  1 4.61157378E-02-6.25634650E-02 4.81149181E-01 3.45513929E-01 0.00000000E+00
35  2 0.00000000E+00-1.87403243E-01 0.00000000E+00 0.00000000E+00 7.42864410E-01
35  3 0.00000000E+00 0.00000000E+00 4.64415370E-02 4.09963284E-01-5.39319340E-01
35  4 1.29356056E-01 0.00000000E+00 0.00000000E+00 0.00000000E+00 3.17879725E-02
35  5-5.78480381E-01-2.11969549E-01-5.37064589E-01 0.00000000E+00 2.75118416E-01
35  6 1.66644688E-01 0.00000000E+00 2.71370623E-02 3.70063818E-01-2.71689685E-01
35  7-9.83741329E-02 0.00000000E+00 5.17007659E-02 0.00000000E+00 3.17879725E-02
35  8-5.78480381E-01-2.11969549E-01 5.37064589E-01 0.00000000E+00 2.75118416E-01
35  9-1.66644688E-01 0.00000000E+00 2.71370623E-02 3.70063818E-01-2.71689685E-01
35 10-9.83741329E-02 0.00000000E+00-5.17007659E-02 0.00000000E+00
36  1 0.00000000E+00 0.00000000E+00 0.00000000E+00 0.00000000E+00 0.00000000E+00
36  2 2.83255116E-03 0.00000000E+00 0.00000000E+00-2.67417057E-03 0.00000000E+00
36  3 0.00000000E+00 5.69105246E-02 0.00000000E+00 0.00000000E+00 0.00000000E+00
36  4 0.00000000E+00 0.00000000E+00 0.00000000E+00-2.56648921E-01 0.00000000E+00
36  5 0.00000000E+00 0.00000000E+00 0.00000000E+00 9.38339321E-02 0.00000000E+00
36  6 0.00000000E+00-7.26867855E-02 0.00000000E+00 0.00000000E+00 0.00000000E+00
36  7 0.00000000E+00 4.89693014E-01 0.00000000E+00 4.96091514E-01 0.00000000E+00
36  8 0.00000000E+00 0.00000000E+00 0.00000000E+00 9.38339321E-02 0.00000000E+00
36  9 0.00000000E+00-7.26867855E-02 0.00000000E+00 0.00000000E+00 0.00000000E+00
36 10 0.00000000E+00-4.89693014E-01 0.00000000E+00 4.96091514E-01
37  1 0.00000000E+00 0.00000000E+00 0.00000000E+00 0.00000000E+00-2.31272640E-01
37  2 0.00000000E+00 0.00000000E+00 9.80637618E-01 0.00000000E+00 0.00000000E+00
37  3 1.04802694E-01 0.00000000E+00 0.00000000E+00 0.00000000E+00 0.00000000E+00
37  4 0.00000000E+00 0.00000000E+00 1.28567941E+00 0.00000000E+00 3.76199534E-03
37  5 7.33069195E-01 3.88135439E-01 3.83938841E-01 0.00000000E+00-5.76692236E-01
37  6 1.08244114E-01 0.00000000E+00 1.17876566E-01 1.78927219E-01-5.01709525E-02
37  7-1.28756267E-01 0.00000000E+00 1.95250895E-01 0.00000000E+00-3.76199534E-03
37  8-7.33069195E-01-3.88135439E-01 3.83938841E-01 0.00000000E+00 5.76692236E-01
37  9 1.08244114E-01 0.00000000E+00-1.17876566E-01-1.78927219E-01 5.01709525E-02
37 10 1.28756267E-01 0.00000000E+00 1.95250895E-01 0.00000000E+00
38  1 1.64906683E-02-1.07508782E-01 6.95264681E-02-1.02930242E+00 0.00000000E+00
38  2 0.00000000E+00-7.92399979E-02 0.00000000E+00 0.00000000E+00 1.77776493E-01
38  3 0.00000000E+00 0.00000000E+00-4.73030923E-01 1.46257826E-01-4.60217659E-01
38  4 3.13959834E-01 0.00000000E+00 0.00000000E+00 0.00000000E+00-5.96656364E-03
38  5-8.37710279E-01 1.12587344E+00-1.87024109E-01 0.00000000E+00 1.02024768E-01
38  6 2.22694353E-01 0.00000000E+00-1.97424807E-01-3.24018412E-01 4.88858434E-01
38  7-1.64840022E-01 0.00000000E+00-3.33239888E-01 0.00000000E+00-5.96656364E-03
38  8-8.37710279E-01 1.12587344E+00 1.87024109E-01 0.00000000E+00 1.02024768E-01
38  9-2.22694353E-01 0.00000000E+00-1.97424807E-01-3.24018412E-01 4.88858434E-01
38 10-1.64840022E-01 0.00000000E+00 3.33239888E-01 0.00000000E+00
39  1 0.00000000E+00 0.00000000E+00 0.00000000E+00 0.00000000E+00-5.53408185E-02
39  2 0.00000000E+00 0.00000000E+00 3.16203900E-01 0.00000000E+00 0.00000000E+00
39  3 4.56447464E-02 0.00000000E+00 0.00000000E+00 0.00000000E+00 0.00000000E+00
39  4 0.00000000E+00 0.00000000E+00-1.65622566E-01 0.00000000E+00-8.69154111E-03
39  5-2.33239561E-01 3.99173999E-01 1.99710575E-02 0.00000000E+00-3.37295398E-03
39  6 9.39900409E-02 0.00000000E+00-8.70625992E-02-1.57313562E-01-4.47580587E-01
39  7 6.04894148E-01 0.00000000E+00 3.68092421E-01 0.00000000E+00 8.69154111E-03
39  8 2.33239561E-01-3.99173999E-01 1.99710575E-02 0.00000000E+00 3.37295398E-03
39  9 9.39900409E-02 0.00000000E+00 8.70625992E-02 1.57313562E-01 4.47580587E-01
39 10-6.04894148E-01 0.00000000E+00 3.68092421E-01 0.00000000E+00
40  1 0.00000000E+00 0.00000000E+00 0.00000000E+00 0.00000000E+00 0.00000000E+00
40  2 0.00000000E+00 0.00000000E+00 0.00000000E+00 0.00000000E+00 0.00000000E+00
40  3 0.00000000E+00 0.00000000E+00 0.00000000E+00 0.00000000E+00 0.00000000E+00
40  4 0.00000000E+00-2.33235538E-01 0.00000000E+00 0.00000000E+00 0.00000000E+00
40  5 0.00000000E+00 0.00000000E+00 0.00000000E+00-8.12584112E-02 0.00000000E+00
40  6 0.00000000E+00 7.28601997E-02 0.00000000E+00 0.00000000E+00 0.00000000E+00
40  7 0.00000000E+00 5.37872080E-01 0.00000000E+00 5.09965145E-01 0.00000000E+00
40  8 0.00000000E+00 0.00000000E+00 0.00000000E+00 8.12584112E-02 0.00000000E+00
40  9 0.00000000E+00-7.28601997E-02 0.00000000E+00 0.00000000E+00 0.00000000E+00
40 10 0.00000000E+00 5.37872080E-01 0.00000000E+00-5.09965145E-01
41  1 0.00000000E+00 0.00000000E+00 0.00000000E+00 0.00000000E+00 0.00000000E+00
41  2 0.00000000E+00 0.00000000E+00 0.00000000E+00 0.00000000E+00 0.00000000E+00
41  3 0.00000000E+00 0.00000000E+00 0.00000000E+00 0.00000000E+00 0.00000000E+00
41  4 0.00000000E+00 7.23208046E-01 0.00000000E+00 0.00000000E+00 0.00000000E+00
41  5 0.00000000E+00 0.00000000E+00 0.00000000E+00 3.05913001E-03 0.00000000E+00
41  6 0.00000000E+00 3.89486126E-01 0.00000000E+00 0.00000000E+00 0.00000000E+00
41  7 0.00000000E+00 5.72581147E-01 0.00000000E+00-6.24969051E-01 0.00000000E+00
41  8 0.00000000E+00 0.00000000E+00 0.00000000E+00-3.05913001E-03 0.00000000E+00
41  9 0.00000000E+00-3.89486126E-01 0.00000000E+00 0.00000000E+00 0.00000000E+00
41 10 0.00000000E+00 5.72581147E-01 0.00000000E+00 6.24969051E-01
42  1 0.00000000E+00 0.00000000E+00 0.00000000E+00 0.00000000E+00 0.00000000E+00
42  2-1.21861444E-01 0.00000000E+00 0.00000000E+00 8.17080515E-01 0.00000000E+00
42  3 0.00000000E+00 2.08400982E-01 0.00000000E+00 0.00000000E+00 0.00000000E+00
42  4 0.00000000E+00 0.00000000E+00 0.00000000E+00 7.90461616E-01 0.00000000E+00
42  5 0.00000000E+00 0.00000000E+00 0.00000000E+00-9.62432343E-02 0.00000000E+00
42  6 0.00000000E+00-3.95570313E-01 0.00000000E+00 0.00000000E+00 0.00000000E+00
42  7 0.00000000E+00-6.47166481E-01 0.00000000E+00 6.15359553E-01 0.00000000E+00
42  8 0.00000000E+00 0.00000000E+00 0.00000000E+00-9.62432343E-02 0.00000000E+00
42  9 0.00000000E+00-3.95570313E-01 0.00000000E+00 0.00000000E+00 0.00000000E+00
42 10 0.00000000E+00 6.47166481E-01 0.00000000E+00 6.15359553E-01
43  1 0.00000000E+00 0.00000000E+00 0.00000000E+00 0.00000000E+00-7.16851366E-02
43  2 0.00000000E+00 0.00000000E+00 1.76341030E+00 0.00000000E+00 0.00000000E+00
43  3 2.83392187E-01 0.00000000E+00 0.00000000E+00 0.00000000E+00 0.00000000E+00
43  4 0.00000000E+00 0.00000000E+00 7.64734716E-01 0.00000000E+00-3.89747777E-02
43  5-5.53072941E-01 2.64334782E+00 2.78167727E-01 0.00000000E+00-3.12305280E-01
43  6 1.11297946E+00 0.00000000E+00-7.09118367E-01 4.56209619E-01-5.99297317E-01
43  7 1.43087698E-01 0.00000000E+00-6.44637860E-01 0.00000000E+00 3.89747777E-02
43  8 5.53072941E-01-2.64334782E+00 2.78167727E-01 0.00000000E+00 3.12305280E-01
43  9 1.11297946E+00 0.00000000E+00 7.09118367E-01-4.56209619E-01 5.99297317E-01
43 10-1.43087698E-01 0.00000000E+00-6.44637860E-01 0.00000000E+00
44  1-3.01818667E-02-4.80318023E-01-9.99901450E-01-7.04242292E-01 0.00000000E+00
44  2 0.00000000E+00-9.42471852E-02 0.00000000E+00 0.00000000E+00-1.09734054E-01
44  3 0.00000000E+00 0.00000000E+00-3.40762963E-03-9.26709108E-01 1.07498622E-01
44  4 8.19210487E-01 0.00000000E+00 0.00000000E+00 0.00000000E+00-2.13313234E-02
44  5-4.84947007E-01 1.12225849E+00-1.01285111E-01 0.00000000E+00-1.48741589E-01
44  6 1.86279231E-01 0.00000000E+00-6.57441533E-01-4.47052043E-01-4.21093531E-01
44  7 8.68145574E-01 0.00000000E+00-2.60293075E-01 0.00000000E+00-2.13313234E-02
44  8-4.84947007E-01 1.12225849E+00 1.01285111E-01 0.00000000E+00-1.48741589E-01
44  9-1.86279231E-01 0.00000000E+00-6.57441533E-01-4.47052043E-01-4.21093531E-01
44 10 8.68145574E-01 0.00000000E+00 2.60293075E-01 0.00000000E+00
45  1 8.90213330E-02 8.63676063E-01 2.26030011E+00 1.32860036E+00 0.00000000E+00
45  2 0.00000000E+00-1.40643788E-01 0.00000000E+00 0.00000000E+00 2.11830119E+00
45  3 0.00000000E+00 0.00000000E+00 3.00304873E-01-1.89210781E-01-5.41803107E-01
45  4 7.31013888E-01 0.00000000E+00 0.00000000E+00 0.00000000E+00 3.33459193E-02
45  5 9.05433240E-02-1.92144716E+00-4.77758342E-01 0.00000000E+00 3.35389846E-01
45  6-7.79281372E-01 0.00000000E+00 5.56845634E-01-5.58224631E-01 3.72175791E-01
45  7 1.86048840E-01 0.00000000E+00 7.97841234E-01 0.00000000E+00 3.33459193E-02
45  8 9.05433240E-02-1.92144716E+00 4.77758342E-01 0.00000000E+00 3.35389846E-01
45  9 7.79281372E-01 0.00000000E+00 5.56845634E-01-5.58224631E-01 3.72175791E-01
45 10 1.86048840E-01 0.00000000E+00-7.97841234E-01 0.00000000E+00
46  1 0.00000000E+00 0.00000000E+00 0.00000000E+00 0.00000000E+00-1.65867942E-01
46  2 0.00000000E+00 0.00000000E+00 1.33327072E+00 0.00000000E+00 0.00000000E+00
46  3 3.69269249E-01 0.00000000E+00 0.00000000E+00 0.00000000E+00 0.00000000E+00
46  4 0.00000000E+00 0.00000000E+00 8.89347109E-01 0.00000000E+00 2.54179575E-02
46  5 6.07798786E-01 1.85727491E-01 2.89258802E-01 0.00000000E+00-2.96884175E-01
46  6-4.02859094E-01 0.00000000E+00-5.20480440E-01-7.27621067E-01 2.11109232E-01
46  7 5.16511834E-01 0.00000000E+00-4.74539989E-01 0.00000000E+00-2.54179575E-02
46  8-6.07798786E-01-1.85727491E-01 2.89258802E-01 0.00000000E+00 2.96884175E-01
46  9-4.02859094E-01 0.00000000E+00 5.20480440E-01 7.27621067E-01-2.11109232E-01
46 10-5.16511834E-01 0.00000000E+00-4.74539989E-01 0.00000000E+00
 $END   
 POPULATION ANALYSIS
S           15.52310   0.47690  15.33092   0.66908
O            8.23845  -0.23845   8.33454  -0.33454
O            8.23845  -0.23845   8.33454  -0.33454
 MOMENTS AT POINT    1 X,Y,Z=  0.000000  0.000000  0.000000
 DIPOLE       0.000000  0.000000 -1.625821
