 $DATA  
Title                                                                           
CNV      2

S          16.0      0.0000000000      0.0000000000     -0.1042178200
   PC1     0
        
O           8.0      1.1817693036      0.0000000000      0.1041599932
   PC1     0
        
 $END      
 $ZMAT   IZMAT(1)=
         1,   3,   1,
         1,   2,   1,
         2,   2,   1,   3,
 $END
--- CLOSED SHELL ORBITALS --- GENERATED AT Thu Feb 26 00:13:33 2015
Title                                                                           
E(R-PBE)=     -547.8597478584, E(NUC)=  127.2202308054,   23 ITERS
 $VEC   
 1  1 1.00299609E+00-1.01404732E-02 2.23109876E-03-5.50595797E-05 0.00000000E+00
 1  2 0.00000000E+00 5.43208295E-05 0.00000000E+00 0.00000000E+00 1.07796957E-04
 1  3 0.00000000E+00 0.00000000E+00 3.36584605E-05 5.13862871E-04-2.61568017E-04
 1  4-2.52294854E-04 0.00000000E+00 0.00000000E+00 0.00000000E+00 8.93366658E-06
 1  5-5.37559340E-05-6.52646628E-04-2.35594887E-04 0.00000000E+00 5.65175549E-05
 1  6-4.34042863E-04 0.00000000E+00 1.00740803E-04-1.22559653E-04 7.13190700E-05
 1  7 5.12405831E-05 0.00000000E+00 7.49094571E-05 0.00000000E+00 8.93366658E-06
 1  8-5.37559340E-05-6.52646628E-04 2.35594887E-04 0.00000000E+00 5.65175549E-05
 1  9 4.34042863E-04 0.00000000E+00 1.00740803E-04-1.22559653E-04 7.13190700E-05
 1 10 5.12405831E-05 0.00000000E+00-7.49094571E-05 0.00000000E+00
 2  1-8.19435160E-05 7.58018113E-04-4.96627616E-04 8.49892195E-03 0.00000000E+00
 2  2 0.00000000E+00 1.22067711E-05 0.00000000E+00 0.00000000E+00 1.36670556E-04
 2  3 0.00000000E+00 0.00000000E+00 1.93214122E-03-3.22392447E-03 1.53687138E-03
 2  4 1.68705309E-03 0.00000000E+00 0.00000000E+00 0.00000000E+00 7.03202769E-01
 2  5 2.73474319E-02-1.23424441E-02 2.33032232E-03 0.00000000E+00-2.33553341E-04
 2  6-3.40576751E-03 0.00000000E+00-5.21293880E-04 1.51525572E-04-1.45898575E-04
 2  7-5.62699707E-06 0.00000000E+00-4.51088006E-04 0.00000000E+00 7.03202769E-01
 2  8 2.73474319E-02-1.23424441E-02-2.33032232E-03 0.00000000E+00-2.33553341E-04
 2  9 3.40576751E-03 0.00000000E+00-5.21293880E-04 1.51525572E-04-1.45898575E-04
 2 10-5.62699707E-06 0.00000000E+00 4.51088006E-04 0.00000000E+00
 3  1 0.00000000E+00 0.00000000E+00 0.00000000E+00 0.00000000E+00-2.54156576E-04
 3  2 0.00000000E+00 0.00000000E+00 5.22971586E-04 0.00000000E+00 0.00000000E+00
 3  3-8.84492097E-03 0.00000000E+00 0.00000000E+00 0.00000000E+00 0.00000000E+00
 3  4 0.00000000E+00 0.00000000E+00 1.09385478E-03 0.00000000E+00 7.03210941E-01
 3  5 2.72644143E-02-1.54919670E-02 1.45537076E-03 0.00000000E+00-7.69808298E-05
 3  6-1.84660959E-03 0.00000000E+00 1.20658735E-03 3.57967534E-04-9.71142157E-05
 3  7-2.60853318E-04 0.00000000E+00 2.97100659E-04 0.00000000E+00-7.03210941E-01
 3  8-2.72644143E-02 1.54919670E-02 1.45537076E-03 0.00000000E+00 7.69808298E-05
 3  9-1.84660959E-03 0.00000000E+00-1.20658735E-03-3.57967534E-04 9.71142157E-05
 3 10 2.60853318E-04 0.00000000E+00 2.97100659E-04 0.00000000E+00
 4  1-2.73798928E-01 1.03928650E+00 4.34245360E-02-5.92172568E-03 0.00000000E+00
 4  2 0.00000000E+00 1.32646050E-02 0.00000000E+00 0.00000000E+00 1.91874998E-03
 4  3 0.00000000E+00 0.00000000E+00-1.79682342E-04 4.31829201E-03-2.15387766E-03
 4  4-2.16441434E-03 0.00000000E+00 0.00000000E+00 0.00000000E+00-1.14604308E-03
 4  5 8.29334496E-05-3.87046162E-03 3.45255664E-04 0.00000000E+00 3.84056277E-05
 4  6-3.22126601E-03 0.00000000E+00 7.87557124E-04 1.15440477E-03-5.61343383E-04
 4  7-5.93061383E-04 0.00000000E+00-1.35246188E-04 0.00000000E+00-1.14604308E-03
 4  8 8.29334496E-05-3.87046162E-03-3.45255664E-04 0.00000000E+00 3.84056277E-05
 4  9 3.22126601E-03 0.00000000E+00 7.87557124E-04 1.15440477E-03-5.61343383E-04
 4 10-5.93061383E-04 0.00000000E+00 1.35246188E-04 0.00000000E+00
 5  1 0.00000000E+00 0.00000000E+00 0.00000000E+00 0.00000000E+00 9.94411230E-01
 5  2 0.00000000E+00 0.00000000E+00 1.21152950E-02 0.00000000E+00 0.00000000E+00
 5  3-6.40479930E-04 0.00000000E+00 0.00000000E+00 0.00000000E+00 0.00000000E+00
 5  4 0.00000000E+00 0.00000000E+00 2.01621250E-03 0.00000000E+00 2.46250876E-03
 5  5-3.00015516E-03 1.39811481E-04-4.61091069E-03 0.00000000E+00 1.06019935E-03
 5  6 5.84988068E-04 0.00000000E+00 3.30361616E-04-2.15198700E-03 1.21378583E-03
 5  7 9.38201165E-04 0.00000000E+00 1.11293972E-03 0.00000000E+00-2.46250876E-03
 5  8 3.00015516E-03-1.39811481E-04-4.61091069E-03 0.00000000E+00-1.06019935E-03
 5  9 5.84988068E-04 0.00000000E+00-3.30361616E-04 2.15198700E-03-1.21378583E-03
 5 10-9.38201165E-04 0.00000000E+00 1.11293972E-03 0.00000000E+00
 6  1 0.00000000E+00 0.00000000E+00 0.00000000E+00 0.00000000E+00 0.00000000E+00
 6  2 9.96624397E-01 0.00000000E+00 0.00000000E+00 9.53478391E-03 0.00000000E+00
 6  3 0.00000000E+00-5.52456846E-04 0.00000000E+00 0.00000000E+00 0.00000000E+00
 6  4 0.00000000E+00 0.00000000E+00 0.00000000E+00 1.01468117E-03 0.00000000E+00
 6  5 0.00000000E+00 0.00000000E+00 0.00000000E+00 6.52278189E-04 0.00000000E+00
 6  6 0.00000000E+00 3.83182660E-05 0.00000000E+00 0.00000000E+00 0.00000000E+00
 6  7 0.00000000E+00 7.18118652E-04 0.00000000E+00-1.93716028E-04 0.00000000E+00
 6  8 0.00000000E+00 0.00000000E+00 0.00000000E+00 6.52278189E-04 0.00000000E+00
 6  9 0.00000000E+00 3.83182660E-05 0.00000000E+00 0.00000000E+00 0.00000000E+00
 6 10 0.00000000E+00-7.18118652E-04 0.00000000E+00-1.93716028E-04
 7  1 3.92255053E-03-1.45580961E-02 9.99661001E-04-9.41023331E-04 0.00000000E+00
 7  2 0.00000000E+00 9.96523209E-01 0.00000000E+00 0.00000000E+00 9.42306162E-03
 7  3 0.00000000E+00 0.00000000E+00-5.45986355E-04-6.61984539E-04-5.55084640E-04
 7  4 1.21706918E-03 0.00000000E+00 0.00000000E+00 0.00000000E+00-3.96250015E-04
 7  5 6.08836408E-04 3.75480641E-04 9.81924456E-04 0.00000000E+00 4.71313828E-04
 7  6-7.51755500E-06 0.00000000E+00 9.20377567E-06 4.89061508E-04-8.78823312E-05
 7  7-4.01179177E-04 0.00000000E+00 5.77345443E-04 0.00000000E+00-3.96250015E-04
 7  8 6.08836408E-04 3.75480641E-04-9.81924456E-04 0.00000000E+00 4.71313828E-04
 7  9 7.51755500E-06 0.00000000E+00 9.20377567E-06 4.89061508E-04-8.78823312E-05
 7 10-4.01179177E-04 0.00000000E+00-5.77345443E-04 0.00000000E+00
 8  1 6.13528848E-02-1.93203814E-01 3.20051429E-01 1.02497778E-01 0.00000000E+00
 8  2 0.00000000E+00-4.03122852E-02 0.00000000E+00 0.00000000E+00 6.78945729E-02
 8  3 0.00000000E+00 0.00000000E+00-5.54944837E-03 9.81234270E-02-5.10739941E-02
 8  4-4.70494330E-02 0.00000000E+00 0.00000000E+00 0.00000000E+00-1.28954905E-01
 8  5 2.37039528E-01 2.20649931E-01 1.45823193E-01 0.00000000E+00-1.41272493E-02
 8  6 3.59393133E-02 0.00000000E+00 4.53348223E-03 2.09404801E-02-9.54767675E-03
 8  7-1.13928034E-02 0.00000000E+00-1.84631500E-04 0.00000000E+00-1.28954905E-01
 8  8 2.37039528E-01 2.20649931E-01-1.45823193E-01 0.00000000E+00-1.41272493E-02
 8  9-3.59393133E-02 0.00000000E+00 4.53348223E-03 2.09404801E-02-9.54767675E-03
 8 10-1.13928034E-02 0.00000000E+00 1.84631500E-04 0.00000000E+00
 9  1 0.00000000E+00 0.00000000E+00 0.00000000E+00 0.00000000E+00-2.10725990E-01
 9  2 0.00000000E+00 0.00000000E+00 3.42928250E-01 0.00000000E+00 0.00000000E+00
 9  3-6.63279397E-03 0.00000000E+00 0.00000000E+00 0.00000000E+00 0.00000000E+00
 9  4 0.00000000E+00 0.00000000E+00 4.93806569E-02 0.00000000E+00 1.45581307E-01
 9  5-2.81680744E-01-2.70821068E-01-1.49100079E-01 0.00000000E+00 2.13656737E-02
 9  6-1.72031371E-02 0.00000000E+00 5.62286358E-03-1.72778039E-02 9.33876795E-03
 9  7 7.93903591E-03 0.00000000E+00 8.05221858E-03 0.00000000E+00-1.45581307E-01
 9  8 2.81680744E-01 2.70821068E-01-1.49100079E-01 0.00000000E+00-2.13656737E-02
 9  9-1.72031371E-02 0.00000000E+00-5.62286358E-03 1.72778039E-02-9.33876795E-03
 9 10-7.93903591E-03 0.00000000E+00 8.05221858E-03 0.00000000E+00
10  1-4.86999035E-02 1.30546577E-01-3.11858419E-01-1.44924791E-01 0.00000000E+00
10  2 0.00000000E+00 2.71692855E-02 0.00000000E+00 0.00000000E+00-6.23456310E-02
10  3 0.00000000E+00 0.00000000E+00 3.92375322E-03 2.70642971E-02-1.22652678E-02
10  4-1.47990293E-02 0.00000000E+00 0.00000000E+00 0.00000000E+00-1.00175561E-01
10  5 2.04658454E-01 3.56163235E-01-3.10294931E-01 0.00000000E+00 1.93052499E-02
10  6-1.67318898E-01 0.00000000E+00 7.89475900E-03-1.90233375E-02 9.93311029E-03
10  7 9.09022725E-03 0.00000000E+00 2.62937791E-03 0.00000000E+00-1.00175561E-01
10  8 2.04658454E-01 3.56163235E-01 3.10294931E-01 0.00000000E+00 1.93052499E-02
10  9 1.67318898E-01 0.00000000E+00 7.89475900E-03-1.90233375E-02 9.93311029E-03
10 10 9.09022725E-03 0.00000000E+00-2.62937791E-03 0.00000000E+00
11  1 0.00000000E+00 0.00000000E+00 0.00000000E+00 0.00000000E+00 0.00000000E+00
11  2-2.04053823E-01 0.00000000E+00 0.00000000E+00 4.48216029E-01 0.00000000E+00
11  3 0.00000000E+00 1.45333869E-01 0.00000000E+00 0.00000000E+00 0.00000000E+00
11  4 0.00000000E+00 0.00000000E+00 0.00000000E+00 3.87469383E-02 0.00000000E+00
11  5 0.00000000E+00 0.00000000E+00 0.00000000E+00 3.43595599E-01 0.00000000E+00
11  6 0.00000000E+00 1.81746275E-01 0.00000000E+00 0.00000000E+00 0.00000000E+00
11  7 0.00000000E+00 3.21966196E-02 0.00000000E+00-3.91492447E-03 0.00000000E+00
11  8 0.00000000E+00 0.00000000E+00 0.00000000E+00 3.43595599E-01 0.00000000E+00
11  9 0.00000000E+00 1.81746275E-01 0.00000000E+00 0.00000000E+00 0.00000000E+00
11 10 0.00000000E+00-3.21966196E-02 0.00000000E+00-3.91492447E-03
12  1-1.19290082E-02 3.14396356E-02-7.77583403E-02-7.39757660E-02 0.00000000E+00
12  2 0.00000000E+00-1.96283631E-01 0.00000000E+00 0.00000000E+00 4.28750328E-01
12  3 0.00000000E+00 0.00000000E+00 1.41451620E-01-5.93892613E-02-3.75611349E-03
12  4 6.31453748E-02 0.00000000E+00 0.00000000E+00 0.00000000E+00-3.06883059E-03
12  5 1.07973096E-02 3.08673116E-02 3.91380260E-02 0.00000000E+00 3.42544912E-01
12  6 2.97925398E-02 0.00000000E+00 1.79103061E-01 8.48448816E-03-1.27609873E-03
12  7-7.20838943E-03 0.00000000E+00 2.88099375E-02 0.00000000E+00-3.06883059E-03
12  8 1.07973096E-02 3.08673116E-02-3.91380260E-02 0.00000000E+00 3.42544912E-01
12  9-2.97925398E-02 0.00000000E+00 1.79103061E-01 8.48448816E-03-1.27609873E-03
12 10-7.20838943E-03 0.00000000E+00-2.88099375E-02 0.00000000E+00
13  1 0.00000000E+00 0.00000000E+00 0.00000000E+00 0.00000000E+00 1.60411915E-01
13  2 0.00000000E+00 0.00000000E+00-3.32119770E-01 0.00000000E+00 0.00000000E+00
13  3 6.79389193E-02 0.00000000E+00 0.00000000E+00 0.00000000E+00 0.00000000E+00
13  4 0.00000000E+00 0.00000000E+00-1.32270620E-02 0.00000000E+00 6.53436638E-02
13  5-1.37425053E-01-2.57873075E-01 3.99327880E-01 0.00000000E+00-1.17607804E-01
13  6 1.88626125E-01 0.00000000E+00-6.98815646E-02 2.16745695E-02-1.20049918E-02
13  7-9.66957766E-03 0.00000000E+00-1.06919490E-02 0.00000000E+00-6.53436638E-02
13  8 1.37425053E-01 2.57873075E-01 3.99327880E-01 0.00000000E+00 1.17607804E-01
13  9 1.88626125E-01 0.00000000E+00 6.98815646E-02-2.16745695E-02 1.20049918E-02
13 10 9.66957766E-03 0.00000000E+00-1.06919490E-02 0.00000000E+00
14  1 0.00000000E+00 0.00000000E+00 0.00000000E+00 0.00000000E+00 0.00000000E+00
14  2 0.00000000E+00 0.00000000E+00 0.00000000E+00 0.00000000E+00 0.00000000E+00
14  3 0.00000000E+00 0.00000000E+00 0.00000000E+00 0.00000000E+00 0.00000000E+00
14  4 0.00000000E+00-1.93339728E-01 0.00000000E+00 0.00000000E+00 0.00000000E+00
14  5 0.00000000E+00 0.00000000E+00 0.00000000E+00 4.54926099E-01 0.00000000E+00
14  6 0.00000000E+00 2.79300299E-01 0.00000000E+00 0.00000000E+00 0.00000000E+00
14  7 0.00000000E+00 2.00289940E-02 0.00000000E+00-6.69385748E-04 0.00000000E+00
14  8 0.00000000E+00 0.00000000E+00 0.00000000E+00-4.54926099E-01 0.00000000E+00
14  9 0.00000000E+00-2.79300299E-01 0.00000000E+00 0.00000000E+00 0.00000000E+00
14 10 0.00000000E+00 2.00289940E-02 0.00000000E+00 6.69385748E-04
15  1 0.00000000E+00 0.00000000E+00 0.00000000E+00 0.00000000E+00-3.46396166E-03
15  2 0.00000000E+00 0.00000000E+00 3.14733073E-03 0.00000000E+00 0.00000000E+00
15  3 1.91826763E-02 0.00000000E+00 0.00000000E+00 0.00000000E+00 0.00000000E+00
15  4 0.00000000E+00 0.00000000E+00-1.89397364E-01 0.00000000E+00 4.06856429E-03
15  5-1.76178282E-02-2.17483490E-02 1.27274413E-01 0.00000000E+00 4.38758811E-01
15  6 7.55542450E-02 0.00000000E+00 2.70866396E-01 6.79539043E-03-2.62036664E-03
15  7-4.17502379E-03 0.00000000E+00 2.03484045E-02 0.00000000E+00-4.06856429E-03
15  8 1.76178282E-02 2.17483490E-02 1.27274413E-01 0.00000000E+00-4.38758811E-01
15  9 7.55542450E-02 0.00000000E+00-2.70866396E-01-6.79539043E-03 2.62036664E-03
15 10 4.17502379E-03 0.00000000E+00 2.03484045E-02 0.00000000E+00
16  1 2.58701110E-02-1.54320033E-01 7.76893827E-02 1.21263345E+00 0.00000000E+00
16  2 0.00000000E+00 9.51159490E-02 0.00000000E+00 0.00000000E+00-2.18837249E-01
16  3 0.00000000E+00 0.00000000E+00-1.27141537E-01-2.64941125E-01 1.38565362E-01
16  4 1.26375763E-01 0.00000000E+00 0.00000000E+00 0.00000000E+00 5.05152073E-02
16  5-8.28352521E-02-3.29279950E-01-2.60263192E-01 0.00000000E+00 1.87385007E-01
16  6-2.22016474E-01 0.00000000E+00 1.62098886E-01-2.28080888E-02 1.09078956E-02
16  7 1.19001932E-02 0.00000000E+00 4.17145418E-03 0.00000000E+00 5.05152073E-02
16  8-8.28352521E-02-3.29279950E-01 2.60263192E-01 0.00000000E+00 1.87385007E-01
16  9 2.22016474E-01 0.00000000E+00 1.62098886E-01-2.28080888E-02 1.09078956E-02
16 10 1.19001932E-02 0.00000000E+00-4.17145418E-03 0.00000000E+00
17  1 0.00000000E+00 0.00000000E+00 0.00000000E+00 0.00000000E+00 0.00000000E+00
17  2-2.03736534E-01 0.00000000E+00 0.00000000E+00 5.44366274E-01 0.00000000E+00
17  3 0.00000000E+00 7.61124530E-01 0.00000000E+00 0.00000000E+00 0.00000000E+00
17  4 0.00000000E+00 0.00000000E+00 0.00000000E+00-2.76545978E-02 0.00000000E+00
17  5 0.00000000E+00 0.00000000E+00 0.00000000E+00-3.98559293E-01 0.00000000E+00
17  6 0.00000000E+00-4.27421884E-01 0.00000000E+00 0.00000000E+00 0.00000000E+00
17  7 0.00000000E+00-3.90405211E-03 0.00000000E+00-1.55472703E-03 0.00000000E+00
17  8 0.00000000E+00 0.00000000E+00 0.00000000E+00-3.98559293E-01 0.00000000E+00
17  9 0.00000000E+00-4.27421884E-01 0.00000000E+00 0.00000000E+00 0.00000000E+00
17 10 0.00000000E+00 3.90405211E-03 0.00000000E+00-1.55472703E-03
18  1 4.50621305E-03-7.25424747E-02-3.83099819E-02 7.94369250E-01 0.00000000E+00
18  2 0.00000000E+00-1.77577137E-01 0.00000000E+00 0.00000000E+00 4.89419231E-01
18  3 0.00000000E+00 0.00000000E+00 8.24335540E-01-1.15736981E-01 9.08204931E-02
18  4 2.49164874E-02 0.00000000E+00 0.00000000E+00 0.00000000E+00 3.50901018E-02
18  5-6.24604148E-02-3.42501579E-01-1.80166441E-01 0.00000000E+00-3.42790481E-01
18  6-2.18413079E-01 0.00000000E+00-3.78300978E-01-1.29536783E-02 8.32100141E-03
18  7 4.63267693E-03 0.00000000E+00 1.79852676E-04 0.00000000E+00 3.50901018E-02
18  8-6.24604148E-02-3.42501579E-01 1.80166441E-01 0.00000000E+00-3.42790481E-01
18  9 2.18413079E-01 0.00000000E+00-3.78300978E-01-1.29536783E-02 8.32100141E-03
18 10 4.63267693E-03 0.00000000E+00-1.79852676E-04 0.00000000E+00
19  1 0.00000000E+00 0.00000000E+00 0.00000000E+00 0.00000000E+00-2.07690914E-02
19  2 0.00000000E+00 0.00000000E+00 1.35090122E-01 0.00000000E+00 0.00000000E+00
19  3 2.17673533E+00 0.00000000E+00 0.00000000E+00 0.00000000E+00 0.00000000E+00
19  4 0.00000000E+00 0.00000000E+00-3.48035577E-02 0.00000000E+00-7.97342917E-02
19  5 9.65004550E-02 1.32372540E+00-4.82109865E-02 0.00000000E+00-7.13187051E-02
19  6 2.13218506E-01 0.00000000E+00-1.56743973E-01 2.87311178E-02-1.40663544E-02
19  7-1.46647633E-02 0.00000000E+00-6.80157306E-03 0.00000000E+00 7.97342917E-02
19  8-9.65004550E-02-1.32372540E+00-4.82109865E-02 0.00000000E+00 7.13187051E-02
19  9 2.13218506E-01 0.00000000E+00 1.56743973E-01-2.87311178E-02 1.40663544E-02
19 10 1.46647633E-02 0.00000000E+00-6.80157306E-03 0.00000000E+00
20  1 0.00000000E+00 0.00000000E+00 0.00000000E+00 0.00000000E+00 0.00000000E+00
20  2 2.91545279E-01 0.00000000E+00 0.00000000E+00-1.10757849E+00 0.00000000E+00
20  3 0.00000000E+00 1.20358589E+00 0.00000000E+00 0.00000000E+00 0.00000000E+00
20  4 0.00000000E+00 0.00000000E+00 0.00000000E+00-1.04342125E-01 0.00000000E+00
20  5 0.00000000E+00 0.00000000E+00 0.00000000E+00-1.30979715E-02 0.00000000E+00
20  6 0.00000000E+00-3.54189268E-02 0.00000000E+00 0.00000000E+00 0.00000000E+00
20  7 0.00000000E+00-4.21627884E-02 0.00000000E+00 2.89400501E-03 0.00000000E+00
20  8 0.00000000E+00 0.00000000E+00 0.00000000E+00-1.30979715E-02 0.00000000E+00
20  9 0.00000000E+00-3.54189268E-02 0.00000000E+00 0.00000000E+00 0.00000000E+00
20 10 0.00000000E+00 4.21627884E-02 0.00000000E+00 2.89400501E-03
21  1-7.21045282E-03-8.81083382E-03-8.47174001E-02 6.27341192E-01 0.00000000E+00
21  2 0.00000000E+00 2.82882677E-01 0.00000000E+00 0.00000000E+00-1.05454946E+00
21  3 0.00000000E+00 0.00000000E+00 1.17980306E+00 2.55001953E-01-5.24388943E-02
21  4-2.02563059E-01 0.00000000E+00 0.00000000E+00 0.00000000E+00 6.20676062E-03
21  5 1.57260474E-02-3.76509908E-01 8.81633899E-02 0.00000000E+00-1.36208341E-02
21  6-1.77449459E-01 0.00000000E+00 2.50861755E-02-3.21109155E-02 1.42822658E-02
21  7 1.78286497E-02 0.00000000E+00-2.91050975E-02 0.00000000E+00 6.20676062E-03
21  8 1.57260474E-02-3.76509908E-01-8.81633899E-02 0.00000000E+00-1.36208341E-02
21  9 1.77449459E-01 0.00000000E+00 2.50861755E-02-3.21109155E-02 1.42822658E-02
21 10 1.78286497E-02 0.00000000E+00 2.91050975E-02 0.00000000E+00
22  1-7.58540940E-02-1.39838153E-01-9.83649305E-01 2.86491896E+00 0.00000000E+00
22  2 0.00000000E+00-6.93670556E-02 0.00000000E+00 0.00000000E+00 3.32380318E-01
22  3 0.00000000E+00 0.00000000E+00-1.52969289E-01 5.80385592E-01-3.75477157E-01
22  4-2.04908434E-01 0.00000000E+00 0.00000000E+00 0.00000000E+00 2.65560582E-02
22  5-2.43443228E-03-1.08259745E+00 2.71259827E-01 0.00000000E+00-3.59945509E-02
22  6-7.35077285E-01 0.00000000E+00 1.79265083E-01-6.66771654E-02 3.37361404E-02
22  7 3.29410250E-02 0.00000000E+00 3.95942702E-02 0.00000000E+00 2.65560582E-02
22  8-2.43443228E-03-1.08259745E+00-2.71259827E-01 0.00000000E+00-3.59945509E-02
22  9 7.35077285E-01 0.00000000E+00 1.79265083E-01-6.66771654E-02 3.37361404E-02
22 10 3.29410250E-02 0.00000000E+00-3.95942702E-02 0.00000000E+00
23  1 0.00000000E+00 0.00000000E+00 0.00000000E+00 0.00000000E+00 0.00000000E+00
23  2 2.88080675E-02 0.00000000E+00 0.00000000E+00-1.13020113E-01 0.00000000E+00
23  3 0.00000000E+00 1.78214349E-01 0.00000000E+00 0.00000000E+00 0.00000000E+00
23  4 0.00000000E+00 0.00000000E+00 0.00000000E+00 9.75198772E-01 0.00000000E+00
23  5 0.00000000E+00 0.00000000E+00 0.00000000E+00-1.06306739E-01 0.00000000E+00
23  6 0.00000000E+00-2.81042380E-02 0.00000000E+00 0.00000000E+00 0.00000000E+00
23  7 0.00000000E+00 6.58641863E-03 0.00000000E+00 5.78566597E-02 0.00000000E+00
23  8 0.00000000E+00 0.00000000E+00 0.00000000E+00-1.06306739E-01 0.00000000E+00
23  9 0.00000000E+00-2.81042380E-02 0.00000000E+00 0.00000000E+00 0.00000000E+00
23 10 0.00000000E+00-6.58641863E-03 0.00000000E+00 5.78566597E-02
24  1 8.49206262E-03 1.13900729E-02 1.06716201E-01-1.49714284E-01 0.00000000E+00
24  2 0.00000000E+00 2.86612656E-02 0.00000000E+00 0.00000000E+00-1.15577256E-01
24  3 0.00000000E+00 0.00000000E+00 1.83629709E-01-3.92885142E-02-8.21726083E-01
24  4 8.61014598E-01 0.00000000E+00 0.00000000E+00 0.00000000E+00 1.07878095E-03
24  5-1.55253064E-02 3.57320032E-02-4.89977426E-02 0.00000000E+00-1.02255716E-01
24  6 2.68224607E-02 0.00000000E+00-3.73751595E-02 3.28768793E-03-5.16695241E-02
24  7 4.83818361E-02 0.00000000E+00 6.08315144E-03 0.00000000E+00 1.07878095E-03
24  8-1.55253064E-02 3.57320032E-02 4.89977426E-02 0.00000000E+00-1.02255716E-01
24  9-2.68224607E-02 0.00000000E+00-3.73751595E-02 3.28768793E-03-5.16695241E-02
24 10 4.83818361E-02 0.00000000E+00-6.08315144E-03 0.00000000E+00
25  1 9.96617277E-02 4.74676975E-01 1.69566787E+00 2.38006137E-01 0.00000000E+00
25  2 0.00000000E+00-3.47980168E-02 0.00000000E+00 0.00000000E+00 2.13096937E-01
25  3 0.00000000E+00 0.00000000E+00 5.18166296E-02 2.00960397E-01-1.01671391E-01
25  4-9.92890063E-02 0.00000000E+00 0.00000000E+00 0.00000000E+00 5.42846473E-02
25  5-9.09523875E-02-6.37294479E-01 1.78709196E-01 0.00000000E+00 1.74431258E-02
25  6-1.14755538E+00 0.00000000E+00 1.32631599E-01 1.07678003E-02-3.55518664E-03
25  7-7.21261367E-03 0.00000000E+00 5.59394915E-03 0.00000000E+00 5.42846473E-02
25  8-9.09523875E-02-6.37294479E-01-1.78709196E-01 0.00000000E+00 1.74431258E-02
25  9 1.14755538E+00 0.00000000E+00 1.32631599E-01 1.07678003E-02-3.55518664E-03
25 10-7.21261367E-03 0.00000000E+00-5.59394915E-03 0.00000000E+00
26  1 0.00000000E+00 0.00000000E+00 0.00000000E+00 0.00000000E+00-8.43742426E-02
26  2 0.00000000E+00 0.00000000E+00 7.71018478E-01 0.00000000E+00 0.00000000E+00
26  3 7.94676237E-03 0.00000000E+00 0.00000000E+00 0.00000000E+00 0.00000000E+00
26  4 0.00000000E+00 0.00000000E+00 5.07014249E-01 0.00000000E+00-3.04813417E-02
26  5-4.89161458E-02 6.32911472E-01-3.16830275E-01 0.00000000E+00 1.35385082E-01
26  6 1.15143278E+00 0.00000000E+00 6.01367245E-03-4.00803007E-03-2.98756029E-03
26  7 6.99559036E-03 0.00000000E+00-1.33193666E-02 0.00000000E+00 3.04813417E-02
26  8 4.89161458E-02-6.32911472E-01-3.16830275E-01 0.00000000E+00-1.35385082E-01
26  9 1.15143278E+00 0.00000000E+00-6.01367245E-03 4.00803007E-03 2.98756029E-03
26 10-6.99559036E-03 0.00000000E+00-1.33193666E-02 0.00000000E+00
27  1 0.00000000E+00 0.00000000E+00 0.00000000E+00 0.00000000E+00 1.35133525E-01
27  2 0.00000000E+00 0.00000000E+00-6.43119467E-01 0.00000000E+00 0.00000000E+00
27  3 1.86774483E-01 0.00000000E+00 0.00000000E+00 0.00000000E+00 0.00000000E+00
27  4 0.00000000E+00 0.00000000E+00 6.66909985E-01 0.00000000E+00 2.44917660E-02
27  5-6.58037615E-02-8.85969597E-02-2.57764987E-03 0.00000000E+00-2.96461195E-01
27  6-2.81134184E-01 0.00000000E+00 8.19194136E-01 8.16810809E-03-1.55546678E-02
27  7 7.38655969E-03 0.00000000E+00-4.49941665E-02 0.00000000E+00-2.44917660E-02
27  8 6.58037615E-02 8.85969597E-02-2.57764987E-03 0.00000000E+00 2.96461195E-01
27  9-2.81134184E-01 0.00000000E+00-8.19194136E-01-8.16810809E-03 1.55546678E-02
27 10-7.38655969E-03 0.00000000E+00-4.49941665E-02 0.00000000E+00
28  1 0.00000000E+00 0.00000000E+00 0.00000000E+00 0.00000000E+00 0.00000000E+00
28  2 0.00000000E+00 0.00000000E+00 0.00000000E+00 0.00000000E+00 0.00000000E+00
28  3 0.00000000E+00 0.00000000E+00 0.00000000E+00 0.00000000E+00 0.00000000E+00
28  4 0.00000000E+00 6.99645088E-01 0.00000000E+00 0.00000000E+00 0.00000000E+00
28  5 0.00000000E+00 0.00000000E+00 0.00000000E+00-3.68426313E-01 0.00000000E+00
28  6 0.00000000E+00 8.63917455E-01 0.00000000E+00 0.00000000E+00 0.00000000E+00
28  7 0.00000000E+00-3.54145429E-02 0.00000000E+00 1.14225885E-02 0.00000000E+00
28  8 0.00000000E+00 0.00000000E+00 0.00000000E+00 3.68426313E-01 0.00000000E+00
28  9 0.00000000E+00-8.63917455E-01 0.00000000E+00 0.00000000E+00 0.00000000E+00
28 10 0.00000000E+00-3.54145429E-02 0.00000000E+00-1.14225885E-02
29  1 0.00000000E+00 0.00000000E+00 0.00000000E+00 0.00000000E+00-1.80509044E-01
29  2 0.00000000E+00 0.00000000E+00 8.09724427E-01 0.00000000E+00 0.00000000E+00
29  3-5.16331453E-01 0.00000000E+00 0.00000000E+00 0.00000000E+00 0.00000000E+00
29  4 0.00000000E+00 0.00000000E+00-4.79535768E-01 0.00000000E+00-1.66687521E-02
29  5 1.41429979E-02 6.27798917E-02-4.69798264E-03 0.00000000E+00-5.85303751E-01
29  6 4.45034269E-01 0.00000000E+00 3.32828151E-01-2.20790774E-02 2.71707403E-02
29  7-5.09166285E-03 0.00000000E+00 4.79428239E-02 0.00000000E+00 1.66687521E-02
29  8-1.41429979E-02-6.27798917E-02-4.69798264E-03 0.00000000E+00 5.85303751E-01
29  9 4.45034269E-01 0.00000000E+00-3.32828151E-01 2.20790774E-02-2.71707403E-02
29 10 5.09166285E-03 0.00000000E+00 4.79428239E-02 0.00000000E+00
30  1 0.00000000E+00 0.00000000E+00 0.00000000E+00 0.00000000E+00 0.00000000E+00
30  2 0.00000000E+00 0.00000000E+00 0.00000000E+00 0.00000000E+00 0.00000000E+00
30  3 0.00000000E+00 0.00000000E+00 0.00000000E+00 0.00000000E+00 0.00000000E+00
30  4 0.00000000E+00 8.21951929E-01 0.00000000E+00 0.00000000E+00 0.00000000E+00
30  5 0.00000000E+00 0.00000000E+00 0.00000000E+00 5.66292955E-01 0.00000000E+00
30  6 0.00000000E+00-1.70953357E-01 0.00000000E+00 0.00000000E+00 0.00000000E+00
30  7 0.00000000E+00-6.49424158E-02 0.00000000E+00 2.63687619E-02 0.00000000E+00
30  8 0.00000000E+00 0.00000000E+00 0.00000000E+00-5.66292955E-01 0.00000000E+00
30  9 0.00000000E+00 1.70953357E-01 0.00000000E+00 0.00000000E+00 0.00000000E+00
30 10 0.00000000E+00-6.49424158E-02 0.00000000E+00-2.63687619E-02
31  1 1.38189054E-02 6.66257382E-02 2.39395258E-01-5.50404664E-02 0.00000000E+00
31  2 0.00000000E+00-4.30002794E-02 0.00000000E+00 0.00000000E+00 1.04356447E-01
31  3 0.00000000E+00 0.00000000E+00-1.04648943E+00 1.34945156E-01 2.71839348E-02
31  4-1.62129091E-01 0.00000000E+00 0.00000000E+00 0.00000000E+00-3.57288822E-03
31  5 5.47712395E-02-7.71412112E-02-1.63811309E-01 0.00000000E+00-5.90461200E-01
31  6 8.62156538E-02 0.00000000E+00 1.11105366E+00-3.44417415E-03 4.73998226E-04
31  7 2.97017592E-03 0.00000000E+00-4.17670012E-02 0.00000000E+00-3.57288822E-03
31  8 5.47712395E-02-7.71412112E-02 1.63811309E-01 0.00000000E+00-5.90461200E-01
31  9-8.62156538E-02 0.00000000E+00 1.11105366E+00-3.44417415E-03 4.73998226E-04
31 10 2.97017592E-03 0.00000000E+00 4.17670012E-02 0.00000000E+00
32  1 0.00000000E+00 0.00000000E+00 0.00000000E+00 0.00000000E+00 0.00000000E+00
32  2-3.73978637E-02 0.00000000E+00 0.00000000E+00 7.07489302E-02 0.00000000E+00
32  3 0.00000000E+00-1.06311174E+00 0.00000000E+00 0.00000000E+00 0.00000000E+00
32  4 0.00000000E+00 0.00000000E+00 0.00000000E+00-1.10100078E-01 0.00000000E+00
32  5 0.00000000E+00 0.00000000E+00 0.00000000E+00-6.22221927E-01 0.00000000E+00
32  6 0.00000000E+00 1.13053354E+00 0.00000000E+00 0.00000000E+00 0.00000000E+00
32  7 0.00000000E+00-4.86643643E-02 0.00000000E+00 2.04625840E-03 0.00000000E+00
32  8 0.00000000E+00 0.00000000E+00 0.00000000E+00-6.22221927E-01 0.00000000E+00
32  9 0.00000000E+00 1.13053354E+00 0.00000000E+00 0.00000000E+00 0.00000000E+00
32 10 0.00000000E+00 4.86643643E-02 0.00000000E+00 2.04625840E-03
33  1 0.00000000E+00 0.00000000E+00 0.00000000E+00 0.00000000E+00-3.29390976E-01
33  2 0.00000000E+00 0.00000000E+00 1.28239241E+00 0.00000000E+00 0.00000000E+00
33  3 5.44907590E-02 0.00000000E+00 0.00000000E+00 0.00000000E+00 0.00000000E+00
33  4 0.00000000E+00 0.00000000E+00 5.16035164E-01 0.00000000E+00-4.04308709E-02
33  5 3.42466374E-01 3.77689091E-01 6.57704020E-01 0.00000000E+00 4.32454387E-02
33  6-2.73587249E-03 0.00000000E+00 1.03583637E-02-1.27526027E-01 3.59404855E-02
33  7 9.15855417E-02 0.00000000E+00-5.54445612E-02 0.00000000E+00 4.04308709E-02
33  8-3.42466374E-01-3.77689091E-01 6.57704020E-01 0.00000000E+00-4.32454387E-02
33  9-2.73587249E-03 0.00000000E+00-1.03583637E-02 1.27526027E-01-3.59404855E-02
33 10-9.15855417E-02 0.00000000E+00-5.54445612E-02 0.00000000E+00
34  1 2.57821858E-02 1.79704347E-02 3.27487358E-01 2.54633642E+00 0.00000000E+00
34  2 0.00000000E+00-3.95125831E-02 0.00000000E+00 0.00000000E+00 2.44627658E-01
34  3 0.00000000E+00 0.00000000E+00 4.08339418E-01 8.82819129E-01-4.72433564E-01
34  4-4.10385564E-01 0.00000000E+00 0.00000000E+00 0.00000000E+00 1.00652231E-02
34  5 8.54491844E-01-2.38913813E+00-4.15392016E-01 0.00000000E+00 1.89576164E-01
34  6-6.68004804E-01 0.00000000E+00-8.68862617E-02 1.67377819E-01-9.92575151E-02
34  7-6.81203042E-02 0.00000000E+00-4.28575464E-02 0.00000000E+00 1.00652231E-02
34  8 8.54491844E-01-2.38913813E+00 4.15392016E-01 0.00000000E+00 1.89576164E-01
34  9 6.68004804E-01 0.00000000E+00-8.68862617E-02 1.67377819E-01-9.92575151E-02
34 10-6.81203042E-02 0.00000000E+00 4.28575464E-02 0.00000000E+00
35  1 0.00000000E+00 0.00000000E+00 0.00000000E+00 0.00000000E+00-2.88766448E-02
35  2 0.00000000E+00 0.00000000E+00 4.32682032E-01 0.00000000E+00 0.00000000E+00
35  3 1.90736673E+00 0.00000000E+00 0.00000000E+00 0.00000000E+00 0.00000000E+00
35  4 0.00000000E+00 0.00000000E+00 1.14701546E-01 0.00000000E+00-1.26367723E-02
35  5-1.31570099E+00 2.70915609E+00 1.45760618E-01 0.00000000E+00 3.94299968E-02
35  6 2.97268094E-01 0.00000000E+00-2.19376464E-01-1.44461798E-01 8.25211257E-02
35  7 6.19406718E-02 0.00000000E+00 1.28070509E-01 0.00000000E+00 1.26367723E-02
35  8 1.31570099E+00-2.70915609E+00 1.45760618E-01 0.00000000E+00-3.94299968E-02
35  9 2.97268094E-01 0.00000000E+00 2.19376464E-01 1.44461798E-01-8.25211257E-02
35 10-6.19406718E-02 0.00000000E+00 1.28070509E-01 0.00000000E+00
36  1-1.86941818E-02 1.70204146E-01-8.82065015E-03 2.49311724E-01 0.00000000E+00
36  2 0.00000000E+00 8.07417291E-02 0.00000000E+00 0.00000000E+00-3.41653300E-01
36  3 0.00000000E+00 0.00000000E+00 1.01750240E-01-8.81851880E-01 4.52308464E-01
36  4 4.29543416E-01 0.00000000E+00 0.00000000E+00 0.00000000E+00-7.25276601E-03
36  5 8.94854952E-01-5.83484402E-01 4.57829506E-01 0.00000000E+00-1.68943166E-01
36  6-3.31049299E-01 0.00000000E+00 8.74890772E-02 6.49665918E-02 1.31422880E-01
36  7-1.96389472E-01 0.00000000E+00 3.29272524E-01 0.00000000E+00-7.25276601E-03
36  8 8.94854952E-01-5.83484402E-01-4.57829506E-01 0.00000000E+00-1.68943166E-01
36  9 3.31049299E-01 0.00000000E+00 8.74890772E-02 6.49665918E-02 1.31422880E-01
36 10-1.96389472E-01 0.00000000E+00-3.29272524E-01 0.00000000E+00
37  1 0.00000000E+00 0.00000000E+00 0.00000000E+00 0.00000000E+00 0.00000000E+00
37  2 0.00000000E+00 0.00000000E+00 0.00000000E+00 0.00000000E+00 0.00000000E+00
37  3 0.00000000E+00 0.00000000E+00 0.00000000E+00 0.00000000E+00 0.00000000E+00
37  4 0.00000000E+00 3.07631845E-02 0.00000000E+00 0.00000000E+00 0.00000000E+00
37  5 0.00000000E+00 0.00000000E+00 0.00000000E+00-6.97693985E-03 0.00000000E+00
37  6 0.00000000E+00 1.71755409E-02 0.00000000E+00 0.00000000E+00 0.00000000E+00
37  7 0.00000000E+00 2.04515122E-01 0.00000000E+00 6.77324843E-01 0.00000000E+00
37  8 0.00000000E+00 0.00000000E+00 0.00000000E+00 6.97693985E-03 0.00000000E+00
37  9 0.00000000E+00-1.71755409E-02 0.00000000E+00 0.00000000E+00 0.00000000E+00
37 10 0.00000000E+00 2.04515122E-01 0.00000000E+00-6.77324843E-01
38  1 0.00000000E+00 0.00000000E+00 0.00000000E+00 0.00000000E+00-2.50988337E-03
38  2 0.00000000E+00 0.00000000E+00 1.68691078E-03 0.00000000E+00 0.00000000E+00
38  3 4.58474109E-02 0.00000000E+00 0.00000000E+00 0.00000000E+00 0.00000000E+00
38  4 0.00000000E+00 0.00000000E+00-2.83463609E-02 0.00000000E+00-4.56686822E-04
38  5-2.27294584E-02 4.57815804E-02 6.49180601E-03 0.00000000E+00 9.26118773E-03
38  6-9.67077874E-03 0.00000000E+00-2.17472139E-02-5.84373396E-02 6.15752288E-01
38  7-5.57314948E-01 0.00000000E+00-1.95939105E-01 0.00000000E+00 4.56686822E-04
38  8 2.27294584E-02-4.57815804E-02 6.49180601E-03 0.00000000E+00-9.26118773E-03
38  9-9.67077874E-03 0.00000000E+00 2.17472139E-02 5.84373396E-02-6.15752288E-01
38 10 5.57314948E-01 0.00000000E+00-1.95939105E-01 0.00000000E+00
39  1 0.00000000E+00 0.00000000E+00 0.00000000E+00 0.00000000E+00 0.00000000E+00
39  2-3.14897022E-02 0.00000000E+00 0.00000000E+00 1.62128472E-01 0.00000000E+00
39  3 0.00000000E+00 9.23724894E-04 0.00000000E+00 0.00000000E+00 0.00000000E+00
39  4 0.00000000E+00 0.00000000E+00 0.00000000E+00-2.27275443E-01 0.00000000E+00
39  5 0.00000000E+00 0.00000000E+00 0.00000000E+00 2.90698771E-02 0.00000000E+00
39  6 0.00000000E+00-5.50518010E-02 0.00000000E+00 0.00000000E+00 0.00000000E+00
39  7 0.00000000E+00-1.03252237E-01 0.00000000E+00 7.10573325E-01 0.00000000E+00
39  8 0.00000000E+00 0.00000000E+00 0.00000000E+00 2.90698771E-02 0.00000000E+00
39  9 0.00000000E+00-5.50518010E-02 0.00000000E+00 0.00000000E+00 0.00000000E+00
39 10 0.00000000E+00 1.03252237E-01 0.00000000E+00 7.10573325E-01
40  1-3.01873831E-03 6.06710232E-02 4.24494682E-02 9.55851526E-03 0.00000000E+00
40  2 0.00000000E+00 9.29702147E-03 0.00000000E+00 0.00000000E+00-2.57648449E-02
40  3 0.00000000E+00 0.00000000E+00-8.40177407E-03-2.44570226E-01 3.62527414E-01
40  4-1.17957187E-01 0.00000000E+00 0.00000000E+00 0.00000000E+00-7.73765938E-04
40  5 2.19512380E-01-1.22096432E-01 1.24350244E-01 0.00000000E+00-3.30876319E-02
40  6-9.14198675E-02 0.00000000E+00 2.76043114E-02-1.54445211E-02-5.88923844E-01
40  7 6.04368365E-01 0.00000000E+00 1.44817939E-01 0.00000000E+00-7.73765938E-04
40  8 2.19512380E-01-1.22096432E-01-1.24350244E-01 0.00000000E+00-3.30876319E-02
40  9 9.14198675E-02 0.00000000E+00 2.76043114E-02-1.54445211E-02-5.88923844E-01
40 10 6.04368365E-01 0.00000000E+00-1.44817939E-01 0.00000000E+00
41  1 0.00000000E+00 0.00000000E+00 0.00000000E+00 0.00000000E+00 0.00000000E+00
41  2 9.97071754E-02 0.00000000E+00 0.00000000E+00-5.18403896E-01 0.00000000E+00
41  3 0.00000000E+00-1.31685026E-01 0.00000000E+00 0.00000000E+00 0.00000000E+00
41  4 0.00000000E+00 0.00000000E+00 0.00000000E+00-2.14419860E-01 0.00000000E+00
41  5 0.00000000E+00 0.00000000E+00 0.00000000E+00-7.77200600E-02 0.00000000E+00
41  6 0.00000000E+00 2.81410871E-01 0.00000000E+00 0.00000000E+00 0.00000000E+00
41  7 0.00000000E+00 7.59901570E-01 0.00000000E+00 9.61100798E-02 0.00000000E+00
41  8 0.00000000E+00 0.00000000E+00 0.00000000E+00-7.77200600E-02 0.00000000E+00
41  9 0.00000000E+00 2.81410871E-01 0.00000000E+00 0.00000000E+00 0.00000000E+00
41 10 0.00000000E+00-7.59901570E-01 0.00000000E+00 9.61100798E-02
42  1-7.75170602E-03-2.49927357E-01-4.29135562E-01-4.28604923E-01 0.00000000E+00
42  2 0.00000000E+00 7.79389039E-02 0.00000000E+00 0.00000000E+00-5.03262902E-01
42  3 0.00000000E+00 0.00000000E+00-2.28777063E-01 5.84328233E-01-1.64579823E-01
42  4-4.19748410E-01 0.00000000E+00 0.00000000E+00 0.00000000E+00-1.19069897E-02
42  5-6.78361845E-01 7.80508128E-01-2.49620202E-01 0.00000000E+00 1.06798312E-02
42  6 4.97034370E-01 0.00000000E+00 2.38024159E-01 4.37144646E-01-1.88582637E-01
42  7-2.48562009E-01 0.00000000E+00 5.65063563E-01 0.00000000E+00-1.19069897E-02
42  8-6.78361845E-01 7.80508128E-01 2.49620202E-01 0.00000000E+00 1.06798312E-02
42  9-4.97034370E-01 0.00000000E+00 2.38024159E-01 4.37144646E-01-1.88582637E-01
42 10-2.48562009E-01 0.00000000E+00-5.65063563E-01 0.00000000E+00
43  1 0.00000000E+00 0.00000000E+00 0.00000000E+00 0.00000000E+00 1.30489067E-02
43  2 0.00000000E+00 0.00000000E+00-4.28676178E-01 0.00000000E+00 0.00000000E+00
43  3-2.04111138E-01 0.00000000E+00 0.00000000E+00 0.00000000E+00 0.00000000E+00
43  4 0.00000000E+00 0.00000000E+00 9.30743406E-01 0.00000000E+00 1.25992665E-02
43  5 3.59245833E-01-5.91619065E-01 7.66158691E-02 0.00000000E+00 7.18735407E-02
43  6-2.18987952E-01 0.00000000E+00 3.79725007E-01 6.10623608E-02 1.67879409E-01
43  7-2.28941770E-01 0.00000000E+00 8.30064915E-01 0.00000000E+00-1.25992665E-02
43  8-3.59245833E-01 5.91619065E-01 7.66158691E-02 0.00000000E+00-7.18735407E-02
43  9-2.18987952E-01 0.00000000E+00-3.79725007E-01-6.10623608E-02-1.67879409E-01
43 10 2.28941770E-01 0.00000000E+00 8.30064915E-01 0.00000000E+00
44  1 0.00000000E+00 0.00000000E+00 0.00000000E+00 0.00000000E+00 0.00000000E+00
44  2 0.00000000E+00 0.00000000E+00 0.00000000E+00 0.00000000E+00 0.00000000E+00
44  3 0.00000000E+00 0.00000000E+00 0.00000000E+00 0.00000000E+00 0.00000000E+00
44  4 0.00000000E+00 1.02440819E+00 0.00000000E+00 0.00000000E+00 0.00000000E+00
44  5 0.00000000E+00 0.00000000E+00 0.00000000E+00 1.06157283E-01 0.00000000E+00
44  6 0.00000000E+00 3.46325901E-01 0.00000000E+00 0.00000000E+00 0.00000000E+00
44  7 0.00000000E+00 8.61256801E-01 0.00000000E+00-2.39158768E-01 0.00000000E+00
44  8 0.00000000E+00 0.00000000E+00 0.00000000E+00-1.06157283E-01 0.00000000E+00
44  9 0.00000000E+00-3.46325901E-01 0.00000000E+00 0.00000000E+00 0.00000000E+00
44 10 0.00000000E+00 8.61256801E-01 0.00000000E+00 2.39158768E-01
45  1-9.16706238E-02-5.43481579E-01-1.89160001E+00-1.74386459E+00 0.00000000E+00
45  2 0.00000000E+00 1.93071746E-02 0.00000000E+00 0.00000000E+00-3.15767324E-01
45  3 0.00000000E+00 0.00000000E+00-4.45122783E-02-1.47305567E+00 7.31335874E-01
45  4 7.41719795E-01 0.00000000E+00 0.00000000E+00 0.00000000E+00-3.71935975E-02
45  5-1.65487467E-01 2.05410413E+00 5.54267793E-01 0.00000000E+00-1.39596040E-01
45  6 9.96714126E-01 0.00000000E+00-2.65946387E-01 8.16049627E-01-4.67400743E-01
45  7-3.48648884E-01 0.00000000E+00-4.82000351E-01 0.00000000E+00-3.71935975E-02
45  8-1.65487467E-01 2.05410413E+00-5.54267793E-01 0.00000000E+00-1.39596040E-01
45  9-9.96714126E-01 0.00000000E+00-2.65946387E-01 8.16049627E-01-4.67400743E-01
45 10-3.48648884E-01 0.00000000E+00 4.82000351E-01 0.00000000E+00
46  1 0.00000000E+00 0.00000000E+00 0.00000000E+00 0.00000000E+00-1.84633381E-01
46  2 0.00000000E+00 0.00000000E+00 2.22166960E+00 0.00000000E+00 0.00000000E+00
46  3 4.19701400E-01 0.00000000E+00 0.00000000E+00 0.00000000E+00 0.00000000E+00
46  4 0.00000000E+00 0.00000000E+00 5.54603531E-01 0.00000000E+00-4.65258528E-02
46  5-4.16492042E-01 1.88094358E+00 3.63546349E-01 0.00000000E+00-5.86466905E-03
46  6 9.85778399E-01 0.00000000E+00-9.08294389E-02 9.42180352E-01-4.30445450E-01
46  7-5.11734902E-01 0.00000000E+00-5.84742723E-02 0.00000000E+00 4.65258528E-02
46  8 4.16492042E-01-1.88094358E+00 3.63546349E-01 0.00000000E+00 5.86466905E-03
46  9 9.85778399E-01 0.00000000E+00 9.08294389E-02-9.42180352E-01 4.30445450E-01
46 10 5.11734902E-01 0.00000000E+00-5.84742723E-02 0.00000000E+00
 $END   
 POPULATION ANALYSIS
S           15.77516   0.22484  15.52987   0.47013
O            8.11242  -0.11242   8.23507  -0.23507
O            8.11242  -0.11242   8.23507  -0.23507
 MOMENTS AT POINT    1 X,Y,Z=  0.000000  0.000000  0.000000
 DIPOLE       0.000000  0.000000  0.642473
