 $DATA  
Title                                                                           
CNV      2

S          16.0      0.0000000000      0.0000000000     -0.0697439434
   PC1     0
        
O           8.0      1.5939115169      0.0000000000      0.0697052450
   PC1     0
        
 $END      
 $ZMAT   IZMAT(1)=
         1,   3,   1,
         1,   2,   1,
         2,   2,   1,   3,
 $END
--- CLOSED SHELL ORBITALS --- GENERATED AT Thu Feb 26 00:18:48 2015
Title                                                                           
E(R-PBE)=     -548.1749079188, E(NUC)=   95.2923322857,   26 ITERS
 $VEC   
 1  1 1.00298275E+00-1.03099932E-02 1.77826505E-03-6.92182986E-04 0.00000000E+00
 1  2 0.00000000E+00 3.55393825E-05 0.00000000E+00 0.00000000E+00 4.26672955E-06
 1  3 0.00000000E+00 0.00000000E+00 5.87364028E-06 1.43429940E-04-7.23473129E-05
 1  4-7.10826270E-05 0.00000000E+00 0.00000000E+00 0.00000000E+00 1.08233222E-05
 1  5 5.86039445E-05-1.02113508E-04-2.23548348E-05 0.00000000E+00 1.73869214E-06
 1  6-1.59915459E-04 0.00000000E+00 1.67778700E-05-1.38728610E-04 7.04492655E-05
 1  7 6.82793443E-05 0.00000000E+00 2.42405462E-05 0.00000000E+00 1.08233222E-05
 1  8 5.86039445E-05-1.02113508E-04 2.23548348E-05 0.00000000E+00 1.73869214E-06
 1  9 1.59915459E-04 0.00000000E+00 1.67778700E-05-1.38728610E-04 7.04492655E-05
 1 10 6.82793443E-05 0.00000000E+00-2.42405462E-05 0.00000000E+00
 2  1 0.00000000E+00 0.00000000E+00 0.00000000E+00 0.00000000E+00 1.52572278E-04
 2  2 0.00000000E+00 0.00000000E+00-1.83420042E-03 0.00000000E+00 0.00000000E+00
 2  3-8.96535091E-03 0.00000000E+00 0.00000000E+00 0.00000000E+00 0.00000000E+00
 2  4 0.00000000E+00 0.00000000E+00-3.26996227E-04 0.00000000E+00 7.03337605E-01
 2  5 2.65939060E-02-1.50505911E-02 8.01859010E-04 0.00000000E+00-9.39813635E-05
 2  6-3.65223837E-03 0.00000000E+00 5.54263037E-04-3.77412581E-04 1.93981126E-04
 2  7 1.83431455E-04 0.00000000E+00 7.99249303E-05 0.00000000E+00-7.03337605E-01
 2  8-2.65939060E-02 1.50505911E-02 8.01859010E-04 0.00000000E+00 9.39813635E-05
 2  9-3.65223837E-03 0.00000000E+00-5.54263037E-04 3.77412581E-04-1.93981126E-04
 2 10-1.83431455E-04 0.00000000E+00 7.99249303E-05 0.00000000E+00
 3  1-2.66232194E-05-4.31949167E-04-6.73603917E-04 6.52191659E-03 0.00000000E+00
 3  2 0.00000000E+00-7.57075425E-06 0.00000000E+00 0.00000000E+00 1.35937647E-04
 3  3 0.00000000E+00 0.00000000E+00 5.17365888E-04 1.06847718E-03-5.46539651E-04
 3  4-5.21937533E-04 0.00000000E+00 0.00000000E+00 0.00000000E+00 7.03221236E-01
 3  5 2.50733967E-02-1.03309035E-02 7.69985234E-04 0.00000000E+00 1.87382815E-05
 3  6-2.75650902E-03 0.00000000E+00 4.83292747E-05-4.81408026E-04 2.45577037E-04
 3  7 2.35830989E-04 0.00000000E+00 6.93150103E-05 0.00000000E+00 7.03221236E-01
 3  8 2.50733967E-02-1.03309035E-02-7.69985234E-04 0.00000000E+00 1.87382815E-05
 3  9 2.75650902E-03 0.00000000E+00 4.83292747E-05-4.81408026E-04 2.45577037E-04
 3 10 2.35830989E-04 0.00000000E+00-6.93150103E-05 0.00000000E+00
 4  1-2.74129975E-01 1.03932581E+00 4.00625376E-02-1.01384513E-02 0.00000000E+00
 4  2 0.00000000E+00 6.37861003E-03 0.00000000E+00 0.00000000E+00 5.32736240E-04
 4  3 0.00000000E+00 0.00000000E+00-1.37621823E-04 1.59524466E-03-7.91141218E-04
 4  4-8.04103439E-04 0.00000000E+00 0.00000000E+00 0.00000000E+00 6.01244830E-05
 4  5 2.53131385E-04-6.54513889E-04-3.88436438E-04 0.00000000E+00 2.79387140E-05
 4  6-1.44727194E-03 0.00000000E+00 1.76554631E-04-9.83917245E-04 4.99070020E-04
 4  7 4.84847225E-04 0.00000000E+00 1.67784386E-04 0.00000000E+00 6.01244830E-05
 4  8 2.53131385E-04-6.54513889E-04 3.88436438E-04 0.00000000E+00 2.79387140E-05
 4  9 1.44727194E-03 0.00000000E+00 1.76554631E-04-9.83917245E-04 4.99070020E-04
 4 10 4.84847225E-04 0.00000000E+00-1.67784386E-04 0.00000000E+00
 5  1 0.00000000E+00 0.00000000E+00 0.00000000E+00 0.00000000E+00 9.96952170E-01
 5  2 0.00000000E+00 0.00000000E+00 8.43324193E-03 0.00000000E+00 0.00000000E+00
 5  3-7.13819238E-04 0.00000000E+00 0.00000000E+00 0.00000000E+00 0.00000000E+00
 5  4 0.00000000E+00 0.00000000E+00 4.27939689E-04 0.00000000E+00 2.39060098E-04
 5  5 1.78529990E-04-8.70636421E-04-3.76285393E-04 0.00000000E+00 2.38760113E-05
 5  6-5.02645217E-04 0.00000000E+00 1.31687091E-04-6.39475459E-04 3.27898270E-04
 5  7 3.11577188E-04 0.00000000E+00 1.50640419E-04 0.00000000E+00-2.39060098E-04
 5  8-1.78529990E-04 8.70636421E-04-3.76285393E-04 0.00000000E+00-2.38760113E-05
 5  9-5.02645217E-04 0.00000000E+00-1.31687091E-04 6.39475459E-04-3.27898270E-04
 5 10-3.11577188E-04 0.00000000E+00 1.50640419E-04 0.00000000E+00
 6  1 0.00000000E+00 0.00000000E+00 0.00000000E+00 0.00000000E+00 0.00000000E+00
 6  2 9.97067941E-01 0.00000000E+00 0.00000000E+00 8.39331073E-03 0.00000000E+00
 6  3 0.00000000E+00-3.84839040E-05 0.00000000E+00 0.00000000E+00 0.00000000E+00
 6  4 0.00000000E+00 0.00000000E+00 0.00000000E+00 4.11541375E-04 0.00000000E+00
 6  5 0.00000000E+00 0.00000000E+00 0.00000000E+00 1.89932564E-05 0.00000000E+00
 6  6 0.00000000E+00-1.15824610E-05 0.00000000E+00 0.00000000E+00 0.00000000E+00
 6  7 0.00000000E+00 8.14671247E-05 0.00000000E+00-1.45904237E-05 0.00000000E+00
 6  8 0.00000000E+00 0.00000000E+00 0.00000000E+00 1.89932564E-05 0.00000000E+00
 6  9 0.00000000E+00-1.15824610E-05 0.00000000E+00 0.00000000E+00 0.00000000E+00
 6 10 0.00000000E+00-8.14671247E-05 0.00000000E+00-1.45904237E-05
 7  1 1.79430066E-03-6.74338626E-03 1.85835644E-04-5.01311226E-04 0.00000000E+00
 7  2 0.00000000E+00 9.97060187E-01 0.00000000E+00 0.00000000E+00 8.34456884E-03
 7  3 0.00000000E+00 0.00000000E+00-4.49415109E-05-4.19189628E-04-1.46448848E-04
 7  4 5.65638476E-04 0.00000000E+00 0.00000000E+00 0.00000000E+00-2.98242185E-05
 7  5-6.66755698E-05 2.89961603E-04 7.03330847E-05 0.00000000E+00 1.25275807E-05
 7  6 1.82599056E-04 0.00000000E+00-3.14162989E-05 1.27145682E-04-5.19408672E-05
 7  7-7.52048149E-05 0.00000000E+00 5.82585621E-05 0.00000000E+00-2.98242185E-05
 7  8-6.66755698E-05 2.89961603E-04-7.03330847E-05 0.00000000E+00 1.25275807E-05
 7  9-1.82599056E-04 0.00000000E+00-3.14162989E-05 1.27145682E-04-5.19408672E-05
 7 10-7.52048149E-05 0.00000000E+00-5.82585621E-05 0.00000000E+00
 8  1 4.71849850E-02-1.39882702E-01 2.73555700E-01 1.80752721E-01 0.00000000E+00
 8  2 0.00000000E+00-1.25011815E-02 0.00000000E+00 0.00000000E+00 2.68458785E-02
 8  3 0.00000000E+00 0.00000000E+00 4.00892902E-03 6.52003042E-02-3.30287100E-02
 8  4-3.21715942E-02 0.00000000E+00 0.00000000E+00 0.00000000E+00-1.27850462E-01
 8  5 2.58727636E-01 2.94521937E-01 9.28200413E-02 0.00000000E+00-5.33867843E-03
 8  6 3.50933227E-02 0.00000000E+00-8.59921732E-04 7.62316608E-03-3.53595841E-03
 8  7-4.08720767E-03 0.00000000E+00 8.01570788E-04 0.00000000E+00-1.27850462E-01
 8  8 2.58727636E-01 2.94521937E-01-9.28200413E-02 0.00000000E+00-5.33867843E-03
 8  9-3.50933227E-02 0.00000000E+00-8.59921732E-04 7.62316608E-03-3.53595841E-03
 8 10-4.08720767E-03 0.00000000E+00-8.01570788E-04 0.00000000E+00
 9  1 0.00000000E+00 0.00000000E+00 0.00000000E+00 0.00000000E+00 1.12220051E-01
 9  2 0.00000000E+00 0.00000000E+00-2.16328088E-01 0.00000000E+00 0.00000000E+00
 9  3-8.99345325E-03 0.00000000E+00 0.00000000E+00 0.00000000E+00 0.00000000E+00
 9  4 0.00000000E+00 0.00000000E+00-1.35711516E-02 0.00000000E+00-1.48136589E-01
 9  5 2.94064974E-01 3.78812173E-01 8.72641707E-02 0.00000000E+00-5.24590775E-03
 9  6 4.57747837E-02 0.00000000E+00-3.69598260E-03 9.14861581E-03-4.34272986E-03
 9  7-4.80588595E-03 0.00000000E+00-2.76712094E-04 0.00000000E+00 1.48136589E-01
 9  8-2.94064974E-01-3.78812173E-01 8.72641707E-02 0.00000000E+00 5.24590775E-03
 9  9 4.57747837E-02 0.00000000E+00 3.69598260E-03-9.14861581E-03 4.34272986E-03
 9 10 4.80588595E-03 0.00000000E+00-2.76712094E-04 0.00000000E+00
10  1 6.85898050E-02-1.93905001E-01 4.32991081E-01 4.06119053E-01 0.00000000E+00
10  2 0.00000000E+00-5.79186886E-03 0.00000000E+00 0.00000000E+00 1.74308841E-02
10  3 0.00000000E+00 0.00000000E+00 1.49019276E-03-2.17298103E-02 1.13145633E-02
10  4 1.04152470E-02 0.00000000E+00 0.00000000E+00 0.00000000E+00 1.02903036E-01
10  5-2.12444930E-01-3.42583573E-01 1.52536279E-01 0.00000000E+00-9.23087017E-03
10  6 7.01044345E-02 0.00000000E+00-2.64763690E-03 1.13186428E-02-5.90552029E-03
10  7-5.41312250E-03 0.00000000E+00-2.13999571E-03 0.00000000E+00 1.02903036E-01
10  8-2.12444930E-01-3.42583573E-01-1.52536279E-01 0.00000000E+00-9.23087017E-03
10  9-7.01044345E-02 0.00000000E+00-2.64763690E-03 1.13186428E-02-5.90552029E-03
10 10-5.41312250E-03 0.00000000E+00 2.13999571E-03 0.00000000E+00
11  1 0.00000000E+00 0.00000000E+00 0.00000000E+00 0.00000000E+00-1.71968619E-01
11  2 0.00000000E+00 0.00000000E+00 4.04826132E-01 0.00000000E+00 0.00000000E+00
11  3 1.65329410E-02 0.00000000E+00 0.00000000E+00 0.00000000E+00 0.00000000E+00
11  4 0.00000000E+00 0.00000000E+00 1.49354289E-02 0.00000000E+00-6.12928972E-02
11  5 1.34852368E-01 1.93042932E-01-3.72902171E-01 0.00000000E+00 2.67328653E-02
11  6-2.30106335E-01 0.00000000E+00 1.85532176E-02-1.58859547E-02 8.17538618E-03
11  7 7.71056854E-03 0.00000000E+00 3.13285142E-03 0.00000000E+00 6.12928972E-02
11  8-1.34852368E-01-1.93042932E-01-3.72902171E-01 0.00000000E+00-2.67328653E-02
11  9-2.30106335E-01 0.00000000E+00-1.85532176E-02 1.58859547E-02-8.17538618E-03
11 10-7.71056854E-03 0.00000000E+00 3.13285142E-03 0.00000000E+00
12  1 0.00000000E+00 0.00000000E+00 0.00000000E+00 0.00000000E+00 0.00000000E+00
12  2-2.00990845E-01 0.00000000E+00 0.00000000E+00 4.69464513E-01 0.00000000E+00
12  3 0.00000000E+00 2.81559286E-01 0.00000000E+00 0.00000000E+00 0.00000000E+00
12  4 0.00000000E+00 0.00000000E+00 0.00000000E+00 1.45914858E-02 0.00000000E+00
12  5 0.00000000E+00 0.00000000E+00 0.00000000E+00 3.07759049E-01 0.00000000E+00
12  6 0.00000000E+00 1.87630633E-01 0.00000000E+00 0.00000000E+00 0.00000000E+00
12  7 0.00000000E+00 1.85967384E-02 0.00000000E+00-1.16389443E-03 0.00000000E+00
12  8 0.00000000E+00 0.00000000E+00 0.00000000E+00 3.07759049E-01 0.00000000E+00
12  9 0.00000000E+00 1.87630633E-01 0.00000000E+00 0.00000000E+00 0.00000000E+00
12 10 0.00000000E+00-1.85967384E-02 0.00000000E+00-1.16389443E-03
13  1-4.41881715E-03 1.38728154E-02-2.62055493E-02-4.25687688E-02 0.00000000E+00
13  2 0.00000000E+00-2.00296541E-01 0.00000000E+00 0.00000000E+00 4.67492967E-01
13  3 0.00000000E+00 0.00000000E+00 2.80313409E-01-1.10908136E-02-7.12437620E-03
13  4 1.82151898E-02 0.00000000E+00 0.00000000E+00 0.00000000E+00 1.98572075E-03
13  5-4.00455840E-03-9.16029899E-03 4.74934882E-02 0.00000000E+00 3.04182375E-01
13  6 3.13490446E-02 0.00000000E+00 1.85664569E-01 4.04412641E-03-1.03592644E-03
13  7-3.00819997E-03 0.00000000E+00 1.81157154E-02 0.00000000E+00 1.98572075E-03
13  8-4.00455840E-03-9.16029899E-03-4.74934882E-02 0.00000000E+00 3.04182375E-01
13  9-3.13490446E-02 0.00000000E+00 1.85664569E-01 4.04412641E-03-1.03592644E-03
13 10-3.00819997E-03 0.00000000E+00-1.81157154E-02 0.00000000E+00
14  1 0.00000000E+00 0.00000000E+00 0.00000000E+00 0.00000000E+00 0.00000000E+00
14  2 0.00000000E+00 0.00000000E+00 0.00000000E+00 0.00000000E+00 0.00000000E+00
14  3 0.00000000E+00 0.00000000E+00 0.00000000E+00 0.00000000E+00 0.00000000E+00
14  4 0.00000000E+00-1.12211330E-01 0.00000000E+00 0.00000000E+00 0.00000000E+00
14  5 0.00000000E+00 0.00000000E+00 0.00000000E+00 4.63648005E-01 0.00000000E+00
14  6 0.00000000E+00 3.30461975E-01 0.00000000E+00 0.00000000E+00 0.00000000E+00
14  7 0.00000000E+00 1.64850641E-02 0.00000000E+00-1.09829138E-03 0.00000000E+00
14  8 0.00000000E+00 0.00000000E+00 0.00000000E+00-4.63648005E-01 0.00000000E+00
14  9 0.00000000E+00-3.30461975E-01 0.00000000E+00 0.00000000E+00 0.00000000E+00
14 10 0.00000000E+00 1.64850641E-02 0.00000000E+00 1.09829138E-03
15  1 0.00000000E+00 0.00000000E+00 0.00000000E+00 0.00000000E+00-9.96009027E-03
15  2 0.00000000E+00 0.00000000E+00 2.28812719E-02 0.00000000E+00 0.00000000E+00
15  3 2.08118158E-02 0.00000000E+00 0.00000000E+00 0.00000000E+00 0.00000000E+00
15  4 0.00000000E+00 0.00000000E+00-1.11188265E-01 0.00000000E+00-1.19396371E-03
15  5 1.81046644E-03 1.10276488E-02 4.51516870E-02 0.00000000E+00 4.61128214E-01
15  6 3.34197708E-02 0.00000000E+00 3.28596519E-01 1.20399857E-03 3.55773421E-04
15  7-1.55977199E-03 0.00000000E+00 1.65232671E-02 0.00000000E+00 1.19396371E-03
15  8-1.81046644E-03-1.10276488E-02 4.51516870E-02 0.00000000E+00-4.61128214E-01
15  9 3.34197708E-02 0.00000000E+00-3.28596519E-01-1.20399857E-03-3.55773421E-04
15 10 1.55977199E-03 0.00000000E+00 1.65232671E-02 0.00000000E+00
16  1 3.06722976E-02-1.31641644E-01 1.42959386E-01 6.67677145E-01 0.00000000E+00
16  2 0.00000000E+00 4.35467399E-02 0.00000000E+00 0.00000000E+00-1.05932761E-01
16  3 0.00000000E+00 0.00000000E+00-5.53085215E-02-1.95467072E-01 9.88457489E-02
16  4 9.66213228E-02 0.00000000E+00 0.00000000E+00 0.00000000E+00 1.26777320E-02
16  5-3.45073632E-02-9.74052134E-02-4.25355311E-01 0.00000000E+00 1.44681325E-01
16  6-3.13269602E-01 0.00000000E+00 1.07764131E-01-3.38717390E-03 1.73289419E-03
16  7 1.65427971E-03 0.00000000E+00 1.47702958E-03 0.00000000E+00 1.26777320E-02
16  8-3.45073632E-02-9.74052134E-02 4.25355311E-01 0.00000000E+00 1.44681325E-01
16  9 3.13269602E-01 0.00000000E+00 1.07764131E-01-3.38717390E-03 1.73289419E-03
16 10 1.65427971E-03 0.00000000E+00-1.47702958E-03 0.00000000E+00
17  1 0.00000000E+00 0.00000000E+00 0.00000000E+00 0.00000000E+00 0.00000000E+00
17  2-2.10797441E-01 0.00000000E+00 0.00000000E+00 5.30164562E-01 0.00000000E+00
17  3 0.00000000E+00 4.30501406E-01 0.00000000E+00 0.00000000E+00 0.00000000E+00
17  4 0.00000000E+00 0.00000000E+00 0.00000000E+00 3.54273838E-06 0.00000000E+00
17  5 0.00000000E+00 0.00000000E+00 0.00000000E+00-3.94139329E-01 0.00000000E+00
17  6 0.00000000E+00-3.12612178E-01 0.00000000E+00 0.00000000E+00 0.00000000E+00
17  7 0.00000000E+00 3.94363389E-04 0.00000000E+00-2.39770086E-04 0.00000000E+00
17  8 0.00000000E+00 0.00000000E+00 0.00000000E+00-3.94139329E-01 0.00000000E+00
17  9 0.00000000E+00-3.12612178E-01 0.00000000E+00 0.00000000E+00 0.00000000E+00
17 10 0.00000000E+00-3.94363389E-04 0.00000000E+00-2.39770086E-04
18  1 7.80570332E-03-3.20334075E-02 3.95407696E-02 1.84198259E-01 0.00000000E+00
18  2 0.00000000E+00-2.06409504E-01 0.00000000E+00 0.00000000E+00 5.20329237E-01
18  3 0.00000000E+00 0.00000000E+00 4.32311520E-01-5.40472547E-02 2.73763088E-02
18  4 2.66709459E-02 0.00000000E+00 0.00000000E+00 0.00000000E+00 8.21338511E-03
18  5-1.83883396E-02-5.85347108E-02-1.50560243E-01 0.00000000E+00-3.67703111E-01
18  6-1.20018028E-01 0.00000000E+00-2.92803471E-01-2.95370567E-04 3.68169160E-04
18  7-7.27985934E-05 0.00000000E+00 7.43026784E-04 0.00000000E+00 8.21338511E-03
18  8-1.83883396E-02-5.85347108E-02 1.50560243E-01 0.00000000E+00-3.67703111E-01
18  9 1.20018028E-01 0.00000000E+00-2.92803471E-01-2.95370567E-04 3.68169160E-04
18 10-7.27985934E-05 0.00000000E+00-7.43026784E-04 0.00000000E+00
19  1 0.00000000E+00 0.00000000E+00 0.00000000E+00 0.00000000E+00-1.92995071E-01
19  2 0.00000000E+00 0.00000000E+00 5.11948320E-01 0.00000000E+00 0.00000000E+00
19  3 1.52787592E+00 0.00000000E+00 0.00000000E+00 0.00000000E+00 0.00000000E+00
19  4 0.00000000E+00 0.00000000E+00-6.25617896E-02 0.00000000E+00-8.20819745E-02
19  5 1.46527548E-01 8.39720834E-01 2.60831441E-01 0.00000000E+00-7.50823236E-02
19  6 4.75701379E-01 0.00000000E+00-7.67798045E-02 6.97213020E-03-2.98943632E-03
19  7-3.98269388E-03 0.00000000E+00 3.91891082E-03 0.00000000E+00 8.20819745E-02
19  8-1.46527548E-01-8.39720834E-01 2.60831441E-01 0.00000000E+00 7.50823236E-02
19  9 4.75701379E-01 0.00000000E+00 7.67798045E-02-6.97213020E-03 2.98943632E-03
19 10 3.98269388E-03 0.00000000E+00 3.91891082E-03 0.00000000E+00
20  1-3.97926930E-02-1.49998451E-01-6.20803880E-01 8.35326027E-01 0.00000000E+00
20  2 0.00000000E+00 2.74040630E-01 0.00000000E+00 0.00000000E+00-1.06293203E+00
20  3 0.00000000E+00 0.00000000E+00 1.20131297E+00 9.14136398E-03 4.99113784E-02
20  4-5.90527424E-02 0.00000000E+00 0.00000000E+00 0.00000000E+00 7.54337453E-03
20  5-6.02533261E-03-1.67299767E-01 6.32347318E-02 0.00000000E+00-9.96856947E-02
20  6-1.02181554E-01 0.00000000E+00-8.96759884E-02-2.78048622E-02 1.39877573E-02
20  7 1.38171049E-02 0.00000000E+00-1.40377938E-02 0.00000000E+00 7.54337453E-03
20  8-6.02533261E-03-1.67299767E-01-6.32347318E-02 0.00000000E+00-9.96856947E-02
20  9 1.02181554E-01 0.00000000E+00-8.96759884E-02-2.78048622E-02 1.39877573E-02
20 10 1.38171049E-02 0.00000000E+00 1.40377938E-02 0.00000000E+00
21  1 0.00000000E+00 0.00000000E+00 0.00000000E+00 0.00000000E+00 0.00000000E+00
21  2 2.93261630E-01 0.00000000E+00 0.00000000E+00-1.13861324E+00 0.00000000E+00
21  3 0.00000000E+00 1.26533318E+00 0.00000000E+00 0.00000000E+00 0.00000000E+00
21  4 0.00000000E+00 0.00000000E+00 0.00000000E+00-6.69496553E-02 0.00000000E+00
21  5 0.00000000E+00 0.00000000E+00 0.00000000E+00-9.45294154E-02 0.00000000E+00
21  6 0.00000000E+00-1.04870070E-01 0.00000000E+00 0.00000000E+00 0.00000000E+00
21  7 0.00000000E+00-1.98367517E-02 0.00000000E+00 1.50971070E-04 0.00000000E+00
21  8 0.00000000E+00 0.00000000E+00 0.00000000E+00-9.45294154E-02 0.00000000E+00
21  9 0.00000000E+00-1.04870070E-01 0.00000000E+00 0.00000000E+00 0.00000000E+00
21 10 0.00000000E+00 1.98367517E-02 0.00000000E+00 1.50971070E-04
22  1 0.00000000E+00 0.00000000E+00 0.00000000E+00 0.00000000E+00 3.04846041E-01
22  2 0.00000000E+00 0.00000000E+00-1.12354566E+00 0.00000000E+00 0.00000000E+00
22  3 1.55532729E+00 0.00000000E+00 0.00000000E+00 0.00000000E+00 0.00000000E+00
22  4 0.00000000E+00 0.00000000E+00 1.99496182E-02 0.00000000E+00-1.06335807E-02
22  5-4.05519934E-02 5.69608502E-01-3.17576979E-01 0.00000000E+00 1.87392631E-02
22  6 1.14391185E-01 0.00000000E+00-1.76051579E-02 5.25576122E-02-2.68033299E-02
22  7-2.57542823E-02 0.00000000E+00-9.78888790E-03 0.00000000E+00 1.06335807E-02
22  8 4.05519934E-02-5.69608502E-01-3.17576979E-01 0.00000000E+00-1.87392631E-02
22  9 1.14391185E-01 0.00000000E+00 1.76051579E-02-5.25576122E-02 2.68033299E-02
22 10 2.57542823E-02 0.00000000E+00-9.78888790E-03 0.00000000E+00
23  1-1.09623468E-01-3.76661768E-01-1.66536404E+00 2.03406769E+00 0.00000000E+00
23  2 0.00000000E+00-1.02927070E-01 0.00000000E+00 0.00000000E+00 4.01559449E-01
23  3 0.00000000E+00 0.00000000E+00-4.12021610E-01-8.65393529E-02 2.18478628E-02
23  4 6.46914901E-02 0.00000000E+00 0.00000000E+00 0.00000000E+00 1.12388061E-02
23  5-1.80116845E-02-2.64119445E-01 1.42025802E-01 0.00000000E+00 4.96338357E-03
23  6-1.59408673E-01 0.00000000E+00 5.06297377E-02-5.10999784E-02 2.60313929E-02
23  7 2.50685855E-02 0.00000000E+00 1.64909146E-02 0.00000000E+00 1.12388061E-02
23  8-1.80116845E-02-2.64119445E-01-1.42025802E-01 0.00000000E+00 4.96338357E-03
23  9 1.59408673E-01 0.00000000E+00 5.06297377E-02-5.10999784E-02 2.60313929E-02
23 10 2.50685855E-02 0.00000000E+00-1.64909146E-02 0.00000000E+00
24  1 0.00000000E+00 0.00000000E+00 0.00000000E+00 0.00000000E+00 0.00000000E+00
24  2 2.24302653E-02 0.00000000E+00 0.00000000E+00-8.41814996E-02 0.00000000E+00
24  3 0.00000000E+00 6.87714955E-02 0.00000000E+00 0.00000000E+00 0.00000000E+00
24  4 0.00000000E+00 0.00000000E+00 0.00000000E+00 9.93248969E-01 0.00000000E+00
24  5 0.00000000E+00 0.00000000E+00 0.00000000E+00-4.66626853E-02 0.00000000E+00
24  6 0.00000000E+00 1.56968387E-02 0.00000000E+00 0.00000000E+00 0.00000000E+00
24  7 0.00000000E+00 7.08573813E-03 0.00000000E+00 2.71933799E-02 0.00000000E+00
24  8 0.00000000E+00 0.00000000E+00 0.00000000E+00-4.66626853E-02 0.00000000E+00
24  9 0.00000000E+00 1.56968387E-02 0.00000000E+00 0.00000000E+00 0.00000000E+00
24 10 0.00000000E+00-7.08573813E-03 0.00000000E+00 2.71933799E-02
25  1 4.36204789E-04-3.00833409E-05 4.69894330E-03 2.46422457E-03 0.00000000E+00
25  2 0.00000000E+00 2.26276413E-02 0.00000000E+00 0.00000000E+00-8.49127875E-02
25  3 0.00000000E+00 0.00000000E+00 7.02101396E-02-1.36131904E-04-8.60060452E-01
25  4 8.60196584E-01 0.00000000E+00 0.00000000E+00 0.00000000E+00 3.44814937E-04
25  5-6.41160296E-04-3.97199937E-03-3.60724226E-03 0.00000000E+00-4.66950921E-02
25  6-2.10148248E-03 0.00000000E+00 1.58623661E-02 5.76150605E-04-2.38392011E-02
25  7 2.32630505E-02 0.00000000E+00 7.04851719E-03 0.00000000E+00 3.44814937E-04
25  8-6.41160296E-04-3.97199937E-03 3.60724226E-03 0.00000000E+00-4.66950921E-02
25  9 2.10148248E-03 0.00000000E+00 1.58623661E-02 5.76150605E-04-2.38392011E-02
25 10 2.32630505E-02 0.00000000E+00-7.04851719E-03 0.00000000E+00
26  1 0.00000000E+00 0.00000000E+00 0.00000000E+00 0.00000000E+00 0.00000000E+00
26  2 0.00000000E+00 0.00000000E+00 0.00000000E+00 0.00000000E+00 0.00000000E+00
26  3 0.00000000E+00 0.00000000E+00 0.00000000E+00 0.00000000E+00 0.00000000E+00
26  4 0.00000000E+00 8.26327921E-01 0.00000000E+00 0.00000000E+00 0.00000000E+00
26  5 0.00000000E+00 0.00000000E+00 0.00000000E+00 3.90290436E-01 0.00000000E+00
26  6 0.00000000E+00-1.70938960E-01 0.00000000E+00 0.00000000E+00 0.00000000E+00
26  7 0.00000000E+00-6.49235278E-02 0.00000000E+00 7.38057084E-03 0.00000000E+00
26  8 0.00000000E+00 0.00000000E+00 0.00000000E+00-3.90290436E-01 0.00000000E+00
26  9 0.00000000E+00 1.70938960E-01 0.00000000E+00 0.00000000E+00 0.00000000E+00
26 10 0.00000000E+00-6.49235278E-02 0.00000000E+00-7.38057084E-03
27  1 0.00000000E+00 0.00000000E+00 0.00000000E+00 0.00000000E+00-2.52585227E-02
27  2 0.00000000E+00 0.00000000E+00 9.43292309E-02 0.00000000E+00 0.00000000E+00
27  3 2.46385047E-01 0.00000000E+00 0.00000000E+00 0.00000000E+00 0.00000000E+00
27  4 0.00000000E+00 0.00000000E+00 8.25855775E-01 0.00000000E+00-1.86235525E-02
27  5 6.31354335E-02 1.33839906E-01 4.62220631E-02 0.00000000E+00 3.83457984E-01
27  6 1.33961928E-01 0.00000000E+00-1.91740264E-01-9.90949639E-03-1.36360197E-03
27  7 1.12730984E-02 0.00000000E+00-6.36049252E-02 0.00000000E+00 1.86235525E-02
27  8-6.31354335E-02-1.33839906E-01 4.62220631E-02 0.00000000E+00-3.83457984E-01
27  9 1.33961928E-01 0.00000000E+00 1.91740264E-01 9.90949639E-03 1.36360197E-03
27 10-1.12730984E-02 0.00000000E+00-6.36049252E-02 0.00000000E+00
28  1 1.01139660E-02-3.75387067E-02 7.97990552E-02 1.12813779E+00 0.00000000E+00
28  2 0.00000000E+00-1.65646149E-02 0.00000000E+00 0.00000000E+00 8.03775290E-02
28  3 0.00000000E+00 0.00000000E+00 3.66479436E-02 6.95311059E-01-3.51744500E-01
28  4-3.43566559E-01 0.00000000E+00 0.00000000E+00 0.00000000E+00 5.94915471E-02
28  5-2.16805350E-01-3.12075126E-01 3.60680420E-01 0.00000000E+00-4.92594441E-03
28  6-1.05414856E+00 0.00000000E+00 7.14657938E-02 1.65729722E-02-9.06982962E-03
28  7-7.50314254E-03 0.00000000E+00-7.37752302E-03 0.00000000E+00 5.94915471E-02
28  8-2.16805350E-01-3.12075126E-01-3.60680420E-01 0.00000000E+00-4.92594441E-03
28  9 1.05414856E+00 0.00000000E+00 7.14657938E-02 1.65729722E-02-9.06982962E-03
28 10-7.50314254E-03 0.00000000E+00 7.37752302E-03 0.00000000E+00
29  1 0.00000000E+00 0.00000000E+00 0.00000000E+00 0.00000000E+00-7.01950783E-02
29  2 0.00000000E+00 0.00000000E+00 4.91402943E-01 0.00000000E+00 0.00000000E+00
29  3-6.07044181E-02 0.00000000E+00 0.00000000E+00 0.00000000E+00 0.00000000E+00
29  4 0.00000000E+00 0.00000000E+00 2.87309171E-01 0.00000000E+00-2.08554723E-02
29  5 9.08858467E-02 2.57618015E-02-4.89804957E-01 0.00000000E+00-2.77593130E-01
29  6 8.11065037E-01 0.00000000E+00 3.70624062E-01-5.11801618E-02 2.31003492E-02
29  7 2.80798126E-02 0.00000000E+00-2.30021410E-02 0.00000000E+00 2.08554723E-02
29  8-9.08858467E-02-2.57618015E-02-4.89804957E-01 0.00000000E+00 2.77593130E-01
29  9 8.11065037E-01 0.00000000E+00-3.70624062E-01 5.11801618E-02-2.31003492E-02
29 10-2.80798126E-02 0.00000000E+00-2.30021410E-02 0.00000000E+00
30  1 0.00000000E+00 0.00000000E+00 0.00000000E+00 0.00000000E+00 0.00000000E+00
30  2 0.00000000E+00 0.00000000E+00 0.00000000E+00 0.00000000E+00 0.00000000E+00
30  3 0.00000000E+00 0.00000000E+00 0.00000000E+00 0.00000000E+00 0.00000000E+00
30  4 0.00000000E+00 5.81223923E-01 0.00000000E+00 0.00000000E+00 0.00000000E+00
30  5 0.00000000E+00 0.00000000E+00 0.00000000E+00-5.25950412E-01 0.00000000E+00
30  6 0.00000000E+00 7.61379168E-01 0.00000000E+00 0.00000000E+00 0.00000000E+00
30  7 0.00000000E+00-7.10096691E-02 0.00000000E+00 7.66984137E-03 0.00000000E+00
30  8 0.00000000E+00 0.00000000E+00 0.00000000E+00 5.25950412E-01 0.00000000E+00
30  9 0.00000000E+00-7.61379168E-01 0.00000000E+00 0.00000000E+00 0.00000000E+00
30 10 0.00000000E+00-7.10096691E-02 0.00000000E+00-7.66984137E-03
31  1 0.00000000E+00 0.00000000E+00 0.00000000E+00 0.00000000E+00 3.70406319E-02
31  2 0.00000000E+00 0.00000000E+00-2.92497497E-01 0.00000000E+00 0.00000000E+00
31  3 4.43344279E-02 0.00000000E+00 0.00000000E+00 0.00000000E+00 0.00000000E+00
31  4 0.00000000E+00 0.00000000E+00 5.10448091E-01 0.00000000E+00 1.02775470E-02
31  5-7.50465900E-02 3.82112793E-02 3.09432529E-01 0.00000000E+00-4.47411403E-01
31  6-4.40632901E-01 0.00000000E+00 6.60262318E-01 1.88784502E-02-1.56973028E-02
31  7-3.18114748E-03 0.00000000E+00-6.84544830E-02 0.00000000E+00-1.02775470E-02
31  8 7.50465900E-02-3.82112793E-02 3.09432529E-01 0.00000000E+00 4.47411403E-01
31  9-4.40632901E-01 0.00000000E+00-6.60262318E-01-1.88784502E-02 1.56973028E-02
31 10 3.18114748E-03 0.00000000E+00-6.84544830E-02 0.00000000E+00
32  1 3.15687246E-03 1.70596518E-02 5.76503146E-02-3.93396629E-02 0.00000000E+00
32  2 0.00000000E+00-2.21894599E-02 0.00000000E+00 0.00000000E+00 1.11343423E-01
32  3 0.00000000E+00 0.00000000E+00-6.36205740E-01 1.83320076E-02 4.68340749E-02
32  4-6.51660825E-02 0.00000000E+00 0.00000000E+00 0.00000000E+00-2.48035334E-03
32  5 3.45142794E-02-8.15898442E-03-2.66711611E-02 0.00000000E+00-6.30984088E-01
32  6 4.10298714E-02 0.00000000E+00 9.02087641E-01 1.51322819E-03-2.32001686E-04
32  7-1.28122650E-03 0.00000000E+00-2.59139994E-02 0.00000000E+00-2.48035334E-03
32  8 3.45142794E-02-8.15898442E-03 2.66711611E-02 0.00000000E+00-6.30984088E-01
32  9-4.10298714E-02 0.00000000E+00 9.02087641E-01 1.51322819E-03-2.32001686E-04
32 10-1.28122650E-03 0.00000000E+00 2.59139994E-02 0.00000000E+00
33  1 0.00000000E+00 0.00000000E+00 0.00000000E+00 0.00000000E+00 0.00000000E+00
33  2-2.21679002E-02 0.00000000E+00 0.00000000E+00 1.09737808E-01 0.00000000E+00
33  3 0.00000000E+00-6.37858410E-01 0.00000000E+00 0.00000000E+00 0.00000000E+00
33  4 0.00000000E+00 0.00000000E+00 0.00000000E+00-6.46260556E-02 0.00000000E+00
33  5 0.00000000E+00 0.00000000E+00 0.00000000E+00-6.32168928E-01 0.00000000E+00
33  6 0.00000000E+00 9.04976763E-01 0.00000000E+00 0.00000000E+00 0.00000000E+00
33  7 0.00000000E+00-2.55208399E-02 0.00000000E+00-6.29939434E-04 0.00000000E+00
33  8 0.00000000E+00 0.00000000E+00 0.00000000E+00-6.32168928E-01 0.00000000E+00
33  9 0.00000000E+00 9.04976763E-01 0.00000000E+00 0.00000000E+00 0.00000000E+00
33 10 0.00000000E+00 2.55208399E-02 0.00000000E+00-6.29939434E-04
34  1-3.16833723E-02-2.28763782E-01-6.49334883E-01 8.44292260E-01 0.00000000E+00
34  2 0.00000000E+00-9.65870795E-03 0.00000000E+00 0.00000000E+00 2.18136383E-02
34  3 0.00000000E+00 0.00000000E+00 4.51097834E-04 9.49542261E-01-4.77797551E-01
34  4-4.71744710E-01 0.00000000E+00 0.00000000E+00 0.00000000E+00 3.71552650E-02
34  5-1.28900051E-01-2.69833299E-01-5.45218771E-01 0.00000000E+00 3.63760875E-02
34  6 2.08334611E-01 0.00000000E+00 2.94838835E-02 1.40745173E-02-9.65726825E-03
34  7-4.41724904E-03 0.00000000E+00-2.90995627E-02 0.00000000E+00 3.71552650E-02
34  8-1.28900051E-01-2.69833299E-01 5.45218771E-01 0.00000000E+00 3.63760875E-02
34  9-2.08334611E-01 0.00000000E+00 2.94838835E-02 1.40745173E-02-9.65726825E-03
34 10-4.41724904E-03 0.00000000E+00 2.90995627E-02 0.00000000E+00
35  1 1.37577461E-02 1.74025059E-01 3.50163109E-01-1.60085137E+00 0.00000000E+00
35  2 0.00000000E+00 3.75622318E-03 0.00000000E+00 0.00000000E+00-2.64941915E-02
35  3 0.00000000E+00 0.00000000E+00-1.30354094E-01-4.02811189E-01 2.06319695E-01
35  4 1.96491494E-01 0.00000000E+00 0.00000000E+00 0.00000000E+00 1.19996378E-02
35  5-1.14922595E+00 1.61549265E+00-5.46728537E-02 0.00000000E+00-2.30716337E-02
35  6 6.02749754E-01 0.00000000E+00 6.55981834E-03-1.65789319E-01 8.46010204E-02
35  7 8.11882989E-02 0.00000000E+00 2.11433096E-02 0.00000000E+00 1.19996378E-02
35  8-1.14922595E+00 1.61549265E+00 5.46728537E-02 0.00000000E+00-2.30716337E-02
35  9-6.02749754E-01 0.00000000E+00 6.55981834E-03-1.65789319E-01 8.46010204E-02
35 10 8.11882989E-02 0.00000000E+00-2.11433096E-02 0.00000000E+00
36  1 0.00000000E+00 0.00000000E+00 0.00000000E+00 0.00000000E+00-2.21949766E-02
36  2 0.00000000E+00 0.00000000E+00 1.90421926E-01 0.00000000E+00 0.00000000E+00
36  3 1.69874676E+00 0.00000000E+00 0.00000000E+00 0.00000000E+00 0.00000000E+00
36  4 0.00000000E+00 0.00000000E+00 7.17361233E-02 0.00000000E+00-3.61349716E-03
36  5-1.27067458E+00 2.18770203E+00-6.50163696E-02 0.00000000E+00 3.20946217E-02
36  6 5.90909499E-01 0.00000000E+00-1.11766218E-01-2.44379661E-01 1.22962330E-01
36  7 1.21417331E-01 0.00000000E+00 3.66979976E-02 0.00000000E+00 3.61349716E-03
36  8 1.27067458E+00-2.18770203E+00-6.50163696E-02 0.00000000E+00-3.20946217E-02
36  9 5.90909499E-01 0.00000000E+00 1.11766218E-01 2.44379661E-01-1.22962330E-01
36 10-1.21417331E-01 0.00000000E+00 3.66979976E-02 0.00000000E+00
37  1 0.00000000E+00 0.00000000E+00 0.00000000E+00 0.00000000E+00 0.00000000E+00
37  2 0.00000000E+00 0.00000000E+00 0.00000000E+00 0.00000000E+00 0.00000000E+00
37  3 0.00000000E+00 0.00000000E+00 0.00000000E+00 0.00000000E+00 0.00000000E+00
37  4 0.00000000E+00 1.03587960E-02 0.00000000E+00 0.00000000E+00 0.00000000E+00
37  5 0.00000000E+00 0.00000000E+00 0.00000000E+00-1.61193708E-03 0.00000000E+00
37  6 0.00000000E+00 3.05427548E-03 0.00000000E+00 0.00000000E+00 0.00000000E+00
37  7 0.00000000E+00 9.13360536E-02 0.00000000E+00 7.01199297E-01 0.00000000E+00
37  8 0.00000000E+00 0.00000000E+00 0.00000000E+00 1.61193708E-03 0.00000000E+00
37  9 0.00000000E+00-3.05427548E-03 0.00000000E+00 0.00000000E+00 0.00000000E+00
37 10 0.00000000E+00 9.13360536E-02 0.00000000E+00-7.01199297E-01
38  1 0.00000000E+00 0.00000000E+00 0.00000000E+00 0.00000000E+00 9.85239971E-05
38  2 0.00000000E+00 0.00000000E+00-5.47427177E-04 0.00000000E+00 0.00000000E+00
38  3 1.69867961E-03 0.00000000E+00 0.00000000E+00 0.00000000E+00 0.00000000E+00
38  4 0.00000000E+00 0.00000000E+00-1.03932862E-02 0.00000000E+00 8.27085985E-05
38  5-1.04291092E-03 1.17713483E-03-1.92132960E-04 0.00000000E+00 1.67452417E-03
38  6-2.09087594E-04 0.00000000E+00-3.11254139E-03-1.02056205E-02 6.12354433E-01
38  7-6.02148812E-01 0.00000000E+00-9.08074472E-02 0.00000000E+00-8.27085985E-05
38  8 1.04291092E-03-1.17713483E-03-1.92132960E-04 0.00000000E+00-1.67452417E-03
38  9-2.09087594E-04 0.00000000E+00 3.11254139E-03 1.02056205E-02-6.12354433E-01
38 10 6.02148812E-01 0.00000000E+00-9.08074472E-02 0.00000000E+00
39  1 0.00000000E+00 0.00000000E+00 0.00000000E+00 0.00000000E+00 0.00000000E+00
39  2-4.38869342E-03 0.00000000E+00 0.00000000E+00 1.29402865E-02 0.00000000E+00
39  3 0.00000000E+00 7.90122974E-03 0.00000000E+00 0.00000000E+00 0.00000000E+00
39  4 0.00000000E+00 0.00000000E+00 0.00000000E+00-8.25964540E-02 0.00000000E+00
39  5 0.00000000E+00 0.00000000E+00 0.00000000E+00 3.66426140E-03 0.00000000E+00
39  6 0.00000000E+00-5.49278872E-03 0.00000000E+00 0.00000000E+00 0.00000000E+00
39  7 0.00000000E+00-7.88297905E-03 0.00000000E+00 7.07319037E-01 0.00000000E+00
39  8 0.00000000E+00 0.00000000E+00 0.00000000E+00 3.66426140E-03 0.00000000E+00
39  9 0.00000000E+00-5.49278872E-03 0.00000000E+00 0.00000000E+00 0.00000000E+00
39 10 0.00000000E+00 7.88297905E-03 0.00000000E+00 7.07319037E-01
40  1 2.60139283E-04 7.72163408E-04 3.98227186E-03-1.85296988E-03 0.00000000E+00
40  2 0.00000000E+00-2.86393783E-03 0.00000000E+00 0.00000000E+00 8.77217925E-03
40  3 0.00000000E+00 0.00000000E+00 3.32880657E-03-3.17705498E-03 7.45195524E-02
40  4-7.13424974E-02 0.00000000E+00 0.00000000E+00 0.00000000E+00-1.81846788E-04
40  5 1.98043166E-03-9.59109192E-04 1.92093755E-03 0.00000000E+00 1.54833461E-03
40  6-1.78777200E-03 0.00000000E+00-1.81855666E-03-6.23254556E-03-6.09195910E-01
40  7 6.15428455E-01 0.00000000E+00 1.96453152E-02 0.00000000E+00-1.81846788E-04
40  8 1.98043166E-03-9.59109192E-04-1.92093755E-03 0.00000000E+00 1.54833461E-03
40  9 1.78777200E-03 0.00000000E+00-1.81855666E-03-6.23254556E-03-6.09195910E-01
40 10 6.15428455E-01 0.00000000E+00-1.96453152E-02 0.00000000E+00
41  1 0.00000000E+00 0.00000000E+00 0.00000000E+00 0.00000000E+00 0.00000000E+00
41  2 4.22154797E-02 0.00000000E+00 0.00000000E+00-1.19335371E-01 0.00000000E+00
41  3 0.00000000E+00-1.20916409E-01 0.00000000E+00 0.00000000E+00 0.00000000E+00
41  4 0.00000000E+00 0.00000000E+00 0.00000000E+00-4.51005956E-02 0.00000000E+00
41  5 0.00000000E+00 0.00000000E+00 0.00000000E+00-5.29851202E-02 0.00000000E+00
41  6 0.00000000E+00 9.87434311E-02 0.00000000E+00 0.00000000E+00 0.00000000E+00
41  7 0.00000000E+00 7.14529358E-01 0.00000000E+00 7.05915376E-03 0.00000000E+00
41  8 0.00000000E+00 0.00000000E+00 0.00000000E+00-5.29851202E-02 0.00000000E+00
41  9 0.00000000E+00 9.87434311E-02 0.00000000E+00 0.00000000E+00 0.00000000E+00
41 10 0.00000000E+00-7.14529358E-01 0.00000000E+00 7.05915376E-03
42  1-2.82928332E-03-2.67972854E-03-3.69049933E-02-3.52983311E-02 0.00000000E+00
42  2 0.00000000E+00 4.30243740E-02 0.00000000E+00 0.00000000E+00-1.23960896E-01
42  3 0.00000000E+00 0.00000000E+00-1.23899786E-01 3.26537257E-02 2.01375650E-02
42  4-5.27912908E-02 0.00000000E+00 0.00000000E+00 0.00000000E+00 1.06094363E-03
42  5-4.98648043E-02 6.16803663E-02-2.77254526E-02 0.00000000E+00-5.14353772E-02
42  6 5.08564845E-02 0.00000000E+00 9.77622489E-02 1.59355166E-01-6.38525864E-02
42  7-9.55025795E-02 0.00000000E+00 6.96092216E-01 0.00000000E+00 1.06094363E-03
42  8-4.98648043E-02 6.16803663E-02 2.77254526E-02 0.00000000E+00-5.14353772E-02
42  9-5.08564845E-02 0.00000000E+00 9.77622489E-02 1.59355166E-01-6.38525864E-02
42 10-9.55025795E-02 0.00000000E+00-6.96092216E-01 0.00000000E+00
43  1 0.00000000E+00 0.00000000E+00 0.00000000E+00 0.00000000E+00 2.25159764E-02
43  2 0.00000000E+00 0.00000000E+00-1.05685240E-01 0.00000000E+00 0.00000000E+00
43  3-2.94886291E-02 0.00000000E+00 0.00000000E+00 0.00000000E+00 0.00000000E+00
43  4 0.00000000E+00 0.00000000E+00 4.25779882E-01 0.00000000E+00-5.09192494E-05
43  5 6.51832685E-02-8.96095872E-02 2.30706738E-02 0.00000000E+00-4.29770943E-02
43  6-4.68623851E-02 0.00000000E+00 1.35543020E-01 3.59076558E-02 6.22912863E-02
43  7-9.81989421E-02 0.00000000E+00 7.20414193E-01 0.00000000E+00 5.09192494E-05
43  8-6.51832685E-02 8.96095872E-02 2.30706738E-02 0.00000000E+00 4.29770943E-02
43  9-4.68623851E-02 0.00000000E+00-1.35543020E-01-3.59076558E-02-6.22912863E-02
43 10 9.81989421E-02 0.00000000E+00 7.20414193E-01 0.00000000E+00
44  1 0.00000000E+00 0.00000000E+00 0.00000000E+00 0.00000000E+00 0.00000000E+00
44  2 0.00000000E+00 0.00000000E+00 0.00000000E+00 0.00000000E+00 0.00000000E+00
44  3 0.00000000E+00 0.00000000E+00 0.00000000E+00 0.00000000E+00 0.00000000E+00
44  4 0.00000000E+00 4.42015639E-01 0.00000000E+00 0.00000000E+00 0.00000000E+00
44  5 0.00000000E+00 0.00000000E+00 0.00000000E+00-4.08423148E-02 0.00000000E+00
44  6 0.00000000E+00 1.33922378E-01 0.00000000E+00 0.00000000E+00 0.00000000E+00
44  7 0.00000000E+00 7.23114091E-01 0.00000000E+00-9.29571075E-02 0.00000000E+00
44  8 0.00000000E+00 0.00000000E+00 0.00000000E+00 4.08423148E-02 0.00000000E+00
44  9 0.00000000E+00-1.33922378E-01 0.00000000E+00 0.00000000E+00 0.00000000E+00
44 10 0.00000000E+00 7.23114091E-01 0.00000000E+00 9.29571075E-02
45  1 0.00000000E+00 0.00000000E+00 0.00000000E+00 0.00000000E+00-1.98773185E-01
45  2 0.00000000E+00 0.00000000E+00 9.46016878E-01 0.00000000E+00 0.00000000E+00
45  3 5.01861337E-01 0.00000000E+00 0.00000000E+00 0.00000000E+00 0.00000000E+00
45  4 0.00000000E+00 0.00000000E+00 1.60255238E-01 0.00000000E+00-1.72660153E-02
45  5-6.09959451E-01 1.09366609E+00-8.28478577E-02 0.00000000E+00 9.28882132E-03
45  6 6.01809941E-01 0.00000000E+00-4.24844671E-02 7.33442989E-01-3.60987771E-01
45  7-3.72455218E-01 0.00000000E+00-2.61112753E-02 0.00000000E+00 1.72660153E-02
45  8 6.09959451E-01-1.09366609E+00-8.28478577E-02 0.00000000E+00-9.28882132E-03
45  9 6.01809941E-01 0.00000000E+00 4.24844671E-02-7.33442989E-01 3.60987771E-01
45 10 3.72455218E-01 0.00000000E+00-2.61112753E-02 0.00000000E+00
46  1 2.96841524E-02-1.05516008E-01 2.25268553E-01 1.23329037E+00 0.00000000E+00
46  2 0.00000000E+00-1.80129028E-02 0.00000000E+00 0.00000000E+00 8.91499736E-02
46  3 0.00000000E+00 0.00000000E+00 3.88362169E-02 9.39448952E-01-4.72647700E-01
46  4-4.66801252E-01 0.00000000E+00 0.00000000E+00 0.00000000E+00 3.15898098E-02
46  5 5.29663397E-01-1.12494731E+00-2.88956693E-02 0.00000000E+00 4.49837922E-03
46  6-6.99779131E-01 0.00000000E+00 6.89961289E-02-8.03468703E-01 4.11865144E-01
46  7 3.91603558E-01 0.00000000E+00 1.82256588E-01 0.00000000E+00 3.15898098E-02
46  8 5.29663397E-01-1.12494731E+00 2.88956693E-02 0.00000000E+00 4.49837922E-03
46  9 6.99779131E-01 0.00000000E+00 6.89961289E-02-8.03468703E-01 4.11865144E-01
46 10 3.91603558E-01 0.00000000E+00-1.82256588E-01 0.00000000E+00
 $END   
 POPULATION ANALYSIS
S           15.27181   0.72819  15.31626   0.68374
O            8.36409  -0.36409   8.34187  -0.34187
O            8.36409  -0.36409   8.34187  -0.34187
 MOMENTS AT POINT    1 X,Y,Z=  0.000000  0.000000  0.000000
 DIPOLE       0.000000  0.000000 -0.096307
