 $DATA  
Title                                                                           
CNV      2

S          16.0      0.0000000000      0.0000000000     -0.0871799293
   PC1     0
        
O           8.0      1.9923893962      0.0000000000      0.0871315562
   PC1     0
        
 $END      
 $ZMAT   IZMAT(1)=
         1,   3,   1,
         1,   2,   1,
         2,   2,   1,   3,
 $END
--- CLOSED SHELL ORBITALS --- GENERATED AT Thu Feb 26 00:23:17 2015
Title                                                                           
E(R-PBE)=        0.0000000000, E(NUC)=   76.2338658285,   30 ITERS
 $VEC   
 1  1 1.00297718E+00-1.02706287E-02 1.77532866E-03-9.90970647E-04 0.00000000E+00
 1  2 0.00000000E+00-1.38257818E-05 0.00000000E+00 0.00000000E+00 8.76138165E-06
 1  3 0.00000000E+00 0.00000000E+00-1.53918043E-05-3.66431192E-05 1.87202015E-05
 1  4 1.79229177E-05 0.00000000E+00 0.00000000E+00 0.00000000E+00-3.24875762E-06
 1  5-2.60540617E-05 1.07987390E-04 1.39179442E-05 0.00000000E+00-1.98133583E-06
 1  6 3.10224663E-05 0.00000000E+00 2.77201211E-07-1.37355905E-05 6.97423910E-06
 1  7 6.76135137E-06 0.00000000E+00 2.50392282E-06 0.00000000E+00-3.24875762E-06
 1  8-2.60540617E-05 1.07987390E-04-1.39179442E-05 0.00000000E+00-1.98133583E-06
 1  9-3.10224663E-05 0.00000000E+00 2.77201211E-07-1.37355905E-05 6.97423910E-06
 1 10 6.76135137E-06 0.00000000E+00-2.50392282E-06 0.00000000E+00
 2  1 0.00000000E+00 0.00000000E+00 0.00000000E+00 0.00000000E+00 6.72754622E-05
 2  2 0.00000000E+00 0.00000000E+00 1.73051647E-04 0.00000000E+00 0.00000000E+00
 2  3-5.86731200E-03 0.00000000E+00 0.00000000E+00 0.00000000E+00 0.00000000E+00
 2  4 0.00000000E+00 0.00000000E+00-3.23682448E-04 0.00000000E+00 7.03276078E-01
 2  5 2.49151628E-02-1.06660019E-02 7.63574168E-04 0.00000000E+00-1.20880725E-04
 2  6-2.50026373E-03 0.00000000E+00 3.28562242E-04-2.18410298E-04 1.01306138E-04
 2  7 1.17104161E-04 0.00000000E+00 3.33737578E-05 0.00000000E+00-7.03276078E-01
 2  8-2.49151628E-02 1.06660019E-02 7.63574168E-04 0.00000000E+00 1.20880725E-04
 2  9-2.50026373E-03 0.00000000E+00-3.28562242E-04 2.18410298E-04-1.01306138E-04
 2 10-1.17104161E-04 0.00000000E+00 3.33737578E-05 0.00000000E+00
 3  1-5.33124345E-05-7.74390187E-04-1.54713972E-03 4.03695518E-03 0.00000000E+00
 3  2 0.00000000E+00-9.15685065E-06 0.00000000E+00 0.00000000E+00 1.91056771E-05
 3  3 0.00000000E+00 0.00000000E+00 3.01717910E-04 1.39151549E-03-7.04707059E-04
 3  4-6.86808429E-04 0.00000000E+00 0.00000000E+00 0.00000000E+00 7.03212926E-01
 3  5 2.40599300E-02-8.23949922E-03 6.54954085E-04 0.00000000E+00-7.17940408E-05
 3  6-1.53009858E-03 0.00000000E+00 8.70291145E-05-2.75298963E-04 1.28890289E-04
 3  7 1.46408674E-04 0.00000000E+00 2.44308194E-05 0.00000000E+00 7.03212926E-01
 3  8 2.40599300E-02-8.23949922E-03-6.54954085E-04 0.00000000E+00-7.17940408E-05
 3  9 1.53009858E-03 0.00000000E+00 8.70291145E-05-2.75298963E-04 1.28890289E-04
 3 10 1.46408674E-04 0.00000000E+00-2.44308194E-05 0.00000000E+00
 4  1-2.74218250E-01 1.03965710E+00 3.96341500E-02-1.26037893E-02 0.00000000E+00
 4  2 0.00000000E+00-2.57448610E-03 0.00000000E+00 0.00000000E+00-1.64204488E-04
 4  3 0.00000000E+00 0.00000000E+00-3.40982681E-05-1.46982778E-04 2.46396691E-04
 4  4-9.94139138E-05 0.00000000E+00 0.00000000E+00 0.00000000E+00-1.42757118E-05
 4  5-9.84207522E-05 8.84808240E-04 1.14417874E-04 0.00000000E+00-1.54007670E-05
 4  6 9.35568871E-05 0.00000000E+00 9.49471952E-06-3.13009429E-04 1.57936717E-04
 4  7 1.55072712E-04 0.00000000E+00 5.07737940E-05 0.00000000E+00-1.42757118E-05
 4  8-9.84207522E-05 8.84808240E-04-1.14417874E-04 0.00000000E+00-1.54007670E-05
 4  9-9.35568871E-05 0.00000000E+00 9.49471952E-06-3.13009429E-04 1.57936717E-04
 4 10 1.55072712E-04 0.00000000E+00-5.07737940E-05 0.00000000E+00
 5  1 0.00000000E+00 0.00000000E+00 0.00000000E+00 0.00000000E+00 0.00000000E+00
 5  2 9.97150494E-01 0.00000000E+00 0.00000000E+00 8.16965255E-03 0.00000000E+00
 5  3 0.00000000E+00-6.87066964E-05 0.00000000E+00 0.00000000E+00 0.00000000E+00
 5  4 0.00000000E+00 0.00000000E+00 0.00000000E+00-1.99677093E-04 0.00000000E+00
 5  5 0.00000000E+00 0.00000000E+00 0.00000000E+00 2.47097093E-06 0.00000000E+00
 5  6 0.00000000E+00-3.28714235E-05 0.00000000E+00 0.00000000E+00 0.00000000E+00
 5  7 0.00000000E+00-2.39971828E-05 0.00000000E+00 2.62696518E-06 0.00000000E+00
 5  8 0.00000000E+00 0.00000000E+00 0.00000000E+00 2.47097093E-06 0.00000000E+00
 5  9 0.00000000E+00-3.28714235E-05 0.00000000E+00 0.00000000E+00 0.00000000E+00
 5 10 0.00000000E+00 2.39971828E-05 0.00000000E+00 2.62696518E-06
 6  1 0.00000000E+00 0.00000000E+00 0.00000000E+00 0.00000000E+00 9.97256767E-01
 6  2 0.00000000E+00 0.00000000E+00 7.81191830E-03 0.00000000E+00 0.00000000E+00
 6  3 1.14936431E-04 0.00000000E+00 0.00000000E+00 0.00000000E+00 0.00000000E+00
 6  4 0.00000000E+00 0.00000000E+00-1.91417452E-04 0.00000000E+00 3.19238889E-06
 6  5 3.38244002E-05 6.30758236E-05 7.99513036E-05 0.00000000E+00-9.71601128E-07
 6  6-5.60508435E-05 0.00000000E+00-1.72835082E-05-2.10412005E-05 1.00551788E-05
 6  7 1.09860217E-05 0.00000000E+00-3.94293170E-06 0.00000000E+00-3.19238889E-06
 6  8-3.38244002E-05-6.30758236E-05 7.99513036E-05 0.00000000E+00 9.71601128E-07
 6  9-5.60508435E-05 0.00000000E+00 1.72835082E-05 2.10412005E-05-1.00551788E-05
 6 10-1.09860217E-05 0.00000000E+00-3.94293170E-06 0.00000000E+00
 7  1-7.38267807E-04 2.72194365E-03-2.04888900E-04 1.59116585E-04 0.00000000E+00
 7  2 0.00000000E+00 9.97280134E-01 0.00000000E+00 0.00000000E+00 7.75169397E-03
 7  3 0.00000000E+00 0.00000000E+00 9.71209029E-05 1.48407180E-04 9.90318563E-05
 7  4-2.47439036E-04 0.00000000E+00 0.00000000E+00 0.00000000E+00 1.81205911E-06
 7  5 1.91636547E-05-5.48978744E-05-4.19579206E-06 0.00000000E+00 4.07443504E-06
 7  6-3.68045876E-05 0.00000000E+00-4.41767409E-05-1.38073433E-05 4.64932726E-06
 7  7 9.15801603E-06 0.00000000E+00-2.29681337E-05 0.00000000E+00 1.81205911E-06
 7  8 1.91636547E-05-5.48978744E-05 4.19579206E-06 0.00000000E+00 4.07443504E-06
 7  9 3.68045876E-05 0.00000000E+00-4.41767409E-05-1.38073433E-05 4.64932726E-06
 7 10 9.15801603E-06 0.00000000E+00 2.29681337E-05 0.00000000E+00
 8  1 4.76337988E-02-1.35065350E-01 2.92118106E-01 2.41111274E-01 0.00000000E+00
 8  2 0.00000000E+00-9.40620465E-04 0.00000000E+00 0.00000000E+00 7.80339490E-04
 8  3 0.00000000E+00 0.00000000E+00-5.76519428E-04 2.69886986E-02-1.11245077E-02
 8  4-1.58641909E-02 0.00000000E+00 0.00000000E+00 0.00000000E+00-1.29108300E-01
 8  5 2.62765478E-01 3.25160949E-01 5.54887046E-02 0.00000000E+00-6.44256138E-03
 8  6 3.12771154E-02 0.00000000E+00-3.77609194E-03 5.62153282E-03-3.74280130E-03
 8  7-1.87873152E-03 0.00000000E+00-2.07487564E-03 0.00000000E+00-1.29108300E-01
 8  8 2.62765478E-01 3.25160949E-01-5.54887046E-02 0.00000000E+00-6.44256138E-03
 8  9-3.12771154E-02 0.00000000E+00-3.77609194E-03 5.62153282E-03-3.74280130E-03
 8 10-1.87873152E-03 0.00000000E+00 2.07487564E-03 0.00000000E+00
 9  1 0.00000000E+00 0.00000000E+00 0.00000000E+00 0.00000000E+00 5.96958981E-02
 9  2 0.00000000E+00 0.00000000E+00-1.27247766E-01 0.00000000E+00 0.00000000E+00
 9  3-4.31576998E-02 0.00000000E+00 0.00000000E+00 0.00000000E+00 0.00000000E+00
 9  4 0.00000000E+00 0.00000000E+00-3.31760749E-03 0.00000000E+00-1.55896423E-01
 9  5 3.19078852E-01 4.00209620E-01 4.74117851E-02 0.00000000E+00-5.94301067E-03
 9  6 3.22629458E-02 0.00000000E+00-3.72131907E-03 4.54671616E-03-3.39526463E-03
 9  7-1.15145153E-03 0.00000000E+00-2.09505874E-03 0.00000000E+00 1.55896423E-01
 9  8-3.19078852E-01-4.00209620E-01 4.74117851E-02 0.00000000E+00 5.94301067E-03
 9  9 3.22629458E-02 0.00000000E+00 3.72131907E-03-4.54671616E-03 3.39526463E-03
 9 10 1.15145153E-03 0.00000000E+00-2.09505874E-03 0.00000000E+00
10  1 7.63926746E-02-2.07710300E-01 4.91311099E-01 4.20178405E-01 0.00000000E+00
10  2 0.00000000E+00 1.06597470E-02 0.00000000E+00 0.00000000E+00-2.58485943E-02
10  3 0.00000000E+00 0.00000000E+00-1.06045118E-02-2.09536682E-02 1.51321629E-02
10  4 5.82150529E-03 0.00000000E+00 0.00000000E+00 0.00000000E+00 9.99880504E-02
10  5-2.08547227E-01-2.89013416E-01 3.75523460E-02 0.00000000E+00-3.83763505E-03
10  6 8.86376805E-03 0.00000000E+00-5.74878276E-04 4.64912472E-03-1.62770134E-03
10  7-3.02142338E-03 0.00000000E+00-3.08560017E-05 0.00000000E+00 9.99880504E-02
10  8-2.08547227E-01-2.89013416E-01-3.75523460E-02 0.00000000E+00-3.83763505E-03
10  9-8.86376805E-03 0.00000000E+00-5.74878276E-04 4.64912472E-03-1.62770134E-03
10 10-3.02142338E-03 0.00000000E+00 3.08560017E-05 0.00000000E+00
11  1 0.00000000E+00 0.00000000E+00 0.00000000E+00 0.00000000E+00-2.19980489E-01
11  2 0.00000000E+00 0.00000000E+00 5.37666969E-01 0.00000000E+00 0.00000000E+00
11  3 2.07207355E-01 0.00000000E+00 0.00000000E+00 0.00000000E+00 0.00000000E+00
11  4 0.00000000E+00 0.00000000E+00-4.39505220E-03 0.00000000E+00-5.01161978E-02
11  5 1.14547587E-01 1.73603056E-01-2.89285184E-01 0.00000000E+00 4.39065139E-02
11  6-1.81082288E-01 0.00000000E+00 2.91784301E-02-1.59339029E-02 7.72540872E-03
11  7 8.20849417E-03 0.00000000E+00 3.12064332E-03 0.00000000E+00 5.01161978E-02
11  8-1.14547587E-01-1.73603056E-01-2.89285184E-01 0.00000000E+00-4.39065139E-02
11  9-1.81082288E-01 0.00000000E+00-2.91784301E-02 1.59339029E-02-7.72540872E-03
11 10-8.20849417E-03 0.00000000E+00 3.12064332E-03 0.00000000E+00
12  1 0.00000000E+00 0.00000000E+00 0.00000000E+00 0.00000000E+00 0.00000000E+00
12  2-2.72947382E-01 0.00000000E+00 0.00000000E+00 6.68480741E-01 0.00000000E+00
12  3 0.00000000E+00 3.93477434E-01 0.00000000E+00 0.00000000E+00 0.00000000E+00
12  4 0.00000000E+00 0.00000000E+00 0.00000000E+00-6.06829920E-03 0.00000000E+00
12  5 0.00000000E+00 0.00000000E+00 0.00000000E+00 1.49232061E-01 0.00000000E+00
12  6 0.00000000E+00 8.62722675E-02 0.00000000E+00 0.00000000E+00 0.00000000E+00
12  7 0.00000000E+00 8.62125510E-03 0.00000000E+00-9.03464618E-04 0.00000000E+00
12  8 0.00000000E+00 0.00000000E+00 0.00000000E+00 1.49232061E-01 0.00000000E+00
12  9 0.00000000E+00 8.62722675E-02 0.00000000E+00 0.00000000E+00 0.00000000E+00
12 10 0.00000000E+00-8.62125510E-03 0.00000000E+00-9.03464618E-04
13  1 1.14314702E-03-5.84830868E-04 1.06029571E-02-1.03387358E-02 0.00000000E+00
13  2 0.00000000E+00-2.65703293E-01 0.00000000E+00 0.00000000E+00 6.49076657E-01
13  3 0.00000000E+00 0.00000000E+00 3.88080282E-01 5.70484762E-03 2.33122016E-03
13  4-8.03606778E-03 0.00000000E+00 0.00000000E+00 0.00000000E+00 5.79196415E-03
13  5-1.26322652E-02-2.24965889E-02 5.53136234E-02 0.00000000E+00 1.62389664E-01
13  6 3.28790814E-02 0.00000000E+00 9.55172453E-02 3.53060878E-03-9.26599441E-04
13  7-2.60400934E-03 0.00000000E+00 8.45856485E-03 0.00000000E+00 5.79196415E-03
13  8-1.26322652E-02-2.24965889E-02-5.53136234E-02 0.00000000E+00 1.62389664E-01
13  9-3.28790814E-02 0.00000000E+00 9.55172453E-02 3.53060878E-03-9.26599441E-04
13 10-2.60400934E-03 0.00000000E+00-8.45856485E-03 0.00000000E+00
14  1 0.00000000E+00 0.00000000E+00 0.00000000E+00 0.00000000E+00 8.08593871E-03
14  2 0.00000000E+00 0.00000000E+00-2.28581397E-02 0.00000000E+00 0.00000000E+00
14  3 9.79939201E-03 0.00000000E+00 0.00000000E+00 0.00000000E+00 0.00000000E+00
14  4 0.00000000E+00 0.00000000E+00-6.33081759E-02 0.00000000E+00 1.14347618E-03
14  5-4.82880828E-03 1.89152162E-03 5.99526975E-02 0.00000000E+00 4.77059003E-01
14  6 4.52352394E-02 0.00000000E+00 3.28977319E-01 2.91295618E-03-4.06237756E-04
14  7-2.50671842E-03 0.00000000E+00 1.03452495E-02 0.00000000E+00-1.14347618E-03
14  8 4.82880828E-03-1.89152162E-03 5.99526975E-02 0.00000000E+00-4.77059003E-01
14  9 4.52352394E-02 0.00000000E+00-3.28977319E-01-2.91295618E-03 4.06237756E-04
14 10 2.50671842E-03 0.00000000E+00 1.03452495E-02 0.00000000E+00
15  1 0.00000000E+00 0.00000000E+00 0.00000000E+00 0.00000000E+00 0.00000000E+00
15  2 0.00000000E+00 0.00000000E+00 0.00000000E+00 0.00000000E+00 0.00000000E+00
15  3 0.00000000E+00 0.00000000E+00 0.00000000E+00 0.00000000E+00 0.00000000E+00
15  4 0.00000000E+00-6.65719188E-02 0.00000000E+00 0.00000000E+00 0.00000000E+00
15  5 0.00000000E+00 0.00000000E+00 0.00000000E+00 4.79083303E-01 0.00000000E+00
15  6 0.00000000E+00 3.33825552E-01 0.00000000E+00 0.00000000E+00 0.00000000E+00
15  7 0.00000000E+00 1.09044347E-02 0.00000000E+00-1.24055684E-03 0.00000000E+00
15  8 0.00000000E+00 0.00000000E+00 0.00000000E+00-4.79083303E-01 0.00000000E+00
15  9 0.00000000E+00-3.33825552E-01 0.00000000E+00 0.00000000E+00 0.00000000E+00
15 10 0.00000000E+00 1.09044347E-02 0.00000000E+00 1.24055684E-03
16  1-1.72491355E-02 5.14091051E-02-1.12063459E-01-2.09033400E-01 0.00000000E+00
16  2 0.00000000E+00-5.57130245E-02 0.00000000E+00 0.00000000E+00 1.44966422E-01
16  3 0.00000000E+00 0.00000000E+00 6.00515340E-02 1.01156755E-01-4.93506811E-02
16  4-5.18060742E-02 0.00000000E+00 0.00000000E+00 0.00000000E+00 6.68606199E-03
16  5-2.15107955E-02 2.22220815E-03 3.69370301E-01 0.00000000E+00-3.08035998E-01
16  6 2.57253935E-01 0.00000000E+00-2.08926070E-01 9.32901655E-03-5.03991161E-03
16  7-4.28910494E-03 0.00000000E+00-5.66708885E-03 0.00000000E+00 6.68606199E-03
16  8-2.15107955E-02 2.22220815E-03-3.69370301E-01 0.00000000E+00-3.08035998E-01
16  9-2.57253935E-01 0.00000000E+00-2.08926070E-01 9.32901655E-03-5.03991161E-03
16 10-4.28910494E-03 0.00000000E+00 5.66708885E-03 0.00000000E+00
17  1 0.00000000E+00 0.00000000E+00 0.00000000E+00 0.00000000E+00 0.00000000E+00
17  2 1.23144555E-01 0.00000000E+00 0.00000000E+00-3.20723124E-01 0.00000000E+00
17  3 0.00000000E+00-1.64614234E-01 0.00000000E+00 0.00000000E+00 0.00000000E+00
17  4 0.00000000E+00 0.00000000E+00 0.00000000E+00 9.59831001E-03 0.00000000E+00
17  5 0.00000000E+00 0.00000000E+00 0.00000000E+00 4.69780043E-01 0.00000000E+00
17  6 0.00000000E+00 3.20952130E-01 0.00000000E+00 0.00000000E+00 0.00000000E+00
17  7 0.00000000E+00 5.60733861E-03 0.00000000E+00-6.82608101E-04 0.00000000E+00
17  8 0.00000000E+00 0.00000000E+00 0.00000000E+00 4.69780043E-01 0.00000000E+00
17  9 0.00000000E+00 3.20952130E-01 0.00000000E+00 0.00000000E+00 0.00000000E+00
17 10 0.00000000E+00-5.60733861E-03 0.00000000E+00-6.82608101E-04
18  1-1.34352577E-02 3.69068512E-02-9.14479620E-02-1.45322957E-01 0.00000000E+00
18  2 0.00000000E+00 1.22352232E-01 0.00000000E+00 0.00000000E+00-3.15480922E-01
18  3 0.00000000E+00 0.00000000E+00-1.82096216E-01 6.39232512E-02-4.15697476E-02
18  4-2.23535036E-02 0.00000000E+00 0.00000000E+00 0.00000000E+00 1.14119415E-03
18  5-6.54784012E-03 1.46043320E-02 3.08855153E-01 0.00000000E+00 3.50074171E-01
18  6 2.15713976E-01 0.00000000E+00 2.37941824E-01 6.67028953E-03-2.96069640E-03
18  7-3.70959313E-03 0.00000000E+00 2.31114712E-03 0.00000000E+00 1.14119415E-03
18  8-6.54784012E-03 1.46043320E-02-3.08855153E-01 0.00000000E+00 3.50074171E-01
18  9-2.15713976E-01 0.00000000E+00 2.37941824E-01 6.67028953E-03-2.96069640E-03
18 10-3.70959313E-03 0.00000000E+00-2.31114712E-03 0.00000000E+00
19  1 0.00000000E+00 0.00000000E+00 0.00000000E+00 0.00000000E+00-2.32390790E-01
19  2 0.00000000E+00 0.00000000E+00 6.20859420E-01 0.00000000E+00 0.00000000E+00
19  3 5.03258956E-01 0.00000000E+00 0.00000000E+00 0.00000000E+00 0.00000000E+00
19  4 0.00000000E+00 0.00000000E+00-3.89466922E-02 0.00000000E+00-3.36216422E-02
19  5 6.90776230E-02 2.12676968E-01 4.19856624E-01 0.00000000E+00-5.74158526E-02
19  6 3.40941812E-01 0.00000000E+00-3.70901189E-02-2.70257148E-03 1.29956962E-03
19  7 1.40300186E-03 0.00000000E+00 1.68734142E-03 0.00000000E+00 3.36216422E-02
19  8-6.90776230E-02-2.12676968E-01 4.19856624E-01 0.00000000E+00 5.74158526E-02
19  9 3.40941812E-01 0.00000000E+00 3.70901189E-02 2.70257148E-03-1.29956962E-03
19 10-1.40300186E-03 0.00000000E+00 1.68734142E-03 0.00000000E+00
20  1 0.00000000E+00 0.00000000E+00 0.00000000E+00 0.00000000E+00 0.00000000E+00
20  2 2.86941842E-01 0.00000000E+00 0.00000000E+00-1.12168560E+00 0.00000000E+00
20  3 0.00000000E+00 1.21887120E+00 0.00000000E+00 0.00000000E+00 0.00000000E+00
20  4 0.00000000E+00 0.00000000E+00 0.00000000E+00 3.59106911E-03 0.00000000E+00
20  5 0.00000000E+00 0.00000000E+00 0.00000000E+00-1.20792840E-01 0.00000000E+00
20  6 0.00000000E+00-5.28158005E-02 0.00000000E+00 0.00000000E+00 0.00000000E+00
20  7 0.00000000E+00 2.87933747E-03 0.00000000E+00-2.83614044E-04 0.00000000E+00
20  8 0.00000000E+00 0.00000000E+00 0.00000000E+00-1.20792840E-01 0.00000000E+00
20  9 0.00000000E+00-5.28158005E-02 0.00000000E+00 0.00000000E+00 0.00000000E+00
20 10 0.00000000E+00-2.87933747E-03 0.00000000E+00-2.83614044E-04
21  1 2.96820107E-02 1.01756143E-01 4.52631321E-01-5.00087237E-01 0.00000000E+00
21  2 0.00000000E+00 2.78506124E-01 0.00000000E+00 0.00000000E+00-1.08677253E+00
21  3 0.00000000E+00 0.00000000E+00 1.17125648E+00 7.50409782E-02-4.38531150E-02
21  4-3.11878632E-02 0.00000000E+00 0.00000000E+00 0.00000000E+00-2.00241005E-03
21  5 5.76375427E-03 1.09037917E-02-1.23854800E-02 0.00000000E+00-1.12099774E-01
21  6 1.65491635E-02 0.00000000E+00-5.14771299E-02 6.25839713E-03-2.98758033E-03
21  7-3.27081679E-03 0.00000000E+00 1.45033982E-03 0.00000000E+00-2.00241005E-03
21  8 5.76375427E-03 1.09037917E-02 1.23854800E-02 0.00000000E+00-1.12099774E-01
21  9-1.65491635E-02 0.00000000E+00-5.14771299E-02 6.25839713E-03-2.98758033E-03
21 10-3.27081679E-03 0.00000000E+00-1.45033982E-03 0.00000000E+00
22  1-9.77433293E-02-3.52446035E-01-1.51224337E+00 1.74845786E+00 0.00000000E+00
22  2 0.00000000E+00 7.02410014E-02 0.00000000E+00 0.00000000E+00-2.76782385E-01
22  3 0.00000000E+00 0.00000000E+00 3.19272153E-01-4.40822430E-01 2.40282634E-01
22  4 2.00539796E-01 0.00000000E+00 0.00000000E+00 0.00000000E+00 7.87503989E-03
22  5 1.32333829E-02-1.66490049E-01 9.94748275E-02 0.00000000E+00-6.18318844E-02
22  6-1.57809983E-01 0.00000000E+00 1.45553634E-02-4.11053717E-02 2.12112928E-02
22  7 1.98940789E-02 0.00000000E+00 1.02714815E-02 0.00000000E+00 7.87503989E-03
22  8 1.32333829E-02-1.66490049E-01-9.94748275E-02 0.00000000E+00-6.18318844E-02
22  9 1.57809983E-01 0.00000000E+00 1.45553634E-02-4.11053717E-02 2.12112928E-02
22 10 1.98940789E-02 0.00000000E+00-1.02714815E-02 0.00000000E+00
23  1 0.00000000E+00 0.00000000E+00 0.00000000E+00 0.00000000E+00 2.20805263E-01
23  2 0.00000000E+00 0.00000000E+00-9.47993540E-01 0.00000000E+00 0.00000000E+00
23  3 1.72600046E+00 0.00000000E+00 0.00000000E+00 0.00000000E+00 0.00000000E+00
23  4 0.00000000E+00 0.00000000E+00-3.44527325E-01 0.00000000E+00-4.14785294E-02
23  5 6.60213336E-02 5.23632638E-01-1.09173985E-01 0.00000000E+00-1.13635822E-01
23  6 4.00791198E-01 0.00000000E+00 2.19694885E-02 4.19458801E-02-1.99241221E-02
23  7-2.20217580E-02 0.00000000E+00 9.45660196E-03 0.00000000E+00 4.14785294E-02
23  8-6.60213336E-02-5.23632638E-01-1.09173985E-01 0.00000000E+00 1.13635822E-01
23  9 4.00791198E-01 0.00000000E+00-2.19694885E-02-4.19458801E-02 1.99241221E-02
23 10 2.20217580E-02 0.00000000E+00 9.45660196E-03 0.00000000E+00
24  1 0.00000000E+00 0.00000000E+00 0.00000000E+00 0.00000000E+00 0.00000000E+00
24  2 0.00000000E+00 0.00000000E+00 0.00000000E+00 0.00000000E+00 0.00000000E+00
24  3 0.00000000E+00 0.00000000E+00 0.00000000E+00 0.00000000E+00 0.00000000E+00
24  4 0.00000000E+00 8.93613730E-01 0.00000000E+00 0.00000000E+00 0.00000000E+00
24  5 0.00000000E+00 0.00000000E+00 0.00000000E+00 2.78371983E-01 0.00000000E+00
24  6 0.00000000E+00-1.80713965E-01 0.00000000E+00 0.00000000E+00 0.00000000E+00
24  7 0.00000000E+00-3.99561094E-02 0.00000000E+00 4.13195149E-03 0.00000000E+00
24  8 0.00000000E+00 0.00000000E+00 0.00000000E+00-2.78371983E-01 0.00000000E+00
24  9 0.00000000E+00 1.80713965E-01 0.00000000E+00 0.00000000E+00 0.00000000E+00
24 10 0.00000000E+00-3.99561094E-02 0.00000000E+00-4.13195149E-03
25  1 0.00000000E+00 0.00000000E+00 0.00000000E+00 0.00000000E+00 9.08820362E-02
25  2 0.00000000E+00 0.00000000E+00-4.11681683E-01 0.00000000E+00 0.00000000E+00
25  3 8.38433586E-01 0.00000000E+00 0.00000000E+00 0.00000000E+00 0.00000000E+00
25  4 0.00000000E+00 0.00000000E+00 8.19495588E-01 0.00000000E+00-2.70400558E-02
25  5 8.76580624E-02 2.25440753E-01 2.11955900E-02 0.00000000E+00 2.50380041E-01
25  6 1.87794725E-01 0.00000000E+00-1.98447141E-01 4.75009869E-03-5.83886414E-03
25  7 1.08876545E-03 0.00000000E+00-3.77809341E-02 0.00000000E+00 2.70400558E-02
25  8-8.76580624E-02-2.25440753E-01 2.11955900E-02 0.00000000E+00-2.50380041E-01
25  9 1.87794725E-01 0.00000000E+00 1.98447141E-01-4.75009869E-03 5.83886414E-03
25 10-1.08876545E-03 0.00000000E+00-3.77809341E-02 0.00000000E+00
26  1 0.00000000E+00 0.00000000E+00 0.00000000E+00 0.00000000E+00 0.00000000E+00
26  2-4.73967410E-03 0.00000000E+00 0.00000000E+00 1.66268288E-02 0.00000000E+00
26  3 0.00000000E+00-1.38168116E-02 0.00000000E+00 0.00000000E+00 0.00000000E+00
26  4 0.00000000E+00 0.00000000E+00 0.00000000E+00 9.98759281E-01 0.00000000E+00
26  5 0.00000000E+00 0.00000000E+00 0.00000000E+00-2.77669644E-02 0.00000000E+00
26  6 0.00000000E+00 2.06233741E-02 0.00000000E+00 0.00000000E+00 0.00000000E+00
26  7 0.00000000E+00 4.66931059E-03 0.00000000E+00 6.92172775E-03 0.00000000E+00
26  8 0.00000000E+00 0.00000000E+00 0.00000000E+00-2.77669644E-02 0.00000000E+00
26  9 0.00000000E+00 2.06233741E-02 0.00000000E+00 0.00000000E+00 0.00000000E+00
26 10 0.00000000E+00-4.66931059E-03 0.00000000E+00 6.92172775E-03
27  1 3.03496444E-03 1.52362673E-02 5.28247103E-02-7.08888964E-02 0.00000000E+00
27  2 0.00000000E+00 3.94673665E-03 0.00000000E+00 0.00000000E+00-1.31627305E-02
27  3 0.00000000E+00 0.00000000E+00 8.41579199E-03-6.01910356E-03 8.67508165E-01
27  4-8.61489061E-01 0.00000000E+00 0.00000000E+00 0.00000000E+00-1.40802963E-03
27  5 6.41054845E-03 4.03096136E-03 7.43427625E-03 0.00000000E+00 2.79660463E-02
27  6 5.49731784E-03 0.00000000E+00-2.14768326E-02-8.15620710E-04 6.39101738E-03
27  7-5.57539667E-03 0.00000000E+00-4.62045067E-03 0.00000000E+00-1.40802963E-03
27  8 6.41054845E-03 4.03096136E-03-7.43427625E-03 0.00000000E+00 2.79660463E-02
27  9-5.49731784E-03 0.00000000E+00-2.14768326E-02-8.15620710E-04 6.39101738E-03
27 10-5.57539667E-03 0.00000000E+00 4.62045067E-03 0.00000000E+00
28  1-6.22343954E-02-2.42258610E-01-9.90624335E-01 1.16006926E+00 0.00000000E+00
28  2 0.00000000E+00 1.97571248E-02 0.00000000E+00 0.00000000E+00-8.48800395E-02
28  3 0.00000000E+00 0.00000000E+00 1.24713537E-01 7.92096978E-01-3.80842854E-01
28  4-4.11254124E-01 0.00000000E+00 0.00000000E+00 0.00000000E+00 4.22384428E-02
28  5-2.72003226E-01 2.39977972E-02-2.35023606E-01 0.00000000E+00 5.45206848E-02
28  6-8.00234061E-02 0.00000000E+00-3.75316551E-02 4.11766123E-02-2.06951643E-02
28  7-2.04814480E-02 0.00000000E+00-1.13937027E-02 0.00000000E+00 4.22384428E-02
28  8-2.72003226E-01 2.39977972E-02 2.35023606E-01 0.00000000E+00 5.45206848E-02
28  9 8.00234061E-02 0.00000000E+00-3.75316551E-02 4.11766123E-02-2.06951643E-02
28 10-2.04814480E-02 0.00000000E+00 1.13937027E-02 0.00000000E+00
29  1-4.80402578E-04-1.95510986E-03-7.62936504E-03 1.22132821E-02 0.00000000E+00
29  2 0.00000000E+00-3.43590326E-02 0.00000000E+00 0.00000000E+00 1.81567621E-01
29  3 0.00000000E+00 0.00000000E+00-4.64550944E-01 8.47867734E-02-2.26075544E-04
29  4-8.45606979E-02 0.00000000E+00 0.00000000E+00 0.00000000E+00 1.34268172E-03
29  5-1.08793974E-02 1.33378511E-02-5.73933884E-02 0.00000000E+00-6.21276691E-01
29  6 5.92773934E-02 0.00000000E+00 8.03498288E-01 6.76401154E-03-4.02548014E-03
29  7-2.73853140E-03 0.00000000E+00-1.38528926E-02 0.00000000E+00 1.34268172E-03
29  8-1.08793974E-02 1.33378511E-02 5.73933884E-02 0.00000000E+00-6.21276691E-01
29  9-5.92773934E-02 0.00000000E+00 8.03498288E-01 6.76401154E-03-4.02548014E-03
29 10-2.73853140E-03 0.00000000E+00 1.38528926E-02 0.00000000E+00
30  1 0.00000000E+00 0.00000000E+00 0.00000000E+00 0.00000000E+00 7.05970277E-03
30  2 0.00000000E+00 0.00000000E+00-2.73807085E-02 0.00000000E+00 0.00000000E+00
30  3-3.45869229E-02 0.00000000E+00 0.00000000E+00 0.00000000E+00 0.00000000E+00
30  4 0.00000000E+00 0.00000000E+00 4.68433374E-01 0.00000000E+00 2.67590502E-04
30  5-1.97334406E-03-6.41738021E-03 1.15112704E-03 0.00000000E+00-5.79395200E-01
30  6 2.59365646E-03 0.00000000E+00 7.22033885E-01-8.82558251E-03 1.64907377E-03
30  7 7.17650874E-03 0.00000000E+00-2.87666669E-02 0.00000000E+00-2.67590502E-04
30  8 1.97334406E-03 6.41738021E-03 1.15112704E-03 0.00000000E+00 5.79395200E-01
30  9 2.59365646E-03 0.00000000E+00-7.22033885E-01 8.82558251E-03-1.64907377E-03
30 10-7.17650874E-03 0.00000000E+00-2.87666669E-02 0.00000000E+00
31  1 0.00000000E+00 0.00000000E+00 0.00000000E+00 0.00000000E+00 0.00000000E+00
31  2-3.41195755E-02 0.00000000E+00 0.00000000E+00 1.80551777E-01 0.00000000E+00
31  3 0.00000000E+00-4.64570726E-01 0.00000000E+00 0.00000000E+00 0.00000000E+00
31  4 0.00000000E+00 0.00000000E+00 0.00000000E+00-4.77063847E-02 0.00000000E+00
31  5 0.00000000E+00 0.00000000E+00 0.00000000E+00-6.26918055E-01 0.00000000E+00
31  6 0.00000000E+00 8.06414518E-01 0.00000000E+00 0.00000000E+00 0.00000000E+00
31  7 0.00000000E+00-1.17125727E-02 0.00000000E+00 6.63149527E-04 0.00000000E+00
31  8 0.00000000E+00 0.00000000E+00 0.00000000E+00-6.26918055E-01 0.00000000E+00
31  9 0.00000000E+00 8.06414518E-01 0.00000000E+00 0.00000000E+00 0.00000000E+00
31 10 0.00000000E+00 1.17125727E-02 0.00000000E+00 6.63149527E-04
32  1 0.00000000E+00 0.00000000E+00 0.00000000E+00 0.00000000E+00 0.00000000E+00
32  2 0.00000000E+00 0.00000000E+00 0.00000000E+00 0.00000000E+00 0.00000000E+00
32  3 0.00000000E+00 0.00000000E+00 0.00000000E+00 0.00000000E+00 0.00000000E+00
32  4 0.00000000E+00 4.68065145E-01 0.00000000E+00 0.00000000E+00 0.00000000E+00
32  5 0.00000000E+00 0.00000000E+00 0.00000000E+00-5.80816931E-01 0.00000000E+00
32  6 0.00000000E+00 7.22037538E-01 0.00000000E+00 0.00000000E+00 0.00000000E+00
32  7 0.00000000E+00-2.98410517E-02 0.00000000E+00 3.23386443E-03 0.00000000E+00
32  8 0.00000000E+00 0.00000000E+00 0.00000000E+00 5.80816931E-01 0.00000000E+00
32  9 0.00000000E+00-7.22037538E-01 0.00000000E+00 0.00000000E+00 0.00000000E+00
32 10 0.00000000E+00-2.98410517E-02 0.00000000E+00-3.23386443E-03
33  1-7.47078052E-03 5.62350621E-02-1.78689477E-02-4.69159267E-01 0.00000000E+00
33  2 0.00000000E+00 8.15111858E-03 0.00000000E+00 0.00000000E+00-3.46129309E-02
33  3 0.00000000E+00 0.00000000E+00-1.91503013E-02-2.90184137E-01 1.46863048E-01
33  4 1.43321089E-01 0.00000000E+00 0.00000000E+00 0.00000000E+00-2.89133225E-02
33  5 3.06036261E-01-1.84260396E-01-5.79267321E-01 0.00000000E+00 3.62617699E-02
33  6 8.56194602E-01 0.00000000E+00-5.75607189E-02-4.43101935E-02 2.22382612E-02
33  7 2.20719323E-02 0.00000000E+00 8.06659227E-03 0.00000000E+00-2.89133225E-02
33  8 3.06036261E-01-1.84260396E-01 5.79267321E-01 0.00000000E+00 3.62617699E-02
33  9-8.56194602E-01 0.00000000E+00-5.75607189E-02-4.43101935E-02 2.22382612E-02
33 10 2.20719323E-02 0.00000000E+00-8.06659227E-03 0.00000000E+00
34  1 0.00000000E+00 0.00000000E+00 0.00000000E+00 0.00000000E+00-1.10026807E-01
34  2 0.00000000E+00 0.00000000E+00 4.81428424E-01 0.00000000E+00 0.00000000E+00
34  3 5.81695025E-03 0.00000000E+00 0.00000000E+00 0.00000000E+00 0.00000000E+00
34  4 0.00000000E+00 0.00000000E+00 6.27736711E-02 0.00000000E+00-1.89432554E-02
34  5 2.20663112E-01-1.61283576E-01-6.01544950E-01 0.00000000E+00 1.33564018E-02
34  6 8.18463685E-01 0.00000000E+00-2.18913613E-02-4.08761476E-02 2.01471688E-02
34  7 2.07289788E-02 0.00000000E+00 3.03780676E-03 0.00000000E+00 1.89432554E-02
34  8-2.20663112E-01 1.61283576E-01-6.01544950E-01 0.00000000E+00-1.33564018E-02
34  9 8.18463685E-01 0.00000000E+00 2.18913613E-02 4.08761476E-02-2.01471688E-02
34 10-2.07289788E-02 0.00000000E+00 3.03780676E-03 0.00000000E+00
35  1 2.35265582E-02 2.22354411E-01 5.38799110E-01-1.14108913E+00 0.00000000E+00
35  2 0.00000000E+00 8.21620235E-04 0.00000000E+00 0.00000000E+00 3.57447404E-03
35  3 0.00000000E+00 0.00000000E+00-8.51350716E-02-4.76526798E-01 2.41022934E-01
35  4 2.35503864E-01 0.00000000E+00 0.00000000E+00 0.00000000E+00 2.47786772E-02
35  5-1.05011473E+00 1.22498238E+00-1.48802739E-01 0.00000000E+00 2.94906657E-03
35  6 4.77150961E-01 0.00000000E+00-2.02666441E-02-1.76084984E-01 8.83309045E-02
35  7 8.77540800E-02 0.00000000E+00 2.89838701E-02 0.00000000E+00 2.47786772E-02
35  8-1.05011473E+00 1.22498238E+00 1.48802739E-01 0.00000000E+00 2.94906657E-03
35  9-4.77150961E-01 0.00000000E+00-2.02666441E-02-1.76084984E-01 8.83309045E-02
35 10 8.77540800E-02 0.00000000E+00-2.89838701E-02 0.00000000E+00
36  1 0.00000000E+00 0.00000000E+00 0.00000000E+00 0.00000000E+00-1.26860971E-02
36  2 0.00000000E+00 0.00000000E+00-7.15022690E-02 0.00000000E+00 0.00000000E+00
36  3 1.32475022E+00 0.00000000E+00 0.00000000E+00 0.00000000E+00 0.00000000E+00
36  4 0.00000000E+00 0.00000000E+00 1.02809569E-01 0.00000000E+00 1.54555497E-02
36  5-1.21085847E+00 1.69204708E+00-1.70635349E-01 0.00000000E+00 2.40102263E-02
36  6 6.14931944E-01 0.00000000E+00-7.70760119E-02-1.11359841E-01 5.45490158E-02
36  7 5.68108249E-02 0.00000000E+00 1.24486851E-02 0.00000000E+00-1.54555497E-02
36  8 1.21085847E+00-1.69204708E+00-1.70635349E-01 0.00000000E+00-2.40102263E-02
36  9 6.14931944E-01 0.00000000E+00 7.70760119E-02 1.11359841E-01-5.45490158E-02
36 10-5.68108249E-02 0.00000000E+00 1.24486851E-02 0.00000000E+00
37  1-2.15141705E-04-3.90738035E-03-7.43559471E-03 1.88925134E-02 0.00000000E+00
37  2 0.00000000E+00 1.14139329E-03 0.00000000E+00 0.00000000E+00-1.68869376E-02
37  3 0.00000000E+00 0.00000000E+00 5.96056272E-02 2.54255222E-03 7.43257857E-03
37  4-9.97513079E-03 0.00000000E+00 0.00000000E+00 0.00000000E+00 4.22126797E-04
37  5 8.15427999E-03-1.45522150E-02 3.81614034E-03 0.00000000E+00 1.07814389E-02
37  6-1.00132446E-02 0.00000000E+00-1.75831273E-02-5.83771163E-02-5.40541161E-01
37  7 5.98918277E-01 0.00000000E+00-2.54004465E-01 0.00000000E+00 4.22126797E-04
37  8 8.15427999E-03-1.45522150E-02-3.81614034E-03 0.00000000E+00 1.07814389E-02
37  9 1.00132446E-02 0.00000000E+00-1.75831273E-02-5.83771163E-02-5.40541161E-01
37 10 5.98918277E-01 0.00000000E+00 2.54004465E-01 0.00000000E+00
38  1 0.00000000E+00 0.00000000E+00 0.00000000E+00 0.00000000E+00 0.00000000E+00
38  2 8.84985529E-04 0.00000000E+00 0.00000000E+00-1.17715721E-02 0.00000000E+00
38  3 0.00000000E+00 3.97206640E-02 0.00000000E+00 0.00000000E+00 0.00000000E+00
38  4 0.00000000E+00 0.00000000E+00 0.00000000E+00-1.30740078E-02 0.00000000E+00
38  5 0.00000000E+00 0.00000000E+00 0.00000000E+00 7.47875319E-03 0.00000000E+00
38  6 0.00000000E+00-1.20980548E-02 0.00000000E+00 0.00000000E+00 0.00000000E+00
38  7 0.00000000E+00-1.55564935E-01 0.00000000E+00 6.90016241E-01 0.00000000E+00
38  8 0.00000000E+00 0.00000000E+00 0.00000000E+00 7.47875319E-03 0.00000000E+00
38  9 0.00000000E+00-1.20980548E-02 0.00000000E+00 0.00000000E+00 0.00000000E+00
38 10 0.00000000E+00 1.55564935E-01 0.00000000E+00 6.90016241E-01
39  1 0.00000000E+00 0.00000000E+00 0.00000000E+00 0.00000000E+00 0.00000000E+00
39  2 0.00000000E+00 0.00000000E+00 0.00000000E+00 0.00000000E+00 0.00000000E+00
39  3 0.00000000E+00 0.00000000E+00 0.00000000E+00 0.00000000E+00 0.00000000E+00
39  4 0.00000000E+00-2.12663628E-02 0.00000000E+00 0.00000000E+00 0.00000000E+00
39  5 0.00000000E+00 0.00000000E+00 0.00000000E+00 3.21437606E-03 0.00000000E+00
39  6 0.00000000E+00-3.95477413E-03 0.00000000E+00 0.00000000E+00 0.00000000E+00
39  7 0.00000000E+00-3.35075371E-02 0.00000000E+00 7.06306073E-01 0.00000000E+00
39  8 0.00000000E+00 0.00000000E+00 0.00000000E+00-3.21437606E-03 0.00000000E+00
39  9 0.00000000E+00 3.95477413E-03 0.00000000E+00 0.00000000E+00 0.00000000E+00
39 10 0.00000000E+00-3.35075371E-02 0.00000000E+00-7.06306073E-01
40  1 0.00000000E+00 0.00000000E+00 0.00000000E+00 0.00000000E+00 1.29994210E-03
40  2 0.00000000E+00 0.00000000E+00-4.03160008E-03 0.00000000E+00 0.00000000E+00
40  3-6.30395708E-03 0.00000000E+00 0.00000000E+00 0.00000000E+00 0.00000000E+00
40  4 0.00000000E+00 0.00000000E+00-2.68261808E-02 0.00000000E+00 3.57199034E-04
40  5 5.76487861E-03-1.04378521E-02 2.16393423E-03 0.00000000E+00 3.60820849E-03
40  6-6.11433875E-03 0.00000000E+00-4.16841038E-03-2.26403557E-02-5.99025338E-01
40  7 6.21665693E-01 0.00000000E+00-5.25626263E-02 0.00000000E+00-3.57199034E-04
40  8-5.76487861E-03 1.04378521E-02 2.16393423E-03 0.00000000E+00-3.60820849E-03
40  9-6.11433875E-03 0.00000000E+00 4.16841038E-03 2.26403557E-02 5.99025338E-01
40 10-6.21665693E-01 0.00000000E+00-5.25626263E-02 0.00000000E+00
41  1 1.52783258E-04 2.87042340E-03 5.41759805E-03-1.36078238E-02 0.00000000E+00
41  2 0.00000000E+00-2.46914633E-03 0.00000000E+00 0.00000000E+00 3.44269055E-02
41  3 0.00000000E+00 0.00000000E+00-1.18689077E-01 1.12331165E-02 1.16913316E-02
41  4-2.29244481E-02 0.00000000E+00 0.00000000E+00 0.00000000E+00-1.43059850E-04
41  5-6.00063712E-03 1.11035886E-02-4.06696556E-03 0.00000000E+00-2.18300989E-02
41  6 8.68844709E-03 0.00000000E+00 3.72407639E-02 1.09744013E-01-2.79041450E-01
41  7 1.69297437E-01 0.00000000E+00 6.51087086E-01 0.00000000E+00-1.43059850E-04
41  8-6.00063712E-03 1.11035886E-02 4.06696556E-03 0.00000000E+00-2.18300989E-02
41  9-8.68844709E-03 0.00000000E+00 3.72407639E-02 1.09744013E-01-2.79041450E-01
41 10 1.69297437E-01 0.00000000E+00-6.51087086E-01 0.00000000E+00
42  1 0.00000000E+00 0.00000000E+00 0.00000000E+00 0.00000000E+00 0.00000000E+00
42  2-2.73285762E-03 0.00000000E+00 0.00000000E+00 3.68530864E-02 0.00000000E+00
42  3 0.00000000E+00-1.25157313E-01 0.00000000E+00 0.00000000E+00 0.00000000E+00
42  4 0.00000000E+00 0.00000000E+00 0.00000000E+00-1.80785185E-02 0.00000000E+00
42  5 0.00000000E+00 0.00000000E+00 0.00000000E+00-2.32567576E-02 0.00000000E+00
42  6 0.00000000E+00 3.94263124E-02 0.00000000E+00 0.00000000E+00 0.00000000E+00
42  7 0.00000000E+00 6.92454588E-01 0.00000000E+00 1.54539269E-01 0.00000000E+00
42  8 0.00000000E+00 0.00000000E+00 0.00000000E+00-2.32567576E-02 0.00000000E+00
42  9 0.00000000E+00 3.94263124E-02 0.00000000E+00 0.00000000E+00 0.00000000E+00
42 10 0.00000000E+00-6.92454588E-01 0.00000000E+00 1.54539269E-01
43  1 0.00000000E+00 0.00000000E+00 0.00000000E+00 0.00000000E+00 1.33563997E-02
43  2 0.00000000E+00 0.00000000E+00-3.73393610E-02 0.00000000E+00 0.00000000E+00
43  3-5.87711957E-02 0.00000000E+00 0.00000000E+00 0.00000000E+00 0.00000000E+00
43  4 0.00000000E+00 0.00000000E+00 1.26735844E-01 0.00000000E+00-3.13077035E-04
43  5 4.64900226E-02-6.83623215E-02 1.49391832E-02 0.00000000E+00-2.04426897E-02
43  6-3.81356702E-02 0.00000000E+00 2.80713811E-02-1.93903044E-02-3.53054950E-02
43  7 5.46957994E-02 0.00000000E+00 7.04877079E-01 0.00000000E+00 3.13077035E-04
43  8-4.64900226E-02 6.83623215E-02 1.49391832E-02 0.00000000E+00 2.04426897E-02
43  9-3.81356702E-02 0.00000000E+00-2.80713811E-02 1.93903044E-02 3.53054950E-02
43 10-5.46957994E-02 0.00000000E+00 7.04877079E-01 0.00000000E+00
44  1 0.00000000E+00 0.00000000E+00 0.00000000E+00 0.00000000E+00 0.00000000E+00
44  2 0.00000000E+00 0.00000000E+00 0.00000000E+00 0.00000000E+00 0.00000000E+00
44  3 0.00000000E+00 0.00000000E+00 0.00000000E+00 0.00000000E+00 0.00000000E+00
44  4 0.00000000E+00 1.42505600E-01 0.00000000E+00 0.00000000E+00 0.00000000E+00
44  5 0.00000000E+00 0.00000000E+00 0.00000000E+00-2.00550129E-02 0.00000000E+00
44  6 0.00000000E+00 2.58979394E-02 0.00000000E+00 0.00000000E+00 0.00000000E+00
44  7 0.00000000E+00 7.06230278E-01 0.00000000E+00 3.35582396E-02 0.00000000E+00
44  8 0.00000000E+00 0.00000000E+00 0.00000000E+00 2.00550129E-02 0.00000000E+00
44  9 0.00000000E+00-2.58979394E-02 0.00000000E+00 0.00000000E+00 0.00000000E+00
44 10 0.00000000E+00 7.06230278E-01 0.00000000E+00-3.35582396E-02
45  1 0.00000000E+00 0.00000000E+00 0.00000000E+00 0.00000000E+00-7.63771584E-02
45  2 0.00000000E+00 0.00000000E+00 2.29371321E-01 0.00000000E+00 0.00000000E+00
45  3 2.69368022E-01 0.00000000E+00 0.00000000E+00 0.00000000E+00 0.00000000E+00
45  4 0.00000000E+00 0.00000000E+00 9.14565484E-02 0.00000000E+00-5.33483762E-04
45  5-2.55672663E-01 3.77405567E-01-8.92782418E-02 0.00000000E+00 2.38642915E-03
45  6 2.33747314E-01 0.00000000E+00-1.31067471E-02 7.04388052E-01-3.73312091E-01
45  7-3.31075962E-01 0.00000000E+00 1.76927143E-02 0.00000000E+00 5.33483762E-04
45  8 2.55672663E-01-3.77405567E-01-8.92782418E-02 0.00000000E+00-2.38642915E-03
45  9 2.33747314E-01 0.00000000E+00 1.31067471E-02-7.04388052E-01 3.73312091E-01
45 10 3.31075962E-01 0.00000000E+00 1.76927143E-02 0.00000000E+00
46  1-6.11229553E-03-1.44566326E-01-2.55186542E-01 7.00056989E-01 0.00000000E+00
46  2 0.00000000E+00-7.10117729E-03 0.00000000E+00 0.00000000E+00 2.15491546E-02
46  3 0.00000000E+00 0.00000000E+00 3.22448276E-02 5.01525005E-01-2.53102050E-01
46  4-2.48422954E-01 0.00000000E+00 0.00000000E+00 0.00000000E+00 3.81339244E-03
46  5 3.34948443E-01-4.78449837E-01 1.01326765E-01 0.00000000E+00-9.76098746E-03
46  6-3.43101196E-01 0.00000000E+00 3.07031955E-02-6.93297486E-01 3.59285734E-01
46  7 3.34011752E-01 0.00000000E+00 1.22200548E-01 0.00000000E+00 3.81339244E-03
46  8 3.34948443E-01-4.78449837E-01-1.01326765E-01 0.00000000E+00-9.76098746E-03
46  9 3.43101196E-01 0.00000000E+00 3.07031955E-02-6.93297486E-01 3.59285734E-01
46 10 3.34011752E-01 0.00000000E+00-1.22200548E-01 0.00000000E+00
 $END   
 POPULATION ANALYSIS
S           16.66358  -0.66358  16.64700  -0.64700
O            7.66821   0.33179   7.67650   0.32350
O            7.66821   0.33179   7.67650   0.32350
 MOMENTS AT POINT    1 X,Y,Z=  0.000000  0.000000  0.000000
 DIPOLE       0.000000  0.000000  1.018638
