 $DATA  
Title                                                                           
CNV      2

S          16.0      0.0000000000      0.0000000000     -0.3000832527
   PC1     0
        
O           8.0      1.0392304845      0.0000000000      0.2999167473
   PC1     0
        
 $END      
 $ZMAT   IZMAT(1)=
         1,   3,   1,
         1,   2,   1,
         2,   2,   1,   3,
 $END
--- CLOSED SHELL ORBITALS --- GENERATED AT Thu Feb 26 00:13:00 2015
Title                                                                           
E(R-PBE)=     -547.9424958778, E(NUC)=  129.1855799604,   15 ITERS
 $VEC   
 1  1 1.00298283E+00-1.01461426E-02 2.09441868E-03-3.70304792E-04 0.00000000E+00
 1  2 0.00000000E+00 4.52615810E-05 0.00000000E+00 0.00000000E+00 2.66866644E-04
 1  3 0.00000000E+00 0.00000000E+00 3.56241493E-05 2.40455358E-04-1.61848258E-04
 1  4-7.86071001E-05 0.00000000E+00 0.00000000E+00 0.00000000E+00 8.08385255E-06
 1  5-3.09907644E-05-4.01087975E-04-1.34527068E-04 0.00000000E+00 8.66626553E-05
 1  6-2.67422798E-04 0.00000000E+00 1.97701363E-04-3.82419957E-05 5.36192988E-05
 1  7-1.53773031E-05 0.00000000E+00 8.36043004E-05 0.00000000E+00 8.08385255E-06
 1  8-3.09907644E-05-4.01087975E-04 1.34527068E-04 0.00000000E+00 8.66626553E-05
 1  9 2.67422798E-04 0.00000000E+00 1.97701363E-04-3.82419957E-05 5.36192988E-05
 1 10-1.53773031E-05 0.00000000E+00-8.36043004E-05 0.00000000E+00
 2  1 0.00000000E+00 0.00000000E+00 0.00000000E+00 0.00000000E+00-4.19504937E-04
 2  2 0.00000000E+00 0.00000000E+00 1.65567913E-03 0.00000000E+00 0.00000000E+00
 2  3-5.12163856E-03 0.00000000E+00 0.00000000E+00 0.00000000E+00 0.00000000E+00
 2  4 0.00000000E+00 0.00000000E+00 2.59845325E-03 0.00000000E+00 7.03179505E-01
 2  5 2.71690174E-02-1.21018715E-02 2.07970869E-03 0.00000000E+00-1.12682839E-03
 2  6-1.50565637E-03 0.00000000E+00 1.82191273E-03 3.20135030E-04 1.29665761E-05
 2  7-3.33101606E-04 0.00000000E+00-2.83503291E-04 0.00000000E+00-7.03179505E-01
 2  8-2.71690174E-02 1.21018715E-02 2.07970869E-03 0.00000000E+00 1.12682839E-03
 2  9-1.50565637E-03 0.00000000E+00-1.82191273E-03-3.20135030E-04-1.29665761E-05
 2 10 3.33101606E-04 0.00000000E+00-2.83503291E-04 0.00000000E+00
 3  1-8.32698703E-05 3.43405400E-04-9.47633522E-04 1.23055603E-02 0.00000000E+00
 3  2 0.00000000E+00 1.68514619E-05 0.00000000E+00 0.00000000E+00 4.70490177E-04
 3  3 0.00000000E+00 0.00000000E+00 4.86358812E-03-1.28612827E-03 4.72093948E-04
 3  4 8.14034324E-04 0.00000000E+00 0.00000000E+00 0.00000000E+00 7.03199011E-01
 3  5 2.69704519E-02-1.49872194E-02 1.47686862E-03 0.00000000E+00-8.09494876E-04
 3  6-3.44151166E-03 0.00000000E+00 6.37435751E-04-4.40421247E-05-2.18481680E-04
 3  7 2.62523804E-04 0.00000000E+00-1.82854225E-04 0.00000000E+00 7.03199011E-01
 3  8 2.69704519E-02-1.49872194E-02-1.47686862E-03 0.00000000E+00-8.09494876E-04
 3  9 3.44151166E-03 0.00000000E+00 6.37435751E-04-4.40421247E-05-2.18481680E-04
 3 10 2.62523804E-04 0.00000000E+00 1.82854225E-04 0.00000000E+00
 4  1-2.73764435E-01 1.03924521E+00 4.37632481E-02-8.23112115E-03 0.00000000E+00
 4  2 0.00000000E+00 1.49166634E-02 0.00000000E+00 0.00000000E+00 3.20866697E-03
 4  3 0.00000000E+00 0.00000000E+00-1.03837075E-04 2.27705584E-03-1.39175179E-03
 4  4-8.85304055E-04 0.00000000E+00 0.00000000E+00 0.00000000E+00-1.14198853E-03
 4  5 3.80009365E-04-2.47852919E-03 7.77266042E-04 0.00000000E+00-3.69522724E-04
 4  6-2.28842283E-03 0.00000000E+00 1.71984653E-03 9.71682360E-04-6.14654171E-04
 4  7-3.57028189E-04 0.00000000E+00-9.24278558E-04 0.00000000E+00-1.14198853E-03
 4  8 3.80009365E-04-2.47852919E-03-7.77266042E-04 0.00000000E+00-3.69522724E-04
 4  9 2.28842283E-03 0.00000000E+00 1.71984653E-03 9.71682360E-04-6.14654171E-04
 4 10-3.57028189E-04 0.00000000E+00 9.24278558E-04 0.00000000E+00
 5  1 0.00000000E+00 0.00000000E+00 0.00000000E+00 0.00000000E+00 9.94434867E-01
 5  2 0.00000000E+00 0.00000000E+00 1.35226779E-02 0.00000000E+00 0.00000000E+00
 5  3-9.11016410E-05 0.00000000E+00 0.00000000E+00 0.00000000E+00 0.00000000E+00
 5  4 0.00000000E+00 0.00000000E+00 3.12547780E-03 0.00000000E+00 2.21101602E-03
 5  5-2.27183932E-03 1.28959004E-03-2.94850134E-03 0.00000000E+00 2.19474945E-03
 5  6 8.38669904E-04 0.00000000E+00-2.82312350E-04-8.71977746E-04 1.08451018E-03
 5  7-2.12532437E-04 0.00000000E+00 1.73012199E-03 0.00000000E+00-2.21101602E-03
 5  8 2.27183932E-03-1.28959004E-03-2.94850134E-03 0.00000000E+00-2.19474945E-03
 5  9 8.38669904E-04 0.00000000E+00 2.82312350E-04 8.71977746E-04-1.08451018E-03
 5 10 2.12532437E-04 0.00000000E+00 1.73012199E-03 0.00000000E+00
 6  1 0.00000000E+00 0.00000000E+00 0.00000000E+00 0.00000000E+00 0.00000000E+00
 6  2 9.96237259E-01 0.00000000E+00 0.00000000E+00 1.07868826E-02 0.00000000E+00
 6  3 0.00000000E+00-6.35932298E-04 0.00000000E+00 0.00000000E+00 0.00000000E+00
 6  4 0.00000000E+00 0.00000000E+00 0.00000000E+00 1.23340211E-03 0.00000000E+00
 6  5 0.00000000E+00 0.00000000E+00 0.00000000E+00 5.96682159E-04 0.00000000E+00
 6  6 0.00000000E+00-2.34541292E-04 0.00000000E+00 0.00000000E+00 0.00000000E+00
 6  7 0.00000000E+00 4.28802483E-04 0.00000000E+00-3.44693477E-04 0.00000000E+00
 6  8 0.00000000E+00 0.00000000E+00 0.00000000E+00 5.96682159E-04 0.00000000E+00
 6  9 0.00000000E+00-2.34541292E-04 0.00000000E+00 0.00000000E+00 0.00000000E+00
 6 10 0.00000000E+00-4.28802483E-04 0.00000000E+00-3.44693477E-04
 7  1 4.60232080E-03-1.72571636E-02 1.10503314E-03 1.48055971E-04 0.00000000E+00
 7  2 0.00000000E+00 9.95714079E-01 0.00000000E+00 0.00000000E+00 1.09977939E-02
 7  3 0.00000000E+00 0.00000000E+00-3.25226433E-04-5.85139443E-04-9.92135465E-04
 7  4 1.57727491E-03 0.00000000E+00 0.00000000E+00 0.00000000E+00-1.21686458E-03
 7  5 1.66001176E-03-2.48452055E-04 2.31474067E-03 0.00000000E+00-7.97066878E-04
 7  6-4.89061016E-04 0.00000000E+00-1.81558776E-04 9.34941668E-04-4.79506901E-04
 7  7-4.55434767E-04 0.00000000E+00-7.16036321E-04 0.00000000E+00-1.21686458E-03
 7  8 1.66001176E-03-2.48452055E-04-2.31474067E-03 0.00000000E+00-7.97066878E-04
 7  9 4.89061016E-04 0.00000000E+00-1.81558776E-04 9.34941668E-04-4.79506901E-04
 7 10-4.55434767E-04 0.00000000E+00 7.16036321E-04 0.00000000E+00
 8  1 6.04482675E-02-1.86711357E-01 3.18696993E-01 7.88163262E-02 0.00000000E+00
 8  2 0.00000000E+00-9.51884727E-02 0.00000000E+00 0.00000000E+00 1.46959156E-01
 8  3 0.00000000E+00 0.00000000E+00-1.21319044E-02 5.23923139E-02-4.23547858E-02
 8  4-1.00375280E-02 0.00000000E+00 0.00000000E+00 0.00000000E+00-1.25324412E-01
 8  5 2.36020294E-01 2.20229202E-01 1.42473377E-01 0.00000000E+00-6.73020741E-02
 8  6 3.34437420E-02 0.00000000E+00-1.08769062E-02 1.57501421E-02-9.06146355E-03
 8  7-6.68867852E-03 0.00000000E+00-1.53899067E-02 0.00000000E+00-1.25324412E-01
 8  8 2.36020294E-01 2.20229202E-01-1.42473377E-01 0.00000000E+00-6.73020741E-02
 8  9-3.34437420E-02 0.00000000E+00-1.08769062E-02 1.57501421E-02-9.06146355E-03
 8 10-6.68867852E-03 0.00000000E+00 1.53899067E-02 0.00000000E+00
 9  1 0.00000000E+00 0.00000000E+00 0.00000000E+00 0.00000000E+00-2.00046595E-01
 9  2 0.00000000E+00 0.00000000E+00 3.37004742E-01 0.00000000E+00 0.00000000E+00
 9  3 1.34820435E-02 0.00000000E+00 0.00000000E+00 0.00000000E+00 0.00000000E+00
 9  4 0.00000000E+00 0.00000000E+00 1.04809163E-01 0.00000000E+00 1.47955122E-01
 9  5-2.75957061E-01-2.62791419E-01-1.22378276E-01 0.00000000E+00 8.59184204E-02
 9  6-1.54822824E-02 0.00000000E+00 1.62799941E-02-9.18435629E-03 9.73462657E-03
 9  7-5.50270282E-04 0.00000000E+00 1.72489511E-02 0.00000000E+00-1.47955122E-01
 9  8 2.75957061E-01 2.62791419E-01-1.22378276E-01 0.00000000E+00-8.59184204E-02
 9  9-1.54822824E-02 0.00000000E+00-1.62799941E-02 9.18435629E-03-9.73462657E-03
 9 10 5.50270282E-04 0.00000000E+00 1.72489511E-02 0.00000000E+00
10  1-4.71166889E-02 1.32089458E-01-2.97166818E-01-2.78028546E-01 0.00000000E+00
10  2 0.00000000E+00-1.45414531E-01 0.00000000E+00 0.00000000E+00 3.16248212E-01
10  3 0.00000000E+00 0.00000000E+00 1.34034407E-01-6.24466499E-02-2.02444349E-02
10  4 8.26910848E-02 0.00000000E+00 0.00000000E+00 0.00000000E+00-5.85850120E-02
10  5 1.20061915E-01 2.11263641E-01 1.16507363E-04 0.00000000E+00 2.71052961E-01
10  6 2.29881208E-03 0.00000000E+00 1.29398308E-01 7.52874118E-03 3.72997977E-03
10  7-1.12587209E-02 0.00000000E+00 1.49087459E-02 0.00000000E+00-5.85850120E-02
10  8 1.20061915E-01 2.11263641E-01-1.16507363E-04 0.00000000E+00 2.71052961E-01
10  9-2.29881208E-03 0.00000000E+00 1.29398308E-01 7.52874118E-03 3.72997977E-03
10 10-1.12587209E-02 0.00000000E+00-1.49087459E-02 0.00000000E+00
11  1 0.00000000E+00 0.00000000E+00 0.00000000E+00 0.00000000E+00 0.00000000E+00
11  2-2.07187487E-01 0.00000000E+00 0.00000000E+00 4.58896176E-01 0.00000000E+00
11  3 0.00000000E+00 1.51793947E-01 0.00000000E+00 0.00000000E+00 0.00000000E+00
11  4 0.00000000E+00 0.00000000E+00 0.00000000E+00 7.46867589E-02 0.00000000E+00
11  5 0.00000000E+00 0.00000000E+00 0.00000000E+00 3.31071352E-01 0.00000000E+00
11  6 0.00000000E+00 1.69851063E-01 0.00000000E+00 0.00000000E+00 0.00000000E+00
11  7 0.00000000E+00 2.66295899E-02 0.00000000E+00-1.46700468E-02 0.00000000E+00
11  8 0.00000000E+00 0.00000000E+00 0.00000000E+00 3.31071352E-01 0.00000000E+00
11  9 0.00000000E+00 1.69851063E-01 0.00000000E+00 0.00000000E+00 0.00000000E+00
11 10 0.00000000E+00-2.66295899E-02 0.00000000E+00-1.46700468E-02
12  1 2.75281833E-02-6.02470429E-02 1.93400274E-01-2.96080541E-02 0.00000000E+00
12  2 0.00000000E+00-1.17180227E-01 0.00000000E+00 0.00000000E+00 2.53285743E-01
12  3 0.00000000E+00 0.00000000E+00 1.76446220E-02-8.61916795E-02 7.59119987E-03
12  4 7.86004796E-02 0.00000000E+00 0.00000000E+00 0.00000000E+00 8.13480334E-02
12  5-1.64209434E-01-2.82750909E-01 3.49442950E-01 0.00000000E+00 6.27343688E-02
12  6 1.92670266E-01 0.00000000E+00 3.50579206E-02 2.16392399E-02-9.52192543E-03
12  7-1.21173145E-02 0.00000000E+00-4.57790767E-03 0.00000000E+00 8.13480334E-02
12  8-1.64209434E-01-2.82750909E-01-3.49442950E-01 0.00000000E+00 6.27343688E-02
12  9-1.92670266E-01 0.00000000E+00 3.50579206E-02 2.16392399E-02-9.52192543E-03
12 10-1.21173145E-02 0.00000000E+00 4.57790767E-03 0.00000000E+00
13  1 0.00000000E+00 0.00000000E+00 0.00000000E+00 0.00000000E+00-1.59658921E-01
13  2 0.00000000E+00 0.00000000E+00 3.38084031E-01 0.00000000E+00 0.00000000E+00
13  3-1.43200483E-02 0.00000000E+00 0.00000000E+00 0.00000000E+00 0.00000000E+00
13  4 0.00000000E+00 0.00000000E+00 1.87588208E-02 0.00000000E+00-6.79100630E-02
13  5 1.40396280E-01 2.83882092E-01-2.63617850E-01 0.00000000E+00 3.03168281E-01
13  6-1.25615672E-01 0.00000000E+00 1.68383473E-01-6.18395375E-03 1.33195986E-02
13  7-7.13564486E-03 0.00000000E+00 2.33395610E-02 0.00000000E+00 6.79100630E-02
13  8-1.40396280E-01-2.83882092E-01-2.63617850E-01 0.00000000E+00-3.03168281E-01
13  9-1.25615672E-01 0.00000000E+00-1.68383473E-01 6.18395375E-03-1.33195986E-02
13 10 7.13564486E-03 0.00000000E+00 2.33395610E-02 0.00000000E+00
14  1 0.00000000E+00 0.00000000E+00 0.00000000E+00 0.00000000E+00 0.00000000E+00
14  2 0.00000000E+00 0.00000000E+00 0.00000000E+00 0.00000000E+00 0.00000000E+00
14  3 0.00000000E+00 0.00000000E+00 0.00000000E+00 0.00000000E+00 0.00000000E+00
14  4 0.00000000E+00-1.79653391E-01 0.00000000E+00 0.00000000E+00 0.00000000E+00
14  5 0.00000000E+00 0.00000000E+00 0.00000000E+00 4.60144060E-01 0.00000000E+00
14  6 0.00000000E+00 2.98304181E-01 0.00000000E+00 0.00000000E+00 0.00000000E+00
14  7 0.00000000E+00 2.38362522E-02 0.00000000E+00-1.33831194E-02 0.00000000E+00
14  8 0.00000000E+00 0.00000000E+00 0.00000000E+00-4.60144060E-01 0.00000000E+00
14  9 0.00000000E+00-2.98304181E-01 0.00000000E+00 0.00000000E+00 0.00000000E+00
14 10 0.00000000E+00 2.38362522E-02 0.00000000E+00 1.33831194E-02
15  1 0.00000000E+00 0.00000000E+00 0.00000000E+00 0.00000000E+00 2.65507777E-03
15  2 0.00000000E+00 0.00000000E+00-1.89193403E-04 0.00000000E+00 0.00000000E+00
15  3 1.05811822E-01 0.00000000E+00 0.00000000E+00 0.00000000E+00 0.00000000E+00
15  4 0.00000000E+00 0.00000000E+00-1.61789796E-01 0.00000000E+00-2.32423014E-03
15  5-5.17913775E-03 4.35836962E-03 3.71829253E-01 0.00000000E+00 3.00764643E-01
15  6 2.22243188E-01 0.00000000E+00 2.08766667E-01 3.10218044E-02-5.41175519E-03
15  7-2.56100492E-02 0.00000000E+00 6.27128311E-03 0.00000000E+00 2.32423014E-03
15  8 5.17913775E-03-4.35836962E-03 3.71829253E-01 0.00000000E+00-3.00764643E-01
15  9 2.22243188E-01 0.00000000E+00-2.08766667E-01-3.10218044E-02 5.41175519E-03
15 10 2.56100492E-02 0.00000000E+00 6.27128311E-03 0.00000000E+00
16  1 2.24280209E-02-1.15532606E-01 8.83983376E-02 8.36435149E-01 0.00000000E+00
16  2 0.00000000E+00 1.50877640E-01 0.00000000E+00 0.00000000E+00-3.30744728E-01
16  3 0.00000000E+00 0.00000000E+00-1.56803687E-01-1.88018897E-01 8.37064973E-02
16  4 1.04312399E-01 0.00000000E+00 0.00000000E+00 0.00000000E+00 2.25978076E-02
16  5-3.76290602E-02-1.48069894E-01-8.65489989E-02 0.00000000E+00 3.47958573E-01
16  6-6.05441690E-02 0.00000000E+00 2.69357380E-01-9.33487145E-03 9.35265853E-03
16  7-1.77870834E-05 0.00000000E+00 1.85411245E-02 0.00000000E+00 2.25978076E-02
16  8-3.76290602E-02-1.48069894E-01 8.65489989E-02 0.00000000E+00 3.47958573E-01
16  9 6.05441690E-02 0.00000000E+00 2.69357380E-01-9.33487145E-03 9.35265853E-03
16 10-1.77870834E-05 0.00000000E+00-1.85411245E-02 0.00000000E+00
17  1 0.00000000E+00 0.00000000E+00 0.00000000E+00 0.00000000E+00 0.00000000E+00
17  2-1.98135078E-01 0.00000000E+00 0.00000000E+00 5.22852582E-01 0.00000000E+00
17  3 0.00000000E+00 7.45789796E-01 0.00000000E+00 0.00000000E+00 0.00000000E+00
17  4 0.00000000E+00 0.00000000E+00 0.00000000E+00-1.31365788E-01 0.00000000E+00
17  5 0.00000000E+00 0.00000000E+00 0.00000000E+00-3.57593600E-01 0.00000000E+00
17  6 0.00000000E+00-4.07256604E-01 0.00000000E+00 0.00000000E+00 0.00000000E+00
17  7 0.00000000E+00-6.08524831E-03 0.00000000E+00-2.10695217E-03 0.00000000E+00
17  8 0.00000000E+00 0.00000000E+00 0.00000000E+00-3.57593600E-01 0.00000000E+00
17  9 0.00000000E+00-4.07256604E-01 0.00000000E+00 0.00000000E+00 0.00000000E+00
17 10 0.00000000E+00 6.08524831E-03 0.00000000E+00-2.10695217E-03
18  1 4.61409664E-03-1.34350523E-01-1.10610234E-01 1.68480070E+00 0.00000000E+00
18  2 0.00000000E+00-6.90676318E-02 0.00000000E+00 0.00000000E+00 2.29403012E-01
18  3 0.00000000E+00 0.00000000E+00 1.32468674E+00-1.12637227E-01 2.69301866E-01
18  4-1.56664639E-01 0.00000000E+00 0.00000000E+00 0.00000000E+00 6.76789175E-02
18  5-8.56046288E-02-9.24681316E-01-1.74317162E-01 0.00000000E+00-8.77905605E-02
18  6-4.11812029E-01 0.00000000E+00-1.30590252E-01-1.77287021E-02 2.32442728E-02
18  7-5.51557072E-03 0.00000000E+00 9.71148110E-03 0.00000000E+00 6.76789175E-02
18  8-8.56046288E-02-9.24681316E-01 1.74317162E-01 0.00000000E+00-8.77905605E-02
18  9 4.11812029E-01 0.00000000E+00-1.30590252E-01-1.77287021E-02 2.32442728E-02
18 10-5.51557072E-03 0.00000000E+00-9.71148110E-03 0.00000000E+00
19  1 0.00000000E+00 0.00000000E+00 0.00000000E+00 0.00000000E+00-7.26200236E-02
19  2 0.00000000E+00 0.00000000E+00 2.14173387E-01 0.00000000E+00 0.00000000E+00
19  3 1.63117137E+00 0.00000000E+00 0.00000000E+00 0.00000000E+00 0.00000000E+00
19  4 0.00000000E+00 0.00000000E+00-1.83136871E-01 0.00000000E+00-6.18804450E-02
19  5 7.50902581E-02 8.61518393E-01-6.45791176E-02 0.00000000E+00-2.23149128E-01
19  6-5.18991143E-02 0.00000000E+00-3.13842386E-01 5.58154366E-03-4.86155695E-03
19  7-7.19986717E-04 0.00000000E+00-1.58479356E-02 0.00000000E+00 6.18804450E-02
19  8-7.50902581E-02-8.61518393E-01-6.45791176E-02 0.00000000E+00 2.23149128E-01
19  9-5.18991143E-02 0.00000000E+00 3.13842386E-01-5.58154366E-03 4.86155695E-03
19 10 7.19986717E-04 0.00000000E+00-1.58479356E-02 0.00000000E+00
20  1 0.00000000E+00 0.00000000E+00 0.00000000E+00 0.00000000E+00 0.00000000E+00
20  2 2.95837999E-01 0.00000000E+00 0.00000000E+00-1.11811034E+00 0.00000000E+00
20  3 0.00000000E+00 1.17368912E+00 0.00000000E+00 0.00000000E+00 0.00000000E+00
20  4 0.00000000E+00 0.00000000E+00 0.00000000E+00-1.16164111E-01 0.00000000E+00
20  5 0.00000000E+00 0.00000000E+00 0.00000000E+00 2.12934343E-02 0.00000000E+00
20  6 0.00000000E+00-1.95376692E-02 0.00000000E+00 0.00000000E+00 0.00000000E+00
20  7 0.00000000E+00-3.73137013E-02 0.00000000E+00 1.62059176E-02 0.00000000E+00
20  8 0.00000000E+00 0.00000000E+00 0.00000000E+00 2.12934343E-02 0.00000000E+00
20  9 0.00000000E+00-1.95376692E-02 0.00000000E+00 0.00000000E+00 0.00000000E+00
20 10 0.00000000E+00 3.73137013E-02 0.00000000E+00 1.62059176E-02
21  1-4.94113727E-02-1.58297744E-01-7.34589030E-01 8.98474461E-01 0.00000000E+00
21  2 0.00000000E+00-2.74927570E-01 0.00000000E+00 0.00000000E+00 1.04052744E+00
21  3 0.00000000E+00 0.00000000E+00-8.85220037E-01-2.32236452E-01 2.04570820E-01
21  4 2.76656323E-02 0.00000000E+00 0.00000000E+00 0.00000000E+00 9.37845641E-03
21  5-5.66160061E-02 1.57887813E-02-6.07542269E-02 0.00000000E+00-1.63568983E-02
21  6-8.84330236E-02 0.00000000E+00-2.66166020E-02 2.27123020E-02 8.27651301E-03
21  7-3.09888150E-02 0.00000000E+00 1.80359570E-02 0.00000000E+00 9.37845641E-03
21  8-5.66160061E-02 1.57887813E-02 6.07542269E-02 0.00000000E+00-1.63568983E-02
21  9 8.84330236E-02 0.00000000E+00-2.66166020E-02 2.27123020E-02 8.27651301E-03
21 10-3.09888150E-02 0.00000000E+00-1.80359570E-02 0.00000000E+00
22  1-6.72036730E-02-1.33651229E-01-8.88913464E-01 2.60390822E+00 0.00000000E+00
22  2 0.00000000E+00 2.10974175E-02 0.00000000E+00 0.00000000E+00 8.52970706E-02
22  3 0.00000000E+00 0.00000000E+00 4.71180441E-01 5.60869698E-01-5.79077111E-01
22  4 1.82074132E-02 0.00000000E+00 0.00000000E+00 0.00000000E+00 2.72813898E-02
22  5 8.17474749E-03-1.05099893E+00 2.60744175E-01 0.00000000E+00-1.85185751E-01
22  6-5.13643569E-01 0.00000000E+00 4.40057662E-01-3.78903587E-02 1.64855041E-02
22  7 2.14048546E-02 0.00000000E+00 4.89560373E-02 0.00000000E+00 2.72813898E-02
22  8 8.17474749E-03-1.05099893E+00-2.60744175E-01 0.00000000E+00-1.85185751E-01
22  9 5.13643569E-01 0.00000000E+00 4.40057662E-01-3.78903587E-02 1.64855041E-02
22 10 2.14048546E-02 0.00000000E+00-4.89560373E-02 0.00000000E+00
23  1 0.00000000E+00 0.00000000E+00 0.00000000E+00 0.00000000E+00 1.55441270E-01
23  2 0.00000000E+00 0.00000000E+00-3.28384988E-01 0.00000000E+00 0.00000000E+00
23  3 1.04892191E+00 0.00000000E+00 0.00000000E+00 0.00000000E+00 0.00000000E+00
23  4 0.00000000E+00 0.00000000E+00 7.49897612E-01 0.00000000E+00-1.82439616E-02
23  5-3.27143507E-02 8.37221294E-01-2.14629395E-01 0.00000000E+00 2.06692523E-01
23  6 5.64974389E-01 0.00000000E+00-1.49593313E-01 1.31855193E-02-3.07740163E-02
23  7 1.75884970E-02 0.00000000E+00-4.48244716E-02 0.00000000E+00 1.82439616E-02
23  8 3.27143507E-02-8.37221294E-01-2.14629395E-01 0.00000000E+00-2.06692523E-01
23  9 5.64974389E-01 0.00000000E+00 1.49593313E-01-1.31855193E-02 3.07740163E-02
23 10-1.75884970E-02 0.00000000E+00-4.48244716E-02 0.00000000E+00
24  1 0.00000000E+00 0.00000000E+00 0.00000000E+00 0.00000000E+00 0.00000000E+00
24  2 1.43391512E-02 0.00000000E+00 0.00000000E+00-8.48317187E-02 0.00000000E+00
24  3 0.00000000E+00 3.23205952E-01 0.00000000E+00 0.00000000E+00 0.00000000E+00
24  4 0.00000000E+00 0.00000000E+00 0.00000000E+00 9.67280547E-01 0.00000000E+00
24  5 0.00000000E+00 0.00000000E+00 0.00000000E+00-3.01665677E-01 0.00000000E+00
24  6 0.00000000E+00-7.80678056E-02 0.00000000E+00 0.00000000E+00 0.00000000E+00
24  7 0.00000000E+00 3.93192269E-02 0.00000000E+00 4.41419291E-02 0.00000000E+00
24  8 0.00000000E+00 0.00000000E+00 0.00000000E+00-3.01665677E-01 0.00000000E+00
24  9 0.00000000E+00-7.80678056E-02 0.00000000E+00 0.00000000E+00 0.00000000E+00
24 10 0.00000000E+00-3.93192269E-02 0.00000000E+00 4.41419291E-02
25  1 8.39346134E-02 3.81266917E-01 1.40388437E+00 3.34597645E-01 0.00000000E+00
25  2 0.00000000E+00-1.12665457E-01 0.00000000E+00 0.00000000E+00 6.23045673E-01
25  3 0.00000000E+00 0.00000000E+00 2.48004202E-01-1.27900174E-01-2.92234522E-01
25  4 4.20134696E-01 0.00000000E+00 0.00000000E+00 0.00000000E+00 5.21593708E-02
25  5-7.41636706E-02-6.14125127E-01 1.32532958E-01 0.00000000E+00-1.31701924E-02
25  6-1.01162764E+00 0.00000000E+00 2.06251384E-01 3.38065305E-02-1.89781981E-02
25  7-1.48283324E-02 0.00000000E+00 4.20014386E-03 0.00000000E+00 5.21593708E-02
25  8-7.41636706E-02-6.14125127E-01-1.32532958E-01 0.00000000E+00-1.31701924E-02
25  9 1.01162764E+00 0.00000000E+00 2.06251384E-01 3.38065305E-02-1.89781981E-02
25 10-1.48283324E-02 0.00000000E+00-4.20014386E-03 0.00000000E+00
26  1 0.00000000E+00 0.00000000E+00 0.00000000E+00 0.00000000E+00-2.40251398E-01
26  2 0.00000000E+00 0.00000000E+00 1.29344258E+00 0.00000000E+00 0.00000000E+00
26  3-2.75458019E-01 0.00000000E+00 0.00000000E+00 0.00000000E+00 0.00000000E+00
26  4 0.00000000E+00 0.00000000E+00-5.80529643E-02 0.00000000E+00-5.21335326E-02
26  5 9.06780085E-02 5.21938262E-01-9.64613445E-02 0.00000000E+00 1.87644168E-01
26  6 9.07410970E-01 0.00000000E+00-7.50905885E-01 1.43645324E-02 1.33557674E-02
26  7-2.77202998E-02 0.00000000E+00 2.16741318E-02 0.00000000E+00 5.21335326E-02
26  8-9.06780085E-02-5.21938262E-01-9.64613445E-02 0.00000000E+00-1.87644168E-01
26  9 9.07410970E-01 0.00000000E+00 7.50905885E-01-1.43645324E-02-1.33557674E-02
26 10 2.77202998E-02 0.00000000E+00 2.16741318E-02 0.00000000E+00
27  1-1.75190315E-02-1.89737235E-01-4.29214134E-01-1.73366127E-01 0.00000000E+00
27  2 0.00000000E+00 4.92514534E-03 0.00000000E+00 0.00000000E+00-1.47739872E-01
27  3 0.00000000E+00 0.00000000E+00 3.47563897E-01-3.84812957E-01-4.98875861E-01
27  4 8.83688818E-01 0.00000000E+00 0.00000000E+00 0.00000000E+00-2.67738430E-03
27  5-1.10733662E-01 2.32581554E-01-3.29883737E-01 0.00000000E+00-1.91669628E-01
27  6 3.53453945E-01 0.00000000E+00-3.78637303E-01 3.68921136E-02-3.85730678E-02
27  7 1.68095426E-03 0.00000000E+00 5.09192663E-02 0.00000000E+00-2.67738430E-03
27  8-1.10733662E-01 2.32581554E-01 3.29883737E-01 0.00000000E+00-1.91669628E-01
27  9-3.53453945E-01 0.00000000E+00-3.78637303E-01 3.68921136E-02-3.85730678E-02
27 10 1.68095426E-03 0.00000000E+00-5.09192663E-02 0.00000000E+00
28  1 0.00000000E+00 0.00000000E+00 0.00000000E+00 0.00000000E+00 0.00000000E+00
28  2 0.00000000E+00 0.00000000E+00 0.00000000E+00 0.00000000E+00 0.00000000E+00
28  3 0.00000000E+00 0.00000000E+00 0.00000000E+00 0.00000000E+00 0.00000000E+00
28  4 0.00000000E+00 1.01179997E+00 0.00000000E+00 0.00000000E+00 0.00000000E+00
28  5 0.00000000E+00 0.00000000E+00 0.00000000E+00-3.49176714E-02 0.00000000E+00
28  6 0.00000000E+00 6.32256005E-01 0.00000000E+00 0.00000000E+00 0.00000000E+00
28  7 0.00000000E+00-3.39304909E-02 0.00000000E+00 5.17470332E-02 0.00000000E+00
28  8 0.00000000E+00 0.00000000E+00 0.00000000E+00 3.49176714E-02 0.00000000E+00
28  9 0.00000000E+00-6.32256005E-01 0.00000000E+00 0.00000000E+00 0.00000000E+00
28 10 0.00000000E+00-3.39304909E-02 0.00000000E+00-5.17470332E-02
29  1 0.00000000E+00 0.00000000E+00 0.00000000E+00 0.00000000E+00 0.00000000E+00
29  2 0.00000000E+00 0.00000000E+00 0.00000000E+00 0.00000000E+00 0.00000000E+00
29  3 0.00000000E+00 0.00000000E+00 0.00000000E+00 0.00000000E+00 0.00000000E+00
29  4 0.00000000E+00 3.43725881E-01 0.00000000E+00 0.00000000E+00 0.00000000E+00
29  5 0.00000000E+00 0.00000000E+00 0.00000000E+00 6.71094346E-01 0.00000000E+00
29  6 0.00000000E+00-6.30199477E-01 0.00000000E+00 0.00000000E+00 0.00000000E+00
29  7 0.00000000E+00 1.30940220E-02 0.00000000E+00 2.87103386E-02 0.00000000E+00
29  8 0.00000000E+00 0.00000000E+00 0.00000000E+00-6.71094346E-01 0.00000000E+00
29  9 0.00000000E+00 6.30199477E-01 0.00000000E+00 0.00000000E+00 0.00000000E+00
29 10 0.00000000E+00 1.30940220E-02 0.00000000E+00-2.87103386E-02
30  1 3.97739952E-02 1.92539608E-01 6.80506431E-01-3.66929881E-01 0.00000000E+00
30  2 0.00000000E+00-7.98871347E-02 0.00000000E+00 0.00000000E+00 2.92935936E-01
30  3 0.00000000E+00 0.00000000E+00-9.25818102E-01 1.53060462E-01 1.09146861E-01
30  4-2.62207323E-01 0.00000000E+00 0.00000000E+00 0.00000000E+00 7.49791397E-03
30  5-3.61364284E-03 5.78638737E-02-3.33893297E-01 0.00000000E+00-4.68898561E-01
30  6 1.84009491E-01 0.00000000E+00 9.53818612E-01 2.31488857E-02-1.79669627E-02
30  7-5.18192301E-03 0.00000000E+00-1.13143048E-02 0.00000000E+00 7.49791397E-03
30  8-3.61364284E-03 5.78638737E-02 3.33893297E-01 0.00000000E+00-4.68898561E-01
30  9-1.84009491E-01 0.00000000E+00 9.53818612E-01 2.31488857E-02-1.79669627E-02
30 10-5.18192301E-03 0.00000000E+00 1.13143048E-02 0.00000000E+00
31  1 0.00000000E+00 0.00000000E+00 0.00000000E+00 0.00000000E+00 0.00000000E+00
31  2-3.64975298E-02 0.00000000E+00 0.00000000E+00 6.55738605E-02 0.00000000E+00
31  3 0.00000000E+00-1.02989596E+00 0.00000000E+00 0.00000000E+00 0.00000000E+00
31  4 0.00000000E+00 0.00000000E+00 0.00000000E+00-3.24930655E-01 0.00000000E+00
31  5 0.00000000E+00 0.00000000E+00 0.00000000E+00-5.82801169E-01 0.00000000E+00
31  6 0.00000000E+00 1.09513616E+00 0.00000000E+00 0.00000000E+00 0.00000000E+00
31  7 0.00000000E+00-3.14948321E-02 0.00000000E+00 1.61589050E-02 0.00000000E+00
31  8 0.00000000E+00 0.00000000E+00 0.00000000E+00-5.82801169E-01 0.00000000E+00
31  9 0.00000000E+00 1.09513616E+00 0.00000000E+00 0.00000000E+00 0.00000000E+00
31 10 0.00000000E+00 3.14948321E-02 0.00000000E+00 1.61589050E-02
32  1 0.00000000E+00 0.00000000E+00 0.00000000E+00 0.00000000E+00 1.02669419E-01
32  2 0.00000000E+00 0.00000000E+00-4.74079991E-01 0.00000000E+00 0.00000000E+00
32  3 8.34311665E-01 0.00000000E+00 0.00000000E+00 0.00000000E+00 0.00000000E+00
32  4 0.00000000E+00 0.00000000E+00-4.92936876E-02 0.00000000E+00 4.66958125E-03
32  5 2.60939636E-02 3.30014932E-02 2.57328650E-01 0.00000000E+00 5.51619728E-01
32  6-7.95317632E-01 0.00000000E+00-6.86336336E-01 6.20124423E-02-3.72948875E-02
32  7-2.47175548E-02 0.00000000E+00 1.74255027E-02 0.00000000E+00-4.66958125E-03
32  8-2.60939636E-02-3.30014932E-02 2.57328650E-01 0.00000000E+00-5.51619728E-01
32  9-7.95317632E-01 0.00000000E+00 6.86336336E-01-6.20124423E-02 3.72948875E-02
32 10 2.47175548E-02 0.00000000E+00 1.74255027E-02 0.00000000E+00
33  1 3.78070881E-02-1.04362918E-01 3.13884511E-01 7.41605690E-01 0.00000000E+00
33  2 0.00000000E+00-1.60640525E-01 0.00000000E+00 0.00000000E+00 6.66991836E-01
33  3 0.00000000E+00 0.00000000E+00 8.92730360E-02 1.01065120E+00-7.15422119E-01
33  4-2.95229085E-01 0.00000000E+00 0.00000000E+00 0.00000000E+00 3.07960178E-02
33  5-3.89412007E-01-5.01091841E-01-4.74142433E-01 0.00000000E+00 4.52163708E-01
33  6 1.00694138E-02 0.00000000E+00-1.66745930E-02 1.35442342E-02-1.27089231E-01
33  7 1.13544996E-01 0.00000000E+00-2.58956435E-02 0.00000000E+00 3.07960178E-02
33  8-3.89412007E-01-5.01091841E-01 4.74142433E-01 0.00000000E+00 4.52163708E-01
33  9-1.00694138E-02 0.00000000E+00-1.66745930E-02 1.35442342E-02-1.27089231E-01
33 10 1.13544996E-01 0.00000000E+00 2.58956435E-02 0.00000000E+00
34  1 0.00000000E+00 0.00000000E+00 0.00000000E+00 0.00000000E+00-2.02780767E-01
34  2 0.00000000E+00 0.00000000E+00 1.01349275E+00 0.00000000E+00 0.00000000E+00
34  3 1.18605050E+00 0.00000000E+00 0.00000000E+00 0.00000000E+00 0.00000000E+00
34  4 0.00000000E+00 0.00000000E+00 8.21869121E-01 0.00000000E+00-1.65397865E-02
34  5-5.70066402E-01 1.96738488E+00 5.57698546E-01 0.00000000E+00-1.69990988E-01
34  6 1.05903350E-01 0.00000000E+00-3.31088320E-01-1.11722246E-01 2.32105063E-02
34  7 8.85117398E-02 0.00000000E+00 1.73328424E-01 0.00000000E+00 1.65397865E-02
34  8 5.70066402E-01-1.96738488E+00 5.57698546E-01 0.00000000E+00 1.69990988E-01
34  9 1.05903350E-01 0.00000000E+00 3.31088320E-01 1.11722246E-01-2.32105063E-02
34 10-8.85117398E-02 0.00000000E+00 1.73328424E-01 0.00000000E+00
35  1-1.97704104E-03-2.44142999E-02-4.56970982E-02 2.90875782E+00 0.00000000E+00
35  2 0.00000000E+00-4.80900741E-02 0.00000000E+00 0.00000000E+00 4.16115148E-01
35  3 0.00000000E+00 0.00000000E+00 1.09088599E+00 2.21743097E-01-3.09138930E-01
35  4 8.73958329E-02 0.00000000E+00 0.00000000E+00 0.00000000E+00 1.20252918E-02
35  5 1.25208770E+00-2.74392462E+00-1.36276550E-01 0.00000000E+00 1.13965149E-01
35  6-6.63540911E-01 0.00000000E+00 8.87732094E-02 1.32844572E-01-2.50228971E-02
35  7-1.07821675E-01 0.00000000E+00-1.28679798E-01 0.00000000E+00 1.20252918E-02
35  8 1.25208770E+00-2.74392462E+00 1.36276550E-01 0.00000000E+00 1.13965149E-01
35  9 6.63540911E-01 0.00000000E+00 8.87732094E-02 1.32844572E-01-2.50228971E-02
35 10-1.07821675E-01 0.00000000E+00 1.28679798E-01 0.00000000E+00
36  1 0.00000000E+00 0.00000000E+00 0.00000000E+00 0.00000000E+00 1.38956101E-01
36  2 0.00000000E+00 0.00000000E+00-3.24894983E-01 0.00000000E+00 0.00000000E+00
36  3 6.51953309E-01 0.00000000E+00 0.00000000E+00 0.00000000E+00 0.00000000E+00
36  4 0.00000000E+00 0.00000000E+00-5.25504392E-01 0.00000000E+00 1.29156577E-02
36  5-1.11639262E+00 1.23597944E+00-3.15567536E-01 0.00000000E+00 1.55585352E-01
36  6 2.48519778E-01 0.00000000E+00-2.86409476E-01-1.28131831E-02 2.73018885E-01
36  7-2.60205702E-01 0.00000000E+00-6.69047413E-02 0.00000000E+00-1.29156577E-02
36  8 1.11639262E+00-1.23597944E+00-3.15567536E-01 0.00000000E+00-1.55585352E-01
36  9 2.48519778E-01 0.00000000E+00 2.86409476E-01 1.28131831E-02-2.73018885E-01
36 10 2.60205702E-01 0.00000000E+00-6.69047413E-02 0.00000000E+00
37  1 0.00000000E+00 0.00000000E+00 0.00000000E+00 0.00000000E+00 0.00000000E+00
37  2 0.00000000E+00 0.00000000E+00 0.00000000E+00 0.00000000E+00 0.00000000E+00
37  3 0.00000000E+00 0.00000000E+00 0.00000000E+00 0.00000000E+00 0.00000000E+00
37  4 0.00000000E+00 4.63587840E-02 0.00000000E+00 0.00000000E+00 0.00000000E+00
37  5 0.00000000E+00 0.00000000E+00 0.00000000E+00-4.01721088E-02 0.00000000E+00
37  6 0.00000000E+00 6.99195255E-02 0.00000000E+00 0.00000000E+00 0.00000000E+00
37  7 0.00000000E+00 5.26435427E-01 0.00000000E+00 4.76117075E-01 0.00000000E+00
37  8 0.00000000E+00 0.00000000E+00 0.00000000E+00 4.01721088E-02 0.00000000E+00
37  9 0.00000000E+00-6.99195255E-02 0.00000000E+00 0.00000000E+00 0.00000000E+00
37 10 0.00000000E+00 5.26435427E-01 0.00000000E+00-4.76117075E-01
38  1 0.00000000E+00 0.00000000E+00 0.00000000E+00 0.00000000E+00 0.00000000E+00
38  2-3.26609272E-02 0.00000000E+00 0.00000000E+00 1.70142550E-01 0.00000000E+00
38  3 0.00000000E+00 9.14570909E-03 0.00000000E+00 0.00000000E+00 0.00000000E+00
38  4 0.00000000E+00 0.00000000E+00 0.00000000E+00-1.20014364E-01 0.00000000E+00
38  5 0.00000000E+00 0.00000000E+00 0.00000000E+00 4.69483302E-02 0.00000000E+00
38  6 0.00000000E+00-6.93539104E-02 0.00000000E+00 0.00000000E+00 0.00000000E+00
38  7 0.00000000E+00 1.28183913E-01 0.00000000E+00 7.00727570E-01 0.00000000E+00
38  8 0.00000000E+00 0.00000000E+00 0.00000000E+00 4.69483302E-02 0.00000000E+00
38  9 0.00000000E+00-6.93539104E-02 0.00000000E+00 0.00000000E+00 0.00000000E+00
38 10 0.00000000E+00-1.28183913E-01 0.00000000E+00 7.00727570E-01
39  1 0.00000000E+00 0.00000000E+00 0.00000000E+00 0.00000000E+00-7.72527884E-02
39  2 0.00000000E+00 0.00000000E+00 1.68456721E-01 0.00000000E+00 0.00000000E+00
39  3-1.97687360E-02 0.00000000E+00 0.00000000E+00 0.00000000E+00 0.00000000E+00
39  4 0.00000000E+00 0.00000000E+00 2.23507157E-01 0.00000000E+00-4.25076680E-03
39  5 4.16588834E-01-3.62783804E-01 2.23317290E-01 0.00000000E+00-9.51576927E-03
39  6-2.76837606E-01 0.00000000E+00-1.63047218E-02-4.10127108E-01 5.45997938E-01
39  7-1.35870830E-01 0.00000000E+00-3.59070332E-01 0.00000000E+00 4.25076680E-03
39  8-4.16588834E-01 3.62783804E-01 2.23317290E-01 0.00000000E+00 9.51576927E-03
39  9-2.76837606E-01 0.00000000E+00 1.63047218E-02 4.10127108E-01-5.45997938E-01
39 10 1.35870830E-01 0.00000000E+00-3.59070332E-01 0.00000000E+00
40  1 4.41186688E-03-4.61908937E-02-6.03486603E-03-1.47136275E-01 0.00000000E+00
40  2 0.00000000E+00-2.26627876E-02 0.00000000E+00 0.00000000E+00 5.39304967E-02
40  3 0.00000000E+00 0.00000000E+00-7.06947976E-02 2.02345131E-01-3.45581986E-01
40  4 1.43236855E-01 0.00000000E+00 0.00000000E+00 0.00000000E+00 1.99038073E-03
40  5-2.54258796E-01 2.21982984E-01-1.14463894E-01 0.00000000E+00 4.94089633E-02
40  6 1.14081510E-01 0.00000000E+00-2.77756072E-02-1.56411685E-01 6.03114540E-01
40  7-4.46702855E-01 0.00000000E+00-3.22851923E-01 0.00000000E+00 1.99038073E-03
40  8-2.54258796E-01 2.21982984E-01 1.14463894E-01 0.00000000E+00 4.94089633E-02
40  9-1.14081510E-01 0.00000000E+00-2.77756072E-02-1.56411685E-01 6.03114540E-01
40 10-4.46702855E-01 0.00000000E+00 3.22851923E-01 0.00000000E+00
41  1 0.00000000E+00 0.00000000E+00 0.00000000E+00 0.00000000E+00-1.85932448E-02
41  2 0.00000000E+00 0.00000000E+00-8.04076188E-02 0.00000000E+00 0.00000000E+00
41  3-1.23440085E-01 0.00000000E+00 0.00000000E+00 0.00000000E+00 0.00000000E+00
41  4 0.00000000E+00 0.00000000E+00 7.05150519E-01 0.00000000E+00 4.57286744E-03
41  5 4.12579612E-01-2.82544842E-01 1.58633226E-01 0.00000000E+00-1.44449414E-01
41  6 1.15619476E-02 0.00000000E+00 3.02183621E-01 4.43120564E-01 2.31477955E-01
41  7-6.74598519E-01 0.00000000E+00 2.71905094E-01 0.00000000E+00-4.57286744E-03
41  8-4.12579612E-01 2.82544842E-01 1.58633226E-01 0.00000000E+00 1.44449414E-01
41  9 1.15619476E-02 0.00000000E+00-3.02183621E-01-4.43120564E-01-2.31477955E-01
41 10 6.74598519E-01 0.00000000E+00 2.71905094E-01 0.00000000E+00
42  1 0.00000000E+00 0.00000000E+00 0.00000000E+00 0.00000000E+00 0.00000000E+00
42  2 1.04704462E-01 0.00000000E+00 0.00000000E+00-5.42569013E-01 0.00000000E+00
42  3 0.00000000E+00-1.91670733E-01 0.00000000E+00 0.00000000E+00 0.00000000E+00
42  4 0.00000000E+00 0.00000000E+00 0.00000000E+00-5.06181689E-01 0.00000000E+00
42  5 0.00000000E+00 0.00000000E+00 0.00000000E+00-2.03553746E-02 0.00000000E+00
42  6 0.00000000E+00 3.23020882E-01 0.00000000E+00 0.00000000E+00 0.00000000E+00
42  7 0.00000000E+00 7.91372297E-01 0.00000000E+00-1.67999768E-01 0.00000000E+00
42  8 0.00000000E+00 0.00000000E+00 0.00000000E+00-2.03553746E-02 0.00000000E+00
42  9 0.00000000E+00 3.23020882E-01 0.00000000E+00 0.00000000E+00 0.00000000E+00
42 10 0.00000000E+00-7.91372297E-01 0.00000000E+00-1.67999768E-01
43  1 0.00000000E+00 0.00000000E+00 0.00000000E+00 0.00000000E+00 0.00000000E+00
43  2 0.00000000E+00 0.00000000E+00 0.00000000E+00 0.00000000E+00 0.00000000E+00
43  3 0.00000000E+00 0.00000000E+00 0.00000000E+00 0.00000000E+00 0.00000000E+00
43  4 0.00000000E+00 8.19970155E-01 0.00000000E+00 0.00000000E+00 0.00000000E+00
43  5 0.00000000E+00 0.00000000E+00 0.00000000E+00 3.91010258E-02 0.00000000E+00
43  6 0.00000000E+00 2.99062802E-01 0.00000000E+00 0.00000000E+00 0.00000000E+00
43  7 0.00000000E+00 5.88719452E-01 0.00000000E+00-5.98455812E-01 0.00000000E+00
43  8 0.00000000E+00 0.00000000E+00 0.00000000E+00-3.91010258E-02 0.00000000E+00
43  9 0.00000000E+00-2.99062802E-01 0.00000000E+00 0.00000000E+00 0.00000000E+00
43 10 0.00000000E+00 5.88719452E-01 0.00000000E+00 5.98455812E-01
44  1-1.19518536E-02-1.37663487E-01-3.41986987E-01-5.59099991E-01 0.00000000E+00
44  2 0.00000000E+00 1.10254356E-01 0.00000000E+00 0.00000000E+00-7.52683622E-01
44  3 0.00000000E+00 0.00000000E+00-3.76715546E-01 6.99234033E-01 6.76006461E-02
44  4-7.66834679E-01 0.00000000E+00 0.00000000E+00 0.00000000E+00-2.00880237E-02
44  5-3.33275664E-01 7.08565699E-01 4.56893202E-02 0.00000000E+00 9.00854597E-02
44  6 4.31835546E-01 0.00000000E+00 1.92615563E-01 7.83904160E-01-1.19181743E-01
44  7-6.64722417E-01 0.00000000E+00 2.78767378E-01 0.00000000E+00-2.00880237E-02
44  8-3.33275664E-01 7.08565699E-01-4.56893202E-02 0.00000000E+00 9.00854597E-02
44  9-4.31835546E-01 0.00000000E+00 1.92615563E-01 7.83904160E-01-1.19181743E-01
44 10-6.64722417E-01 0.00000000E+00-2.78767378E-01 0.00000000E+00
45  1-7.86207402E-02-5.69879338E-01-1.76193836E+00-1.48446621E+00 0.00000000E+00
45  2 0.00000000E+00 6.72410648E-02 0.00000000E+00 0.00000000E+00-9.94809190E-01
45  3 0.00000000E+00 0.00000000E+00-1.75079536E-01-8.56581747E-01 5.07894809E-01
45  4 3.48686938E-01 0.00000000E+00 0.00000000E+00 0.00000000E+00-4.26075289E-02
45  5-4.33405521E-01 1.94910675E+00 2.75723290E-01 0.00000000E+00-2.06706495E-01
45  6 8.17926361E-01 0.00000000E+00-6.00215785E-01 3.89985320E-01-4.78708048E-01
45  7 8.87227287E-02 0.00000000E+00-7.94524668E-01 0.00000000E+00-4.26075289E-02
45  8-4.33405521E-01 1.94910675E+00-2.75723290E-01 0.00000000E+00-2.06706495E-01
45  9-8.17926361E-01 0.00000000E+00-6.00215785E-01 3.89985320E-01-4.78708048E-01
45 10 8.87227287E-02 0.00000000E+00 7.94524668E-01 0.00000000E+00
46  1 0.00000000E+00 0.00000000E+00 0.00000000E+00 0.00000000E+00-2.04635429E-01
46  2 0.00000000E+00 0.00000000E+00 2.19247011E+00 0.00000000E+00 0.00000000E+00
46  3 4.08650960E-01 0.00000000E+00 0.00000000E+00 0.00000000E+00 0.00000000E+00
46  4 0.00000000E+00 0.00000000E+00 9.37609040E-01 0.00000000E+00-4.09595340E-02
46  5-3.24374864E-01 1.99008300E+00 4.06035399E-01 0.00000000E+00-2.15221966E-01
46  6 9.25678285E-01 0.00000000E+00-4.99404814E-01 6.04598001E-01-4.17016455E-01
46  7-1.87581546E-01 0.00000000E+00-7.20991703E-01 0.00000000E+00 4.09595340E-02
46  8 3.24374864E-01-1.99008300E+00 4.06035399E-01 0.00000000E+00 2.15221966E-01
46  9 9.25678285E-01 0.00000000E+00 4.99404814E-01-6.04598001E-01 4.17016455E-01
46 10 1.87581546E-01 0.00000000E+00-7.20991703E-01 0.00000000E+00
 $END   
 POPULATION ANALYSIS
S           15.46198   0.53802  15.35856   0.64144
O            8.26901  -0.26901   8.32072  -0.32072
O            8.26901  -0.26901   8.32072  -0.32072
 MOMENTS AT POINT    1 X,Y,Z=  0.000000  0.000000  0.000000
 DIPOLE       0.000000  0.000000 -0.857988
