 $DATA  
Title                                                                           
CNV      2

S          16.0      0.0000000000      0.0000000000     -0.4015987650
   PC1     0
        
O           8.0      1.7219847954      0.0000000000      0.4013759323
   PC1     0
        
 $END      
 $ZMAT   IZMAT(1)=
         1,   3,   1,
         1,   2,   1,
         2,   2,   1,   3,
 $END
--- CLOSED SHELL ORBITALS --- GENERATED AT Thu Feb 26 00:21:57 2015
Title                                                                           
E(R-PBE)=     -548.1147188739, E(NUC)=   81.1334818686,   29 ITERS
 $VEC   
 1  1 1.00297749E+00-1.02678946E-02 1.78320717E-03-1.00359581E-03 0.00000000E+00
 1  2 0.00000000E+00 5.28878148E-05 0.00000000E+00 0.00000000E+00-6.60687330E-07
 1  3 0.00000000E+00 0.00000000E+00-6.24963850E-05-2.32121969E-05 1.80112501E-05
 1  4 5.20094674E-06 0.00000000E+00 0.00000000E+00 0.00000000E+00-2.60476990E-06
 1  5-2.30538765E-05 1.19454642E-04 1.01495146E-05 0.00000000E+00-9.20817682E-06
 1  6 2.67185530E-05 0.00000000E+00 4.28877349E-06-2.23281148E-05 1.63147601E-05
 1  7 6.01335469E-06 0.00000000E+00 2.33160788E-05 0.00000000E+00-2.60476990E-06
 1  8-2.30538765E-05 1.19454642E-04-1.01495146E-05 0.00000000E+00-9.20817682E-06
 1  9-2.67185530E-05 0.00000000E+00 4.28877349E-06-2.23281148E-05 1.63147601E-05
 1 10 6.01335469E-06 0.00000000E+00-2.33160788E-05 0.00000000E+00
 2  1 0.00000000E+00 0.00000000E+00 0.00000000E+00 0.00000000E+00 1.09767491E-04
 2  2 0.00000000E+00 0.00000000E+00-3.32984412E-04 0.00000000E+00 0.00000000E+00
 2  3-4.75873937E-03 0.00000000E+00 0.00000000E+00 0.00000000E+00 0.00000000E+00
 2  4 0.00000000E+00 0.00000000E+00-1.28002433E-03 0.00000000E+00 7.03237122E-01
 2  5 2.49149362E-02-1.02805451E-02 6.37401528E-04 0.00000000E+00-4.12403766E-04
 2  6-1.87657270E-03 0.00000000E+00 1.37309016E-03-1.44889583E-04 1.44078110E-04
 2  7 8.11472552E-07 0.00000000E+00 2.12302947E-04 0.00000000E+00-7.03237122E-01
 2  8-2.49149362E-02 1.02805451E-02 6.37401528E-04 0.00000000E+00 4.12403766E-04
 2  9-1.87657270E-03 0.00000000E+00-1.37309016E-03 1.44889583E-04-1.44078110E-04
 2 10-8.11472552E-07 0.00000000E+00 2.12302947E-04 0.00000000E+00
 3  1-6.55301354E-05-9.81310623E-04-1.91450133E-03 5.63712362E-03 0.00000000E+00
 3  2 0.00000000E+00-5.80249397E-05 0.00000000E+00 0.00000000E+00 2.01690154E-04
 3  3 0.00000000E+00 0.00000000E+00 2.04631782E-03 1.25559327E-03-9.13649969E-04
 3  4-3.41943299E-04 0.00000000E+00 0.00000000E+00 0.00000000E+00 7.03218593E-01
 3  5 2.46863350E-02-9.44587914E-03 7.49643643E-04 0.00000000E+00-2.30493215E-04
 3  6-2.18802167E-03 0.00000000E+00 5.55532967E-04-2.65008665E-04 1.78069293E-04
 3  7 8.69393715E-05 0.00000000E+00 1.74909123E-04 0.00000000E+00 7.03218593E-01
 3  8 2.46863350E-02-9.44587914E-03-7.49643643E-04 0.00000000E+00-2.30493215E-04
 3  9 2.18802167E-03 0.00000000E+00 5.55532967E-04-2.65008665E-04 1.78069293E-04
 3 10 8.69393715E-05 0.00000000E+00-1.74909123E-04 0.00000000E+00
 4  1-2.74135579E-01 1.03960988E+00 4.03946261E-02-1.28422281E-02 0.00000000E+00
 4  2 0.00000000E+00 7.67444717E-03 0.00000000E+00 0.00000000E+00 4.33444441E-04
 4  3 0.00000000E+00 0.00000000E+00-6.39443097E-04 6.13042883E-05 1.21703996E-05
 4  4-7.34746879E-05 0.00000000E+00 0.00000000E+00 0.00000000E+00-1.40863658E-06
 4  5-7.59634694E-05 9.58010856E-04 3.53512017E-05 0.00000000E+00-5.57928426E-05
 4  6 2.86918685E-05 0.00000000E+00 1.50361699E-04-3.65441813E-04 2.59942625E-04
 4  7 1.05499188E-04 0.00000000E+00 3.59629859E-04 0.00000000E+00-1.40863658E-06
 4  8-7.59634694E-05 9.58010856E-04-3.53512017E-05 0.00000000E+00-5.57928426E-05
 4  9-2.86918685E-05 0.00000000E+00 1.50361699E-04-3.65441813E-04 2.59942625E-04
 4 10 1.05499188E-04 0.00000000E+00-3.59629859E-04 0.00000000E+00
 5  1 0.00000000E+00 0.00000000E+00 0.00000000E+00 0.00000000E+00 9.96908991E-01
 5  2 0.00000000E+00 0.00000000E+00 8.85379460E-03 0.00000000E+00 0.00000000E+00
 5  3-5.36920203E-05 0.00000000E+00 0.00000000E+00 0.00000000E+00 0.00000000E+00
 5  4 0.00000000E+00 0.00000000E+00 4.18470502E-04 0.00000000E+00 1.37037683E-05
 5  5 1.91057830E-05 7.17258099E-05 4.15364056E-05 0.00000000E+00-2.61137344E-05
 5  6 1.04218427E-05 0.00000000E+00 3.26437972E-06-3.36942222E-05 2.32072297E-05
 5  7 1.04869925E-05 0.00000000E+00 2.93685481E-05 0.00000000E+00-1.37037683E-05
 5  8-1.91057830E-05-7.17258099E-05 4.15364056E-05 0.00000000E+00 2.61137344E-05
 5  9 1.04218427E-05 0.00000000E+00-3.26437972E-06 3.36942222E-05-2.32072297E-05
 5 10-1.04869925E-05 0.00000000E+00 2.93685481E-05 0.00000000E+00
 6  1 0.00000000E+00 0.00000000E+00 0.00000000E+00 0.00000000E+00 0.00000000E+00
 6  2 9.96950977E-01 0.00000000E+00 0.00000000E+00 8.75654963E-03 0.00000000E+00
 6  3 0.00000000E+00-1.51939234E-04 0.00000000E+00 0.00000000E+00 0.00000000E+00
 6  4 0.00000000E+00 0.00000000E+00 0.00000000E+00 3.57708254E-04 0.00000000E+00
 6  5 0.00000000E+00 0.00000000E+00 0.00000000E+00 3.50065602E-06 0.00000000E+00
 6  6 0.00000000E+00-4.30110523E-05 0.00000000E+00 0.00000000E+00 0.00000000E+00
 6  7 0.00000000E+00-2.70023551E-05 0.00000000E+00 1.10049980E-05 0.00000000E+00
 6  8 0.00000000E+00 0.00000000E+00 0.00000000E+00 3.50065602E-06 0.00000000E+00
 6  9 0.00000000E+00-4.30110523E-05 0.00000000E+00 0.00000000E+00 0.00000000E+00
 6 10 0.00000000E+00 2.70023551E-05 0.00000000E+00 1.10049980E-05
 7  1 2.08306725E-03-8.06837532E-03-2.92533505E-04-2.44270824E-05 0.00000000E+00
 7  2 0.00000000E+00 9.96941788E-01 0.00000000E+00 0.00000000E+00 8.68281859E-03
 7  3 0.00000000E+00 0.00000000E+00-1.51586687E-04-2.39858971E-04-1.88143120E-04
 7  4 4.28002091E-04 0.00000000E+00 0.00000000E+00 0.00000000E+00-1.19583304E-05
 7  5-6.66433979E-05 8.91129153E-05-2.39738319E-05 0.00000000E+00 1.99186686E-05
 7  6 6.41756490E-05 0.00000000E+00-9.10451652E-05 2.23477225E-05-2.87520874E-05
 7  7 6.40436489E-06 0.00000000E+00-6.09055067E-05 0.00000000E+00-1.19583304E-05
 7  8-6.66433979E-05 8.91129153E-05 2.39738319E-05 0.00000000E+00 1.99186686E-05
 7  9-6.41756490E-05 0.00000000E+00-9.10451652E-05 2.23477225E-05-2.87520874E-05
 7 10 6.40436489E-06 0.00000000E+00 6.09055067E-05 0.00000000E+00
 8  1 3.72182271E-02-1.10624804E-01 2.17883980E-01 1.82978203E-01 0.00000000E+00
 8  2 0.00000000E+00-2.60986451E-02 0.00000000E+00 0.00000000E+00 5.43079866E-02
 8  3 0.00000000E+00 0.00000000E+00 1.29689006E-02 2.59633045E-02-1.77673397E-02
 8  4-8.19596473E-03 0.00000000E+00 0.00000000E+00 0.00000000E+00-1.38818587E-01
 8  5 2.80164120E-01 3.51714125E-01 5.57741600E-02 0.00000000E+00-2.51278436E-02
 8  6 3.00396229E-02 0.00000000E+00-1.45428866E-02 7.49627823E-03-3.07086141E-03
 8  7-4.42541682E-03 0.00000000E+00-5.89775274E-03 0.00000000E+00-1.38818587E-01
 8  8 2.80164120E-01 3.51714125E-01-5.57741600E-02 0.00000000E+00-2.51278436E-02
 8  9-3.00396229E-02 0.00000000E+00-1.45428866E-02 7.49627823E-03-3.07086141E-03
 8 10-4.42541682E-03 0.00000000E+00 5.89775274E-03 0.00000000E+00
 9  1 0.00000000E+00 0.00000000E+00 0.00000000E+00 0.00000000E+00 5.93095240E-02
 9  2 0.00000000E+00 0.00000000E+00-1.21255183E-01 0.00000000E+00 0.00000000E+00
 9  3-3.21332919E-02 0.00000000E+00 0.00000000E+00 0.00000000E+00 0.00000000E+00
 9  4 0.00000000E+00 0.00000000E+00-2.65507319E-02 0.00000000E+00-1.56111098E-01
 9  5 3.16854635E-01 4.04527899E-01 4.63953330E-02 0.00000000E+00-2.27650439E-02
 9  6 2.82622887E-02 0.00000000E+00-1.39530243E-02 6.34166934E-03-2.12097964E-03
 9  7-4.22068969E-03 0.00000000E+00-5.20873141E-03 0.00000000E+00 1.56111098E-01
 9  8-3.16854635E-01-4.04527899E-01 4.63953330E-02 0.00000000E+00 2.27650439E-02
 9  9 2.82622887E-02 0.00000000E+00 1.39530243E-02-6.34166934E-03 2.12097964E-03
 9 10 4.22068969E-03 0.00000000E+00-5.20873141E-03 0.00000000E+00
10  1 7.79459316E-02-2.24316297E-01 4.82334078E-01 4.62327090E-01 0.00000000E+00
10  2 0.00000000E+00 7.64571332E-03 0.00000000E+00 0.00000000E+00-1.26294791E-02
10  3 0.00000000E+00 0.00000000E+00-1.92778206E-02-7.04568227E-03 6.08526121E-03
10  4 9.60421063E-04 0.00000000E+00 0.00000000E+00 0.00000000E+00 8.53348765E-02
10  5-1.79435560E-01-2.59106332E-01 7.46541625E-02 0.00000000E+00-3.38255872E-02
10  6 3.49837126E-02 0.00000000E+00-1.28769010E-02 4.00427579E-03-3.96043228E-03
10  7-4.38435095E-05 0.00000000E+00-3.93739691E-03 0.00000000E+00 8.53348765E-02
10  8-1.79435560E-01-2.59106332E-01-7.46541625E-02 0.00000000E+00-3.38255872E-02
10  9-3.49837126E-02 0.00000000E+00-1.28769010E-02 4.00427579E-03-3.96043228E-03
10 10-4.38435095E-05 0.00000000E+00 3.93739691E-03 0.00000000E+00
11  1 0.00000000E+00 0.00000000E+00 0.00000000E+00 0.00000000E+00-1.87085069E-01
11  2 0.00000000E+00 0.00000000E+00 4.41148604E-01 0.00000000E+00 0.00000000E+00
11  3 1.65211875E-01 0.00000000E+00 0.00000000E+00 0.00000000E+00 0.00000000E+00
11  4 0.00000000E+00 0.00000000E+00 3.11364844E-02 0.00000000E+00-4.56506798E-02
11  5 1.00251664E-01 1.62047570E-01-3.04139275E-01 0.00000000E+00 1.67399222E-01
11  6-1.90928883E-01 0.00000000E+00 1.07809446E-01-8.65419065E-03 7.72142448E-03
11  7 9.32766169E-04 0.00000000E+00 1.11813477E-02 0.00000000E+00 4.56506798E-02
11  8-1.00251664E-01-1.62047570E-01-3.04139275E-01 0.00000000E+00-1.67399222E-01
11  9-1.90928883E-01 0.00000000E+00-1.07809446E-01 8.65419065E-03-7.72142448E-03
11 10-9.32766169E-04 0.00000000E+00 1.11813477E-02 0.00000000E+00
12  1-1.10515659E-02 4.19778538E-02-5.72342146E-02-1.61716745E-01 0.00000000E+00
12  2 0.00000000E+00-2.14163865E-01 0.00000000E+00 0.00000000E+00 5.05024283E-01
12  3 0.00000000E+00 0.00000000E+00 3.10753773E-01 6.89661222E-03-2.03733348E-02
12  4 1.34767226E-02 0.00000000E+00 0.00000000E+00 0.00000000E+00 1.78627160E-02
12  5-3.74921930E-02-7.25120463E-02 2.77120496E-01 0.00000000E+00 8.18941026E-02
12  6 1.78182033E-01 0.00000000E+00 5.14237078E-02 1.17898456E-02-4.22544503E-03
12  7-7.56440061E-03 0.00000000E+00 7.11558105E-04 0.00000000E+00 1.78627160E-02
12  8-3.74921930E-02-7.25120463E-02-2.77120496E-01 0.00000000E+00 8.18941026E-02
12  9-1.78182033E-01 0.00000000E+00 5.14237078E-02 1.17898456E-02-4.22544503E-03
12 10-7.56440061E-03 0.00000000E+00-7.11558105E-04 0.00000000E+00
13  1 0.00000000E+00 0.00000000E+00 0.00000000E+00 0.00000000E+00 0.00000000E+00
13  2-2.14955111E-01 0.00000000E+00 0.00000000E+00 5.07920040E-01 0.00000000E+00
13  3 0.00000000E+00 3.48860802E-01 0.00000000E+00 0.00000000E+00 0.00000000E+00
13  4 0.00000000E+00 0.00000000E+00 0.00000000E+00 2.00099007E-02 0.00000000E+00
13  5 0.00000000E+00 0.00000000E+00 0.00000000E+00 2.78319190E-01 0.00000000E+00
13  6 0.00000000E+00 1.76182811E-01 0.00000000E+00 0.00000000E+00 0.00000000E+00
13  7 0.00000000E+00 1.06827511E-02 0.00000000E+00-5.00872875E-03 0.00000000E+00
13  8 0.00000000E+00 0.00000000E+00 0.00000000E+00 2.78319190E-01 0.00000000E+00
13  9 0.00000000E+00 1.76182811E-01 0.00000000E+00 0.00000000E+00 0.00000000E+00
13 10 0.00000000E+00-1.06827511E-02 0.00000000E+00-5.00872875E-03
14  1 0.00000000E+00 0.00000000E+00 0.00000000E+00 0.00000000E+00 0.00000000E+00
14  2 0.00000000E+00 0.00000000E+00 0.00000000E+00 0.00000000E+00 0.00000000E+00
14  3 0.00000000E+00 0.00000000E+00 0.00000000E+00 0.00000000E+00 0.00000000E+00
14  4 0.00000000E+00-6.17916451E-02 0.00000000E+00 0.00000000E+00 0.00000000E+00
14  5 0.00000000E+00 0.00000000E+00 0.00000000E+00 4.77389265E-01 0.00000000E+00
14  6 0.00000000E+00 3.36113840E-01 0.00000000E+00 0.00000000E+00 0.00000000E+00
14  7 0.00000000E+00 9.62759907E-03 0.00000000E+00-4.95922919E-03 0.00000000E+00
14  8 0.00000000E+00 0.00000000E+00 0.00000000E+00-4.77389265E-01 0.00000000E+00
14  9 0.00000000E+00-3.36113840E-01 0.00000000E+00 0.00000000E+00 0.00000000E+00
14 10 0.00000000E+00 9.62759907E-03 0.00000000E+00 4.95922919E-03
15  1 0.00000000E+00 0.00000000E+00 0.00000000E+00 0.00000000E+00-2.14723439E-02
15  2 0.00000000E+00 0.00000000E+00 4.59942260E-02 0.00000000E+00 0.00000000E+00
15  3 1.04770265E-01 0.00000000E+00 0.00000000E+00 0.00000000E+00 0.00000000E+00
15  4 0.00000000E+00 0.00000000E+00-5.66928433E-02 0.00000000E+00-3.07857880E-03
15  5 7.29276436E-04 3.97682361E-02 2.70056916E-01 0.00000000E+00 3.90517809E-01
15  6 1.99517429E-01 0.00000000E+00 2.66105422E-01 8.16887968E-03-5.24194065E-04
15  7-7.64468562E-03 0.00000000E+00 5.22418459E-03 0.00000000E+00 3.07857880E-03
15  8-7.29276436E-04-3.97682361E-02 2.70056916E-01 0.00000000E+00-3.90517809E-01
15  9 1.99517429E-01 0.00000000E+00-2.66105422E-01-8.16887968E-03 5.24194065E-04
15 10 7.64468562E-03 0.00000000E+00 5.22418459E-03 0.00000000E+00
16  1 1.57047660E-02-5.84196332E-02 8.50562265E-02 2.43018530E-01 0.00000000E+00
16  2 0.00000000E+00 3.44000051E-02 0.00000000E+00 0.00000000E+00-8.69210696E-02
16  3 0.00000000E+00 0.00000000E+00 5.11614169E-03-8.76032312E-02 3.54484130E-02
16  4 5.21548181E-02 0.00000000E+00 0.00000000E+00 0.00000000E+00-1.57845247E-03
16  5 8.66796330E-03-2.04424164E-02-1.03513482E-01 0.00000000E+00 4.62424713E-01
16  6-8.10498966E-02 0.00000000E+00 3.29580929E-01 5.47724963E-04 3.57159648E-03
16  7-4.11932145E-03 0.00000000E+00 9.54328026E-03 0.00000000E+00-1.57845247E-03
16  8 8.66796330E-03-2.04424164E-02 1.03513482E-01 0.00000000E+00 4.62424713E-01
16  9 8.10498966E-02 0.00000000E+00 3.29580929E-01 5.47724963E-04 3.57159648E-03
16 10-4.11932145E-03 0.00000000E+00-9.54328026E-03 0.00000000E+00
17  1 0.00000000E+00 0.00000000E+00 0.00000000E+00 0.00000000E+00 0.00000000E+00
17  2-1.92183035E-01 0.00000000E+00 0.00000000E+00 4.76011488E-01 0.00000000E+00
17  3 0.00000000E+00 3.31692225E-01 0.00000000E+00 0.00000000E+00 0.00000000E+00
17  4 0.00000000E+00 0.00000000E+00 0.00000000E+00-2.20107939E-02 0.00000000E+00
17  5 0.00000000E+00 0.00000000E+00 0.00000000E+00-4.04976748E-01 0.00000000E+00
17  6 0.00000000E+00-2.90447476E-01 0.00000000E+00 0.00000000E+00 0.00000000E+00
17  7 0.00000000E+00-8.40161432E-04 0.00000000E+00 5.18297229E-04 0.00000000E+00
17  8 0.00000000E+00 0.00000000E+00 0.00000000E+00-4.04976748E-01 0.00000000E+00
17  9 0.00000000E+00-2.90447476E-01 0.00000000E+00 0.00000000E+00 0.00000000E+00
17 10 0.00000000E+00 8.40161432E-04 0.00000000E+00 5.18297229E-04
18  1 2.18888076E-02-5.83266622E-02 1.51678772E-01 2.45842215E-01 0.00000000E+00
18  2 0.00000000E+00-1.92954150E-01 0.00000000E+00 0.00000000E+00 4.84423039E-01
18  3 0.00000000E+00 0.00000000E+00 4.12772218E-01-6.47405193E-02 5.89782675E-02
18  4 5.76225182E-03 0.00000000E+00 0.00000000E+00 0.00000000E+00 1.92744788E-02
18  5-3.89857329E-02-1.21335822E-01-3.99727939E-01 0.00000000E+00-7.83537153E-02
18  6-3.08327785E-01 0.00000000E+00-5.23012153E-02 1.26020846E-03 6.83095086E-04
18  7-1.94330355E-03 0.00000000E+00 3.24469127E-03 0.00000000E+00 1.92744788E-02
18  8-3.89857329E-02-1.21335822E-01 3.99727939E-01 0.00000000E+00-7.83537153E-02
18  9 3.08327785E-01 0.00000000E+00-5.23012153E-02 1.26020846E-03 6.83095086E-04
18 10-1.94330355E-03 0.00000000E+00-3.24469127E-03 0.00000000E+00
19  1 0.00000000E+00 0.00000000E+00 0.00000000E+00 0.00000000E+00-2.32603531E-01
19  2 0.00000000E+00 0.00000000E+00 5.92594464E-01 0.00000000E+00 0.00000000E+00
19  3 6.54604376E-01 0.00000000E+00 0.00000000E+00 0.00000000E+00 0.00000000E+00
19  4 0.00000000E+00 0.00000000E+00-1.05540779E-01 0.00000000E+00-3.79840837E-02
19  5 7.15071346E-02 2.74435920E-01 2.58861736E-01 0.00000000E+00-2.58050654E-01
19  6 2.50899552E-01 0.00000000E+00-2.12874462E-01 1.54114024E-03 1.73498999E-03
19  7-3.27613024E-03 0.00000000E+00 4.50539910E-03 0.00000000E+00 3.79840837E-02
19  8-7.15071346E-02-2.74435920E-01 2.58861736E-01 0.00000000E+00 2.58050654E-01
19  9 2.50899552E-01 0.00000000E+00 2.12874462E-01-1.54114024E-03-1.73498999E-03
19 10 3.27613024E-03 0.00000000E+00 4.50539910E-03 0.00000000E+00
20  1 0.00000000E+00 0.00000000E+00 0.00000000E+00 0.00000000E+00 2.50854827E-01
20  2 0.00000000E+00 0.00000000E+00-9.91134334E-01 0.00000000E+00 0.00000000E+00
20  3 1.49167351E+00 0.00000000E+00 0.00000000E+00 0.00000000E+00 0.00000000E+00
20  4 0.00000000E+00 0.00000000E+00-2.50522039E-01 0.00000000E+00-1.93496812E-02
20  5-2.24937399E-02 4.63268287E-01-2.25250147E-01 0.00000000E+00-2.51408266E-02
20  6 2.40831145E-01 0.00000000E+00-1.28839515E-01 4.15503380E-02-2.29826170E-02
20  7-1.85677210E-02 0.00000000E+00-2.48721253E-02 0.00000000E+00 1.93496812E-02
20  8 2.24937399E-02-4.63268287E-01-2.25250147E-01 0.00000000E+00 2.51408266E-02
20  9 2.40831145E-01 0.00000000E+00 1.28839515E-01-4.15503380E-02 2.29826170E-02
20 10 1.85677210E-02 0.00000000E+00-2.48721253E-02 0.00000000E+00
21  1-1.24054752E-03-4.59891140E-02-7.20812290E-02 2.52759310E-01 0.00000000E+00
21  2 0.00000000E+00 2.85994528E-01 0.00000000E+00 0.00000000E+00-1.10767873E+00
21  3 0.00000000E+00 0.00000000E+00 1.26850447E+00-8.10609504E-02 1.51496045E-01
21  4-7.04350943E-02 0.00000000E+00 0.00000000E+00 0.00000000E+00 9.15882876E-03
21  5 5.53018457E-03-2.04974974E-01 3.76894045E-02 0.00000000E+00-1.46014531E-01
21  6-1.50365943E-01 0.00000000E+00 4.51464967E-03-1.80495201E-02 1.36960807E-02
21  7 4.35343936E-03 0.00000000E+00 1.64780303E-02 0.00000000E+00 9.15882876E-03
21  8 5.53018457E-03-2.04974974E-01-3.76894045E-02 0.00000000E+00-1.46014531E-01
21  9 1.50365943E-01 0.00000000E+00 4.51464967E-03-1.80495201E-02 1.36960807E-02
21 10 4.35343936E-03 0.00000000E+00-1.64780303E-02 0.00000000E+00
22  1 0.00000000E+00 0.00000000E+00 0.00000000E+00 0.00000000E+00 0.00000000E+00
22  2 2.97611473E-01 0.00000000E+00 0.00000000E+00-1.14722696E+00 0.00000000E+00
22  3 0.00000000E+00 1.20985046E+00 0.00000000E+00 0.00000000E+00 0.00000000E+00
22  4 0.00000000E+00 0.00000000E+00 0.00000000E+00-9.94093058E-02 0.00000000E+00
22  5 0.00000000E+00 0.00000000E+00 0.00000000E+00-1.05033319E-01 0.00000000E+00
22  6 0.00000000E+00-6.48891683E-02 0.00000000E+00 0.00000000E+00 0.00000000E+00
22  7 0.00000000E+00-3.22829530E-03 0.00000000E+00 5.73757878E-04 0.00000000E+00
22  8 0.00000000E+00 0.00000000E+00 0.00000000E+00-1.05033319E-01 0.00000000E+00
22  9 0.00000000E+00-6.48891683E-02 0.00000000E+00 0.00000000E+00 0.00000000E+00
22 10 0.00000000E+00 3.22829530E-03 0.00000000E+00 5.73757878E-04
23  1-1.03957599E-01-3.69142489E-01-1.59907762E+00 1.86046972E+00 0.00000000E+00
23  2 0.00000000E+00-3.92659251E-02 0.00000000E+00 0.00000000E+00 1.43264838E-01
23  3 0.00000000E+00 0.00000000E+00-4.23977032E-02-4.13133310E-01 2.44578917E-01
23  4 1.68554393E-01 0.00000000E+00 0.00000000E+00 0.00000000E+00 1.18965859E-02
23  5-2.13959971E-02-1.66147041E-01 3.35412127E-02 0.00000000E+00-1.19612191E-01
23  6-1.26065773E-01 0.00000000E+00 1.19568741E-01-2.07144173E-02 2.22601651E-02
23  7-1.54574779E-03 0.00000000E+00 3.79890626E-02 0.00000000E+00 1.18965859E-02
23  8-2.13959971E-02-1.66147041E-01-3.35412127E-02 0.00000000E+00-1.19612191E-01
23  9 1.26065773E-01 0.00000000E+00 1.19568741E-01-2.07144173E-02 2.22601651E-02
23 10-1.54574779E-03 0.00000000E+00-3.79890626E-02 0.00000000E+00
24  1 0.00000000E+00 0.00000000E+00 0.00000000E+00 0.00000000E+00 0.00000000E+00
24  2 0.00000000E+00 0.00000000E+00 0.00000000E+00 0.00000000E+00 0.00000000E+00
24  3 0.00000000E+00 0.00000000E+00 0.00000000E+00 0.00000000E+00 0.00000000E+00
24  4 0.00000000E+00 8.64853942E-01 0.00000000E+00 0.00000000E+00 0.00000000E+00
24  5 0.00000000E+00 0.00000000E+00 0.00000000E+00 3.11255867E-01 0.00000000E+00
24  6 0.00000000E+00-2.13567866E-01 0.00000000E+00 0.00000000E+00 0.00000000E+00
24  7 0.00000000E+00-4.08074268E-02 0.00000000E+00 2.32770262E-02 0.00000000E+00
24  8 0.00000000E+00 0.00000000E+00 0.00000000E+00-3.11255867E-01 0.00000000E+00
24  9 0.00000000E+00 2.13567866E-01 0.00000000E+00 0.00000000E+00 0.00000000E+00
24 10 0.00000000E+00-4.08074268E-02 0.00000000E+00-2.32770262E-02
25  1 1.26964818E-02 4.86582446E-02 2.00159323E-01-2.45869726E-01 0.00000000E+00
25  2 0.00000000E+00 2.49248659E-02 0.00000000E+00 0.00000000E+00-8.57560488E-02
25  3 0.00000000E+00 0.00000000E+00 8.10837855E-03-2.15612478E-01-6.81970608E-01
25  4 8.97583086E-01 0.00000000E+00 0.00000000E+00 0.00000000E+00-4.65196244E-03
25  5 2.13602832E-02 1.73646333E-02-7.94910253E-02 0.00000000E+00-1.86549068E-01
25  6 9.15476911E-02 0.00000000E+00 1.17318301E-01 2.12361815E-02-8.46971274E-03
25  7-1.27664688E-02 0.00000000E+00 2.09181010E-02 0.00000000E+00-4.65196244E-03
25  8 2.13602832E-02 1.73646333E-02 7.94910253E-02 0.00000000E+00-1.86549068E-01
25  9-9.15476911E-02 0.00000000E+00 1.17318301E-01 2.12361815E-02-8.46971274E-03
25 10-1.27664688E-02 0.00000000E+00-2.09181010E-02 0.00000000E+00
26  1 0.00000000E+00 0.00000000E+00 0.00000000E+00 0.00000000E+00 0.00000000E+00
26  2 2.41713648E-02 0.00000000E+00 0.00000000E+00-8.60263287E-02 0.00000000E+00
26  3 0.00000000E+00 3.62774395E-02 0.00000000E+00 0.00000000E+00 0.00000000E+00
26  4 0.00000000E+00 0.00000000E+00 0.00000000E+00 9.56554012E-01 0.00000000E+00
26  5 0.00000000E+00 0.00000000E+00 0.00000000E+00-1.75518995E-01 0.00000000E+00
26  6 0.00000000E+00 1.27014873E-01 0.00000000E+00 0.00000000E+00 0.00000000E+00
26  7 0.00000000E+00 2.58287082E-02 0.00000000E+00-1.19527941E-03 0.00000000E+00
26  8 0.00000000E+00 0.00000000E+00 0.00000000E+00-1.75518995E-01 0.00000000E+00
26  9 0.00000000E+00 1.27014873E-01 0.00000000E+00 0.00000000E+00 0.00000000E+00
26 10 0.00000000E+00-2.58287082E-02 0.00000000E+00-1.19527941E-03
27  1 0.00000000E+00 0.00000000E+00 0.00000000E+00 0.00000000E+00 7.18744406E-02
27  2 0.00000000E+00 0.00000000E+00-3.37481896E-01 0.00000000E+00 0.00000000E+00
27  3 8.80180784E-01 0.00000000E+00 0.00000000E+00 0.00000000E+00 0.00000000E+00
27  4 0.00000000E+00 0.00000000E+00 8.80119006E-01 0.00000000E+00-4.71935121E-02
27  5 2.52038852E-01 1.60399304E-01 1.12560226E-01 0.00000000E+00 1.61857777E-01
27  6 1.90658360E-01 0.00000000E+00-3.14502902E-01-3.52561227E-02 6.93848547E-03
27  7 2.83176372E-02 0.00000000E+00-6.23898937E-03 0.00000000E+00 4.71935121E-02
27  8-2.52038852E-01-1.60399304E-01 1.12560226E-01 0.00000000E+00-1.61857777E-01
27  9 1.90658360E-01 0.00000000E+00 3.14502902E-01 3.52561227E-02-6.93848547E-03
27 10-2.83176372E-02 0.00000000E+00-6.23898937E-03 0.00000000E+00
28  1-5.77634960E-02-2.58116909E-01-9.59689915E-01 1.30986142E+00 0.00000000E+00
28  2 0.00000000E+00 3.02312147E-02 0.00000000E+00 0.00000000E+00-1.50861830E-01
28  3 0.00000000E+00 0.00000000E+00 4.20546810E-01 7.87384441E-01-6.55382779E-01
28  4-1.32001662E-01 0.00000000E+00 0.00000000E+00 0.00000000E+00 4.92070760E-02
28  5-2.94942598E-01-6.19280376E-02-3.42783019E-02 0.00000000E+00 1.41424455E-01
28  6-3.14223395E-01 0.00000000E+00-6.62885940E-03 2.77719365E-03-1.60388237E-02
28  7 1.32616301E-02 0.00000000E+00-2.63251802E-02 0.00000000E+00 4.92070760E-02
28  8-2.94942598E-01-6.19280376E-02 3.42783019E-02 0.00000000E+00 1.41424455E-01
28  9 3.14223395E-01 0.00000000E+00-6.62885940E-03 2.77719365E-03-1.60388237E-02
28 10 1.32616301E-02 0.00000000E+00 2.63251802E-02 0.00000000E+00
29  1 0.00000000E+00 0.00000000E+00 0.00000000E+00 0.00000000E+00-6.20721213E-03
29  2 0.00000000E+00 0.00000000E+00 4.43795443E-02 0.00000000E+00 0.00000000E+00
29  3-1.68854361E-01 0.00000000E+00 0.00000000E+00 0.00000000E+00 0.00000000E+00
29  4 0.00000000E+00 0.00000000E+00 3.83935266E-01 0.00000000E+00-2.94634572E-03
29  5 1.38988878E-02-3.40484045E-02-2.33586547E-01 0.00000000E+00-5.52345078E-01
29  6 3.31299117E-01 0.00000000E+00 6.62620610E-01-3.42401709E-02 1.18503825E-02
29  7 2.23897884E-02 0.00000000E+00 2.38579337E-03 0.00000000E+00 2.94634572E-03
29  8-1.38988878E-02 3.40484045E-02-2.33586547E-01 0.00000000E+00 5.52345078E-01
29  9 3.31299117E-01 0.00000000E+00-6.62620610E-01 3.42401709E-02-1.18503825E-02
29 10-2.23897884E-02 0.00000000E+00 2.38579337E-03 0.00000000E+00
30  1 0.00000000E+00 0.00000000E+00 0.00000000E+00 0.00000000E+00 0.00000000E+00
30  2 0.00000000E+00 0.00000000E+00 0.00000000E+00 0.00000000E+00 0.00000000E+00
30  3 0.00000000E+00 0.00000000E+00 0.00000000E+00 0.00000000E+00 0.00000000E+00
30  4 0.00000000E+00 5.17249587E-01 0.00000000E+00 0.00000000E+00 0.00000000E+00
30  5 0.00000000E+00 0.00000000E+00 0.00000000E+00-5.65755383E-01 0.00000000E+00
30  6 0.00000000E+00 7.17033243E-01 0.00000000E+00 0.00000000E+00 0.00000000E+00
30  7 0.00000000E+00-3.55363427E-02 0.00000000E+00 1.96831584E-02 0.00000000E+00
30  8 0.00000000E+00 0.00000000E+00 0.00000000E+00 5.65755383E-01 0.00000000E+00
30  9 0.00000000E+00-7.17033243E-01 0.00000000E+00 0.00000000E+00 0.00000000E+00
30 10 0.00000000E+00-3.55363427E-02 0.00000000E+00-1.96831584E-02
31  1-2.04620945E-02-7.01935973E-03-2.43233963E-01-2.54626149E-01 0.00000000E+00
31  2 0.00000000E+00 4.03257112E-02 0.00000000E+00 0.00000000E+00-1.81577138E-01
31  3 0.00000000E+00 0.00000000E+00-1.23405365E-01 4.53048405E-02 5.80674485E-02
31  4-1.03372289E-01 0.00000000E+00 0.00000000E+00 0.00000000E+00-2.10037529E-02
31  5 2.17635962E-01-1.16798605E-01-6.08819277E-01 0.00000000E+00 7.82614774E-02
31  6 8.35978168E-01 0.00000000E+00-1.11955118E-01-3.03186735E-02 1.46197877E-02
31  7 1.56988858E-02 0.00000000E+00 7.91833195E-03 0.00000000E+00-2.10037529E-02
31  8 2.17635962E-01-1.16798605E-01 6.08819277E-01 0.00000000E+00 7.82614774E-02
31  9-8.35978168E-01 0.00000000E+00-1.11955118E-01-3.03186735E-02 1.46197877E-02
31 10 1.56988858E-02 0.00000000E+00-7.91833195E-03 0.00000000E+00
32  1 0.00000000E+00 0.00000000E+00 0.00000000E+00 0.00000000E+00 0.00000000E+00
32  2-3.47072755E-02 0.00000000E+00 0.00000000E+00 1.81016317E-01 0.00000000E+00
32  3 0.00000000E+00-5.08357629E-01 0.00000000E+00 0.00000000E+00 0.00000000E+00
32  4 0.00000000E+00 0.00000000E+00 0.00000000E+00-2.81287692E-01 0.00000000E+00
32  5 0.00000000E+00 0.00000000E+00 0.00000000E+00-6.08110871E-01 0.00000000E+00
32  6 0.00000000E+00 8.15292075E-01 0.00000000E+00 0.00000000E+00 0.00000000E+00
32  7 0.00000000E+00-2.55862984E-02 0.00000000E+00 7.31154214E-03 0.00000000E+00
32  8 0.00000000E+00 0.00000000E+00 0.00000000E+00-6.08110871E-01 0.00000000E+00
32  9 0.00000000E+00 8.15292075E-01 0.00000000E+00 0.00000000E+00 0.00000000E+00
32 10 0.00000000E+00 2.55862984E-02 0.00000000E+00 7.31154214E-03
33  1 0.00000000E+00 0.00000000E+00 0.00000000E+00 0.00000000E+00-1.13335622E-01
33  2 0.00000000E+00 0.00000000E+00 5.33663873E-01 0.00000000E+00 0.00000000E+00
33  3-1.17766384E-01 0.00000000E+00 0.00000000E+00 0.00000000E+00 0.00000000E+00
33  4 0.00000000E+00 0.00000000E+00 1.51911076E-02 0.00000000E+00-1.66173856E-02
33  5 1.86316759E-01-1.56839389E-01-5.46591894E-01 0.00000000E+00 2.53405492E-01
33  6 7.40323018E-01 0.00000000E+00-3.39247292E-01-3.13984913E-02 2.41469371E-02
33  7 7.25155424E-03 0.00000000E+00 3.28713829E-02 0.00000000E+00 1.66173856E-02
33  8-1.86316759E-01 1.56839389E-01-5.46591894E-01 0.00000000E+00-2.53405492E-01
33  9 7.40323018E-01 0.00000000E+00 3.39247292E-01 3.13984913E-02-2.41469371E-02
33 10-7.25155424E-03 0.00000000E+00 3.28713829E-02 0.00000000E+00
34  1 6.03358248E-03 4.42333501E-03 7.56121597E-02 8.14461043E-02 0.00000000E+00
34  2 0.00000000E+00-4.43139868E-02 0.00000000E+00 0.00000000E+00 2.24711700E-01
34  3 0.00000000E+00 0.00000000E+00-4.29841452E-01 3.70720452E-01 6.02420997E-03
34  4-3.76744662E-01 0.00000000E+00 0.00000000E+00 0.00000000E+00 6.95006618E-03
34  5-5.62541413E-02 6.41958797E-02-7.55880118E-02 0.00000000E+00-5.71687431E-01
34  6 6.60713237E-02 0.00000000E+00 7.92418054E-01 1.26760055E-03-1.73509555E-02
34  7 1.60833550E-02 0.00000000E+00-5.17335525E-02 0.00000000E+00 6.95006618E-03
34  8-5.62541413E-02 6.41958797E-02 7.55880118E-02 0.00000000E+00-5.71687431E-01
34  9-6.60713237E-02 0.00000000E+00 7.92418054E-01 1.26760055E-03-1.73509555E-02
34 10 1.60833550E-02 0.00000000E+00 5.17335525E-02 0.00000000E+00
35  1-2.70495369E-02-2.60672738E-01-6.21714134E-01 1.43316546E+00 0.00000000E+00
35  2 0.00000000E+00-7.88049641E-03 0.00000000E+00 0.00000000E+00 7.37470641E-03
35  3 0.00000000E+00 0.00000000E+00 5.04290995E-01 3.75752687E-01-2.82744663E-01
35  4-9.30080239E-02 0.00000000E+00 0.00000000E+00 0.00000000E+00-1.67279262E-02
35  5 1.08692295E+00-1.40774862E+00 1.52073229E-01 0.00000000E+00-9.44580039E-03
35  6-5.67195954E-01 0.00000000E+00 1.16251456E-01 1.61371679E-01-1.07235110E-01
35  7-5.41365690E-02 0.00000000E+00-1.13868809E-01 0.00000000E+00-1.67279262E-02
35  8 1.08692295E+00-1.40774862E+00-1.52073229E-01 0.00000000E+00-9.44580039E-03
35  9 5.67195954E-01 0.00000000E+00 1.16251456E-01 1.61371679E-01-1.07235110E-01
35 10-5.41365690E-02 0.00000000E+00 1.13868809E-01 0.00000000E+00
36  1 0.00000000E+00 0.00000000E+00 0.00000000E+00 0.00000000E+00-1.64505296E-02
36  2 0.00000000E+00 0.00000000E+00 5.03618857E-03 0.00000000E+00 0.00000000E+00
36  3 1.09986385E+00 0.00000000E+00 0.00000000E+00 0.00000000E+00 0.00000000E+00
36  4 0.00000000E+00 0.00000000E+00 3.89892200E-01 0.00000000E+00 1.49895807E-02
36  5-1.14640343E+00 1.58168645E+00-9.03932826E-02 0.00000000E+00 1.02019755E-01
36  6 4.36574540E-01 0.00000000E+00-3.46681929E-01-1.24520245E-01 8.76397587E-02
36  7 3.68804864E-02 0.00000000E+00 1.27805031E-01 0.00000000E+00-1.49895807E-02
36  8 1.14640343E+00-1.58168645E+00-9.03932826E-02 0.00000000E+00-1.02019755E-01
36  9 4.36574540E-01 0.00000000E+00 3.46681929E-01 1.24520245E-01-8.76397587E-02
36 10-3.68804864E-02 0.00000000E+00 1.27805031E-01 0.00000000E+00
37  1 0.00000000E+00 0.00000000E+00 0.00000000E+00 0.00000000E+00-3.59949143E-03
37  2 0.00000000E+00 0.00000000E+00 2.34387489E-03 0.00000000E+00 0.00000000E+00
37  3 7.74965963E-02 0.00000000E+00 0.00000000E+00 0.00000000E+00 0.00000000E+00
37  4 0.00000000E+00 0.00000000E+00-4.17877037E-02 0.00000000E+00 2.72052514E-04
37  5-3.93394559E-02 6.40212457E-02-2.35384816E-03 0.00000000E+00 1.52627268E-02
37  6 1.48237617E-02 0.00000000E+00-2.86478616E-02-3.45130348E-01 5.00541200E-01
37  7-1.55410852E-01 0.00000000E+00-4.87708088E-01 0.00000000E+00-2.72052514E-04
37  8 3.93394559E-02-6.40212457E-02-2.35384816E-03 0.00000000E+00-1.52627268E-02
37  9 1.48237617E-02 0.00000000E+00 2.86478616E-02 3.45130348E-01-5.00541200E-01
37 10 1.55410852E-01 0.00000000E+00-4.87708088E-01 0.00000000E+00
38  1 0.00000000E+00 0.00000000E+00 0.00000000E+00 0.00000000E+00 0.00000000E+00
38  2 0.00000000E+00 0.00000000E+00 0.00000000E+00 0.00000000E+00 0.00000000E+00
38  3 0.00000000E+00 0.00000000E+00 0.00000000E+00 0.00000000E+00 0.00000000E+00
38  4 0.00000000E+00 5.57993106E-02 0.00000000E+00 0.00000000E+00 0.00000000E+00
38  5 0.00000000E+00 0.00000000E+00 0.00000000E+00-7.91241365E-03 0.00000000E+00
38  6 0.00000000E+00 1.17071791E-02 0.00000000E+00 0.00000000E+00 0.00000000E+00
38  7 0.00000000E+00 5.11534718E-01 0.00000000E+00 4.88289623E-01 0.00000000E+00
38  8 0.00000000E+00 0.00000000E+00 0.00000000E+00 7.91241365E-03 0.00000000E+00
38  9 0.00000000E+00-1.17071791E-02 0.00000000E+00 0.00000000E+00 0.00000000E+00
38 10 0.00000000E+00 5.11534718E-01 0.00000000E+00-4.88289623E-01
39  1 0.00000000E+00 0.00000000E+00 0.00000000E+00 0.00000000E+00 0.00000000E+00
39  2-2.00793484E-04 0.00000000E+00 0.00000000E+00 9.95789961E-04 0.00000000E+00
39  3 0.00000000E+00-2.44165197E-03 0.00000000E+00 0.00000000E+00 0.00000000E+00
39  4 0.00000000E+00 0.00000000E+00 0.00000000E+00-2.63244898E-02 0.00000000E+00
39  5 0.00000000E+00 0.00000000E+00 0.00000000E+00-1.40741284E-03 0.00000000E+00
39  6 0.00000000E+00 3.81479565E-03 0.00000000E+00 0.00000000E+00 0.00000000E+00
39  7 0.00000000E+00 2.97139096E-01 0.00000000E+00 6.41606350E-01 0.00000000E+00
39  8 0.00000000E+00 0.00000000E+00 0.00000000E+00-1.40741284E-03 0.00000000E+00
39  9 0.00000000E+00 3.81479565E-03 0.00000000E+00 0.00000000E+00 0.00000000E+00
39 10 0.00000000E+00-2.97139096E-01 0.00000000E+00 6.41606350E-01
40  1-5.66235676E-04-5.19457254E-03-1.27351297E-02 2.81475576E-02 0.00000000E+00
40  2 0.00000000E+00-3.38680339E-05 0.00000000E+00 0.00000000E+00-1.49000581E-03
40  3 0.00000000E+00 0.00000000E+00 1.53583708E-02 7.04387324E-03-3.00331616E-02
40  4 2.29892884E-02 0.00000000E+00 0.00000000E+00 0.00000000E+00 6.55342684E-04
40  5 1.29122597E-02-2.33010625E-02 2.61120130E-03 0.00000000E+00 1.55413775E-03
40  6-1.26900158E-02 0.00000000E+00-1.27013442E-03-1.18897786E-01 6.10085917E-01
40  7-4.91188130E-01 0.00000000E+00-2.85401656E-01 0.00000000E+00 6.55342684E-04
40  8 1.29122597E-02-2.33010625E-02-2.61120130E-03 0.00000000E+00 1.55413775E-03
40  9 1.26900158E-02 0.00000000E+00-1.27013442E-03-1.18897786E-01 6.10085917E-01
40 10-4.91188130E-01 0.00000000E+00 2.85401656E-01 0.00000000E+00
41  1 0.00000000E+00 0.00000000E+00 0.00000000E+00 0.00000000E+00 0.00000000E+00
41  2 3.55370301E-03 0.00000000E+00 0.00000000E+00 2.10765639E-02 0.00000000E+00
41  3 0.00000000E+00-1.45907421E-01 0.00000000E+00 0.00000000E+00 0.00000000E+00
41  4 0.00000000E+00 0.00000000E+00 0.00000000E+00-9.21076860E-02 0.00000000E+00
41  5 0.00000000E+00 0.00000000E+00 0.00000000E+00-3.47202265E-02 0.00000000E+00
41  6 0.00000000E+00 6.53365401E-02 0.00000000E+00 0.00000000E+00 0.00000000E+00
41  7 0.00000000E+00 6.44534376E-01 0.00000000E+00-2.98630729E-01 0.00000000E+00
41  8 0.00000000E+00 0.00000000E+00 0.00000000E+00-3.47202265E-02 0.00000000E+00
41  9 0.00000000E+00 6.53365401E-02 0.00000000E+00 0.00000000E+00 0.00000000E+00
41 10 0.00000000E+00-6.44534376E-01 0.00000000E+00-2.98630729E-01
42  1 0.00000000E+00 0.00000000E+00 0.00000000E+00 0.00000000E+00-1.54804438E-02
42  2 0.00000000E+00 0.00000000E+00 3.87533403E-02 0.00000000E+00 0.00000000E+00
42  3 1.31353116E-01 0.00000000E+00 0.00000000E+00 0.00000000E+00 0.00000000E+00
42  4 0.00000000E+00 0.00000000E+00-4.69508561E-02 0.00000000E+00-5.14836040E-04
42  5-8.30308322E-02 1.34563221E-01-1.28212471E-02 0.00000000E+00 2.69466462E-02
42  6 4.66480801E-02 0.00000000E+00-5.42475197E-02-2.61128796E-01-3.85159878E-01
42  7 6.46288674E-01 0.00000000E+00-2.78529432E-01 0.00000000E+00 5.14836040E-04
42  8 8.30308322E-02-1.34563221E-01-1.28212471E-02 0.00000000E+00-2.69466462E-02
42  9 4.66480801E-02 0.00000000E+00 5.42475197E-02 2.61128796E-01 3.85159878E-01
42 10-6.46288674E-01 0.00000000E+00-2.78529432E-01 0.00000000E+00
43  1 0.00000000E+00 0.00000000E+00 0.00000000E+00 0.00000000E+00 0.00000000E+00
43  2 0.00000000E+00 0.00000000E+00 0.00000000E+00 0.00000000E+00 0.00000000E+00
43  3 0.00000000E+00 0.00000000E+00 0.00000000E+00 0.00000000E+00 0.00000000E+00
43  4 0.00000000E+00-1.76943256E-01 0.00000000E+00 0.00000000E+00 0.00000000E+00
43  5 0.00000000E+00 0.00000000E+00 0.00000000E+00 2.32708550E-02 0.00000000E+00
43  6 0.00000000E+00-3.62356710E-02 0.00000000E+00 0.00000000E+00 0.00000000E+00
43  7 0.00000000E+00-4.88685151E-01 0.00000000E+00 5.11498283E-01 0.00000000E+00
43  8 0.00000000E+00 0.00000000E+00 0.00000000E+00-2.32708550E-02 0.00000000E+00
43  9 0.00000000E+00 3.62356710E-02 0.00000000E+00 0.00000000E+00 0.00000000E+00
43 10 0.00000000E+00-4.88685151E-01 0.00000000E+00-5.11498283E-01
44  1 2.01004017E-03 3.91609866E-02 7.17699244E-02-2.08127602E-01 0.00000000E+00
44  2 0.00000000E+00 9.43173552E-03 0.00000000E+00 0.00000000E+00 1.40104143E-03
44  3 0.00000000E+00 0.00000000E+00-2.02291323E-01 5.78091454E-02 6.09739743E-02
44  4-1.18783120E-01 0.00000000E+00 0.00000000E+00 0.00000000E+00 2.58424898E-04
44  5-1.13798943E-01 1.74810551E-01-4.45661910E-02 0.00000000E+00-2.68114598E-02
44  6 1.20801941E-01 0.00000000E+00 4.05392053E-02 5.25500731E-01-2.57552349E-02
44  7-4.99745497E-01 0.00000000E+00 3.89754693E-01 0.00000000E+00 2.58424898E-04
44  8-1.13798943E-01 1.74810551E-01 4.45661910E-02 0.00000000E+00-2.68114598E-02
44  9-1.20801941E-01 0.00000000E+00 4.05392053E-02 5.25500731E-01-2.57552349E-02
44 10-4.99745497E-01 0.00000000E+00-3.89754693E-01 0.00000000E+00
45  1 0.00000000E+00 0.00000000E+00 0.00000000E+00 0.00000000E+00-1.00212126E-01
45  2 0.00000000E+00 0.00000000E+00 3.33895599E-01 0.00000000E+00 0.00000000E+00
45  3 3.54418737E-01 0.00000000E+00 0.00000000E+00 0.00000000E+00 0.00000000E+00
45  4 0.00000000E+00 0.00000000E+00 3.96119244E-01 0.00000000E+00-4.06070587E-03
45  5-3.79121246E-01 5.78290252E-01-8.68490928E-02 0.00000000E+00 4.29123438E-02
45  6 3.16611765E-01 0.00000000E+00-1.60859344E-01 5.60977905E-01-3.16934515E-01
45  7-2.44043390E-01 0.00000000E+00-4.25684389E-01 0.00000000E+00 4.06070587E-03
45  8 3.79121246E-01-5.78290252E-01-8.68490928E-02 0.00000000E+00-4.29123438E-02
45  9 3.16611765E-01 0.00000000E+00 1.60859344E-01-5.60977905E-01 3.16934515E-01
45 10 2.44043390E-01 0.00000000E+00-4.25684389E-01 0.00000000E+00
46  1-6.04132440E-04-1.53795784E-01-2.03757322E-01 8.08235424E-01 0.00000000E+00
46  2 0.00000000E+00-4.83206884E-02 0.00000000E+00 0.00000000E+00 1.64332442E-01
46  3 0.00000000E+00 0.00000000E+00 1.82976512E-01 4.62585208E-01-3.08275081E-01
46  4-1.54310128E-01 0.00000000E+00 0.00000000E+00 0.00000000E+00 5.01204813E-03
46  5 4.14079902E-01-6.23817235E-01 9.93647925E-02 0.00000000E+00-4.40544975E-02
46  6-3.80032483E-01 0.00000000E+00 1.62918357E-01-4.52170568E-01 3.52928365E-01
46  7 9.92422023E-02 0.00000000E+00 5.20083328E-01 0.00000000E+00 5.01204813E-03
46  8 4.14079902E-01-6.23817235E-01-9.93647925E-02 0.00000000E+00-4.40544975E-02
46  9 3.80032483E-01 0.00000000E+00 1.62918357E-01-4.52170568E-01 3.52928365E-01
46 10 9.92422023E-02 0.00000000E+00-5.20083328E-01 0.00000000E+00
 $END   
 POPULATION ANALYSIS
S           15.30229   0.69771  15.32584   0.67416
O            8.34886  -0.34886   8.33708  -0.33708
O            8.34886  -0.34886   8.33708  -0.33708
 MOMENTS AT POINT    1 X,Y,Z=  0.000000  0.000000  0.000000
 DIPOLE       0.000000  0.000000 -1.842751
