 $DATA  
Title                                                                           
CNV      2

S          16.0      0.0000000000      0.0000000000     -0.1476419116
   PC1     0
        
O           8.0      1.6741731801      0.0000000000      0.1475599904
   PC1     0
        
 $END      
 $ZMAT   IZMAT(1)=
         1,   3,   1,
         1,   2,   1,
         2,   2,   1,   3,
 $END
--- CLOSED SHELL ORBITALS --- GENERATED AT Thu Feb 26 00:19:54 2015
Title                                                                           
E(R-PBE)=     -548.1648936672, E(NUC)=   89.8025158626,   27 ITERS
 $VEC   
 1  1 1.00297918E+00-1.02977135E-02 1.75764294E-03-8.28260723E-04 0.00000000E+00
 1  2 0.00000000E+00 5.21558003E-05 0.00000000E+00 0.00000000E+00-2.03609158E-07
 1  3 0.00000000E+00 0.00000000E+00-2.40201934E-06 5.82967512E-05-3.00859896E-05
 1  4-2.82107616E-05 0.00000000E+00 0.00000000E+00 0.00000000E+00 4.82180453E-06
 1  5 3.15704519E-05-2.28776837E-07 1.86045960E-06 0.00000000E+00-1.58375182E-06
 1  6-8.13866334E-05 0.00000000E+00 1.95543804E-05-9.18051304E-05 4.85121476E-05
 1  7 4.32929828E-05 0.00000000E+00 3.10599654E-05 0.00000000E+00 4.82180453E-06
 1  8 3.15704519E-05-2.28776837E-07-1.86045960E-06 0.00000000E+00-1.58375182E-06
 1  9 8.13866334E-05 0.00000000E+00 1.95543804E-05-9.18051304E-05 4.85121476E-05
 1 10 4.32929828E-05 0.00000000E+00-3.10599654E-05 0.00000000E+00
 2  1 0.00000000E+00 0.00000000E+00 0.00000000E+00 0.00000000E+00 1.63490047E-04
 2  2 0.00000000E+00 0.00000000E+00-1.26982064E-03 0.00000000E+00 0.00000000E+00
 2  3-7.78398907E-03 0.00000000E+00 0.00000000E+00 0.00000000E+00 0.00000000E+00
 2  4 0.00000000E+00 0.00000000E+00-6.91574342E-04 0.00000000E+00 7.03307965E-01
 2  5 2.60639068E-02-1.34767721E-02 8.14651653E-04 0.00000000E+00-2.01623631E-04
 2  6-3.24542819E-03 0.00000000E+00 9.39309942E-04-3.12822495E-04 1.73788797E-04
 2  7 1.39033697E-04 0.00000000E+00 1.32651802E-04 0.00000000E+00-7.03307965E-01
 2  8-2.60639068E-02 1.34767721E-02 8.14651653E-04 0.00000000E+00 2.01623631E-04
 2  9-3.24542819E-03 0.00000000E+00-9.39309942E-04 3.12822495E-04-1.73788797E-04
 2 10-1.39033697E-04 0.00000000E+00 1.32651802E-04 0.00000000E+00
 3  1-3.44419653E-05-6.79726751E-04-1.10663103E-03 6.16436253E-03 0.00000000E+00
 3  2 0.00000000E+00-2.53360516E-05 0.00000000E+00 0.00000000E+00 2.24761651E-04
 3  3 0.00000000E+00 0.00000000E+00 9.27787258E-04 1.38666767E-03-7.42411862E-04
 3  4-6.44255807E-04 0.00000000E+00 0.00000000E+00 0.00000000E+00 7.03224032E-01
 3  5 2.49116088E-02-9.94648804E-03 7.66628960E-04 0.00000000E+00-2.42056018E-05
 3  6-2.57111183E-03 0.00000000E+00 1.67886746E-04-4.57941164E-04 2.47316960E-04
 3  7 2.10624204E-04 0.00000000E+00 1.41395226E-04 0.00000000E+00 7.03224032E-01
 3  8 2.49116088E-02-9.94648804E-03-7.66628960E-04 0.00000000E+00-2.42056018E-05
 3  9 2.57111183E-03 0.00000000E+00 1.67886746E-04-4.57941164E-04 2.47316960E-04
 3 10 2.10624204E-04 0.00000000E+00-1.41395226E-04 0.00000000E+00
 4  1-2.74135003E-01 1.03936659E+00 4.00449535E-02-1.11598993E-02 0.00000000E+00
 4  2 0.00000000E+00 8.80363507E-03 0.00000000E+00 0.00000000E+00 6.62900829E-04
 4  3 0.00000000E+00 0.00000000E+00-2.41133628E-04 9.41788584E-04-4.54668928E-04
 4  4-4.87119656E-04 0.00000000E+00 0.00000000E+00 0.00000000E+00 5.46177787E-05
 4  5 2.12377424E-04-2.72401842E-05-1.82999261E-04 0.00000000E+00 1.72733043E-05
 4  6-9.22978937E-04 0.00000000E+00 2.43209789E-04-8.74451357E-04 4.61230815E-04
 4  7 4.13220542E-04 0.00000000E+00 2.92317771E-04 0.00000000E+00 5.46177787E-05
 4  8 2.12377424E-04-2.72401842E-05 1.82999261E-04 0.00000000E+00 1.72733043E-05
 4  9 9.22978937E-04 0.00000000E+00 2.43209789E-04-8.74451357E-04 4.61230815E-04
 4 10 4.13220542E-04 0.00000000E+00-2.92317771E-04 0.00000000E+00
 5  1 0.00000000E+00 0.00000000E+00 0.00000000E+00 0.00000000E+00 9.96933105E-01
 5  2 0.00000000E+00 0.00000000E+00 8.67425402E-03 0.00000000E+00 0.00000000E+00
 5  3-4.14013199E-04 0.00000000E+00 0.00000000E+00 0.00000000E+00 0.00000000E+00
 5  4 0.00000000E+00 0.00000000E+00 5.52056035E-04 0.00000000E+00 1.19477698E-04
 5  5 1.68470566E-04-4.28013056E-04-1.15192016E-04 0.00000000E+00 3.67645337E-06
 5  6-2.77744476E-04 0.00000000E+00 1.39892533E-04-3.63955148E-04 1.98688233E-04
 5  7 1.65266916E-04 0.00000000E+00 1.61678807E-04 0.00000000E+00-1.19477698E-04
 5  8-1.68470566E-04 4.28013056E-04-1.15192016E-04 0.00000000E+00-3.67645337E-06
 5  9-2.77744476E-04 0.00000000E+00-1.39892533E-04 3.63955148E-04-1.98688233E-04
 5 10-1.65266916E-04 0.00000000E+00 1.61678807E-04 0.00000000E+00
 6  1 0.00000000E+00 0.00000000E+00 0.00000000E+00 0.00000000E+00 0.00000000E+00
 6  2 9.97005175E-01 0.00000000E+00 0.00000000E+00 8.58724867E-03 0.00000000E+00
 6  3 0.00000000E+00-8.84717159E-05 0.00000000E+00 0.00000000E+00 0.00000000E+00
 6  4 0.00000000E+00 0.00000000E+00 0.00000000E+00 5.35278206E-04 0.00000000E+00
 6  5 0.00000000E+00 0.00000000E+00 0.00000000E+00 3.65808207E-06 0.00000000E+00
 6  6 0.00000000E+00-3.21924397E-05 0.00000000E+00 0.00000000E+00 0.00000000E+00
 6  7 0.00000000E+00 1.47935704E-05 0.00000000E+00-8.90032165E-06 0.00000000E+00
 6  8 0.00000000E+00 0.00000000E+00 0.00000000E+00 3.65808207E-06 0.00000000E+00
 6  9 0.00000000E+00-3.21924397E-05 0.00000000E+00 0.00000000E+00 0.00000000E+00
 6 10 0.00000000E+00-1.47935704E-05 0.00000000E+00-8.90032165E-06
 7  1 2.45855471E-03-9.28687352E-03 1.55509353E-04-5.26023010E-04 0.00000000E+00
 7  2 0.00000000E+00 9.96995739E-01 0.00000000E+00 0.00000000E+00 8.48046214E-03
 7  3 0.00000000E+00 0.00000000E+00-1.03332263E-04-4.93971080E-04-2.14819841E-04
 7  4 7.08790921E-04 0.00000000E+00 0.00000000E+00 0.00000000E+00-3.22271322E-05
 7  5-1.08407559E-04 3.16271964E-04 4.48494948E-05 0.00000000E+00-3.45805925E-06
 7  6 2.13559613E-04 0.00000000E+00-7.87634133E-05 1.40626545E-04-6.71735971E-05
 7  7-7.34529477E-05 0.00000000E+00-3.66603859E-05 0.00000000E+00-3.22271322E-05
 7  8-1.08407559E-04 3.16271964E-04-4.48494948E-05 0.00000000E+00-3.45805925E-06
 7  9-2.13559613E-04 0.00000000E+00-7.87634133E-05 1.40626545E-04-6.71735971E-05
 7 10-7.34529477E-05 0.00000000E+00 3.66603859E-05 0.00000000E+00
 8  1 4.40608151E-02-1.30307303E-01 2.56986721E-01 1.84062180E-01 0.00000000E+00
 8  2 0.00000000E+00-1.91198138E-02 0.00000000E+00 0.00000000E+00 4.06578375E-02
 8  3 0.00000000E+00 0.00000000E+00 7.23975194E-03 5.10197056E-02-2.68120405E-02
 8  4-2.42076651E-02 0.00000000E+00 0.00000000E+00 0.00000000E+00-1.30965246E-01
 8  5 2.64444089E-01 3.16203106E-01 8.19700036E-02 0.00000000E+00-1.15086193E-02
 8  6 3.63265949E-02 0.00000000E+00-4.23205480E-03 8.93532589E-03-3.74327493E-03
 8  7-5.19205096E-03 0.00000000E+00-2.72734084E-04 0.00000000E+00-1.30965246E-01
 8  8 2.64444089E-01 3.16203106E-01-8.19700036E-02 0.00000000E+00-1.15086193E-02
 8  9-3.63265949E-02 0.00000000E+00-4.23205480E-03 8.93532589E-03-3.74327493E-03
 8 10-5.19205096E-03 0.00000000E+00 2.72734084E-04 0.00000000E+00
 9  1 0.00000000E+00 0.00000000E+00 0.00000000E+00 0.00000000E+00 9.37002772E-02
 9  2 0.00000000E+00 0.00000000E+00-1.84672280E-01 0.00000000E+00 0.00000000E+00
 9  3-1.90883008E-02 0.00000000E+00 0.00000000E+00 0.00000000E+00 0.00000000E+00
 9  4 0.00000000E+00 0.00000000E+00-2.03002535E-02 0.00000000E+00-1.50748541E-01
 9  5 3.01338750E-01 3.89092525E-01 7.40367466E-02 0.00000000E+00-1.08528557E-02
 9  6 4.28195918E-02 0.00000000E+00-7.39029385E-03 8.77237411E-03-3.66459925E-03
 9  7-5.10777486E-03 0.00000000E+00-9.32328925E-04 0.00000000E+00 1.50748541E-01
 9  8-3.01338750E-01-3.89092525E-01 7.40367466E-02 0.00000000E+00 1.08528557E-02
 9  9 4.28195918E-02 0.00000000E+00 7.39029385E-03-8.77237411E-03 3.66459925E-03
 9 10 5.10777486E-03 0.00000000E+00-9.32328925E-04 0.00000000E+00
10  1 7.20780462E-02-2.05590670E-01 4.51117935E-01 4.29752687E-01 0.00000000E+00
10  2 0.00000000E+00-4.45626549E-03 0.00000000E+00 0.00000000E+00 1.59794199E-02
10  3 0.00000000E+00 0.00000000E+00-2.39257582E-03-1.65403424E-02 9.67717251E-03
10  4 6.86316992E-03 0.00000000E+00 0.00000000E+00 0.00000000E+00 9.88268742E-02
10  5-2.05019728E-01-3.19400215E-01 1.24043229E-01 0.00000000E+00-1.77399198E-02
10  6 5.58154066E-02 0.00000000E+00-5.38649612E-03 8.86716001E-03-5.20949268E-03
10  7-3.65766733E-03 0.00000000E+00-3.55169969E-03 0.00000000E+00 9.88268742E-02
10  8-2.05019728E-01-3.19400215E-01-1.24043229E-01 0.00000000E+00-1.77399198E-02
10  9-5.58154066E-02 0.00000000E+00-5.38649612E-03 8.86716001E-03-5.20949268E-03
10 10-3.65766733E-03 0.00000000E+00 3.55169969E-03 0.00000000E+00
11  1 0.00000000E+00 0.00000000E+00 0.00000000E+00 0.00000000E+00-1.77161044E-01
11  2 0.00000000E+00 0.00000000E+00 4.17734675E-01 0.00000000E+00 0.00000000E+00
11  3 5.86471824E-02 0.00000000E+00 0.00000000E+00 0.00000000E+00 0.00000000E+00
11  4 0.00000000E+00 0.00000000E+00 2.30745555E-02 0.00000000E+00-5.71530453E-02
11  5 1.26626214E-01 1.83092041E-01-3.60573549E-01 0.00000000E+00 5.84008874E-02
11  6-2.28027035E-01 0.00000000E+00 3.99465242E-02-1.48320366E-02 8.22782328E-03
11  7 6.60421330E-03 0.00000000E+00 5.99079779E-03 0.00000000E+00 5.71530453E-02
11  8-1.26626214E-01-1.83092041E-01-3.60573549E-01 0.00000000E+00-5.84008874E-02
11  9-2.28027035E-01 0.00000000E+00-3.99465242E-02 1.48320366E-02-8.22782328E-03
11 10-6.60421330E-03 0.00000000E+00 5.99079779E-03 0.00000000E+00
12  1 0.00000000E+00 0.00000000E+00 0.00000000E+00 0.00000000E+00 0.00000000E+00
12  2-2.04277210E-01 0.00000000E+00 0.00000000E+00 4.79394137E-01 0.00000000E+00
12  3 0.00000000E+00 3.05568040E-01 0.00000000E+00 0.00000000E+00 0.00000000E+00
12  4 0.00000000E+00 0.00000000E+00 0.00000000E+00 2.06913040E-02 0.00000000E+00
12  5 0.00000000E+00 0.00000000E+00 0.00000000E+00 2.99451467E-01 0.00000000E+00
12  6 0.00000000E+00 1.85584683E-01 0.00000000E+00 0.00000000E+00 0.00000000E+00
12  7 0.00000000E+00 1.60567402E-02 0.00000000E+00-2.40506614E-03 0.00000000E+00
12  8 0.00000000E+00 0.00000000E+00 0.00000000E+00 2.99451467E-01 0.00000000E+00
12  9 0.00000000E+00 1.85584683E-01 0.00000000E+00 0.00000000E+00 0.00000000E+00
12 10 0.00000000E+00-1.60567402E-02 0.00000000E+00-2.40506614E-03
13  1-7.25853729E-03 2.44103641E-02-4.10781388E-02-8.37988168E-02 0.00000000E+00
13  2 0.00000000E+00-2.03691321E-01 0.00000000E+00 0.00000000E+00 4.77326886E-01
13  3 0.00000000E+00 0.00000000E+00 3.01090045E-01-9.28355127E-03-1.34205031E-02
13  4 2.27040544E-02 0.00000000E+00 0.00000000E+00 0.00000000E+00 5.73292073E-03
13  5-1.08185607E-02-2.65400375E-02 1.15227925E-01 0.00000000E+00 2.75971106E-01
13  6 7.36118214E-02 0.00000000E+00 1.71772820E-01 7.27932805E-03-1.73467301E-03
13  7-5.54465504E-03 0.00000000E+00 1.41975244E-02 0.00000000E+00 5.73292073E-03
13  8-1.08185607E-02-2.65400375E-02-1.15227925E-01 0.00000000E+00 2.75971106E-01
13  9-7.36118214E-02 0.00000000E+00 1.71772820E-01 7.27932805E-03-1.73467301E-03
13 10-5.54465504E-03 0.00000000E+00-1.41975244E-02 0.00000000E+00
14  1 0.00000000E+00 0.00000000E+00 0.00000000E+00 0.00000000E+00 0.00000000E+00
14  2 0.00000000E+00 0.00000000E+00 0.00000000E+00 0.00000000E+00 0.00000000E+00
14  3 0.00000000E+00 0.00000000E+00 0.00000000E+00 0.00000000E+00 0.00000000E+00
14  4 0.00000000E+00-9.49110123E-02 0.00000000E+00 0.00000000E+00 0.00000000E+00
14  5 0.00000000E+00 0.00000000E+00 0.00000000E+00 4.68000008E-01 0.00000000E+00
14  6 0.00000000E+00 3.34405854E-01 0.00000000E+00 0.00000000E+00 0.00000000E+00
14  7 0.00000000E+00 1.48878524E-02 0.00000000E+00-2.45284237E-03 0.00000000E+00
14  8 0.00000000E+00 0.00000000E+00 0.00000000E+00-4.68000008E-01 0.00000000E+00
14  9 0.00000000E+00-3.34405854E-01 0.00000000E+00 0.00000000E+00 0.00000000E+00
14 10 0.00000000E+00 1.48878524E-02 0.00000000E+00 2.45284237E-03
15  1 0.00000000E+00 0.00000000E+00 0.00000000E+00 0.00000000E+00-1.62638981E-02
15  2 0.00000000E+00 0.00000000E+00 3.72620467E-02 0.00000000E+00 0.00000000E+00
15  3 4.93094955E-02 0.00000000E+00 0.00000000E+00 0.00000000E+00 0.00000000E+00
15  4 0.00000000E+00 0.00000000E+00-9.21779614E-02 0.00000000E+00-2.35068348E-03
15  5 2.70529586E-03 2.44385253E-02 9.88676503E-02 0.00000000E+00 4.56190982E-01
15  6 7.47004116E-02 0.00000000E+00 3.24970987E-01 3.46625281E-03 3.89830302E-04
15  7-3.85608312E-03 0.00000000E+00 1.45288016E-02 0.00000000E+00 2.35068348E-03
15  8-2.70529586E-03-2.44385253E-02 9.88676503E-02 0.00000000E+00-4.56190982E-01
15  9 7.47004116E-02 0.00000000E+00-3.24970987E-01-3.46625281E-03-3.89830302E-04
15 10 3.85608312E-03 0.00000000E+00 1.45288016E-02 0.00000000E+00
16  1 2.72087987E-02-1.08844051E-01 1.36804979E-01 5.11407190E-01 0.00000000E+00
16  2 0.00000000E+00 6.13945774E-02 0.00000000E+00 0.00000000E+00-1.49758188E-01
16  3 0.00000000E+00 0.00000000E+00-6.73445741E-02-1.52852714E-01 7.68762791E-02
16  4 7.59764350E-02 0.00000000E+00 0.00000000E+00 0.00000000E+00 4.97896909E-03
16  5-1.38938126E-02-5.61655230E-02-3.73683068E-01 0.00000000E+00 2.69261994E-01
16  6-2.71251574E-01 0.00000000E+00 1.95281999E-01-5.20279736E-03 3.20079435E-03
16  7 2.00200302E-03 0.00000000E+00 5.09030366E-03 0.00000000E+00 4.97896909E-03
16  8-1.38938126E-02-5.61655230E-02 3.73683068E-01 0.00000000E+00 2.69261994E-01
16  9 2.71251574E-01 0.00000000E+00 1.95281999E-01-5.20279736E-03 3.20079435E-03
16 10 2.00200302E-03 0.00000000E+00-5.09030366E-03 0.00000000E+00
17  1 0.00000000E+00 0.00000000E+00 0.00000000E+00 0.00000000E+00 0.00000000E+00
17  2-2.06523723E-01 0.00000000E+00 0.00000000E+00 5.16134711E-01 0.00000000E+00
17  3 0.00000000E+00 3.91421954E-01 0.00000000E+00 0.00000000E+00 0.00000000E+00
17  4 0.00000000E+00 0.00000000E+00 0.00000000E+00-4.44789627E-03 0.00000000E+00
17  5 0.00000000E+00 0.00000000E+00 0.00000000E+00-3.96030015E-01 0.00000000E+00
17  6 0.00000000E+00-3.00516282E-01 0.00000000E+00 0.00000000E+00 0.00000000E+00
17  7 0.00000000E+00 7.84303811E-05 0.00000000E+00-1.59730038E-04 0.00000000E+00
17  8 0.00000000E+00 0.00000000E+00 0.00000000E+00-3.96030015E-01 0.00000000E+00
17  9 0.00000000E+00-3.00516282E-01 0.00000000E+00 0.00000000E+00 0.00000000E+00
17 10 0.00000000E+00-7.84303811E-05 0.00000000E+00-1.59730038E-04
18  1 1.38352698E-02-4.92574779E-02 7.95481368E-02 2.55514494E-01 0.00000000E+00
18  2 0.00000000E+00-1.97110766E-01 0.00000000E+00 0.00000000E+00 4.95682872E-01
18  3 0.00000000E+00 0.00000000E+00 4.02874299E-01-7.53779162E-02 4.29166376E-02
18  4 3.24612786E-02 0.00000000E+00 0.00000000E+00 0.00000000E+00 1.23988378E-02
18  5-2.68828156E-02-8.55668319E-02-2.65030227E-01 0.00000000E+00-3.05124777E-01
18  6-2.06494945E-01 0.00000000E+00-2.33397712E-01-1.12629952E-03 9.17091386E-04
18  7 2.09208129E-04 0.00000000E+00 1.91111462E-03 0.00000000E+00 1.23988378E-02
18  8-2.68828156E-02-8.55668319E-02 2.65030227E-01 0.00000000E+00-3.05124777E-01
18  9 2.06494945E-01 0.00000000E+00-2.33397712E-01-1.12629952E-03 9.17091386E-04
18 10 2.09208129E-04 0.00000000E+00-1.91111462E-03 0.00000000E+00
19  1 0.00000000E+00 0.00000000E+00 0.00000000E+00 0.00000000E+00-2.32243346E-01
19  2 0.00000000E+00 0.00000000E+00 6.17437155E-01 0.00000000E+00 0.00000000E+00
19  3 1.08133375E+00 0.00000000E+00 0.00000000E+00 0.00000000E+00 0.00000000E+00
19  4 0.00000000E+00 0.00000000E+00-9.34117005E-02 0.00000000E+00-6.65245268E-02
19  5 1.25512193E-01 5.73436768E-01 3.07496430E-01 0.00000000E+00-1.36426800E-01
19  6 4.01294994E-01 0.00000000E+00-1.23628977E-01 1.07216333E-03 8.98886176E-04
19  7-1.97104950E-03 0.00000000E+00 6.68892793E-03 0.00000000E+00 6.65245268E-02
19  8-1.25512193E-01-5.73436768E-01 3.07496430E-01 0.00000000E+00 1.36426800E-01
19  9 4.01294994E-01 0.00000000E+00 1.23628977E-01-1.07216333E-03-8.98886176E-04
19 10 1.97104950E-03 0.00000000E+00 6.68892793E-03 0.00000000E+00
20  1 0.00000000E+00 0.00000000E+00 0.00000000E+00 0.00000000E+00 2.65903027E-01
20  2 0.00000000E+00 0.00000000E+00-1.02235809E+00 0.00000000E+00 0.00000000E+00
20  3 1.74108297E+00 0.00000000E+00 0.00000000E+00 0.00000000E+00 0.00000000E+00
20  4 0.00000000E+00 0.00000000E+00-8.39675752E-02 0.00000000E+00-2.56715034E-02
20  5-4.26707423E-03 6.47569048E-01-2.57543956E-01 0.00000000E+00-2.39721915E-02
20  6 2.47984266E-01 0.00000000E+00-5.46173340E-02 5.08611642E-02-2.56869561E-02
20  7-2.51742081E-02 0.00000000E+00-1.01272344E-02 0.00000000E+00 2.56715034E-02
20  8 4.26707423E-03-6.47569048E-01-2.57543956E-01 0.00000000E+00 2.39721915E-02
20  9 2.47984266E-01 0.00000000E+00 5.46173340E-02-5.08611642E-02 2.56869561E-02
20 10 2.51742081E-02 0.00000000E+00-1.01272344E-02 0.00000000E+00
21  1-4.98883838E-02-1.93703810E-01-7.86656564E-01 1.03604093E+00 0.00000000E+00
21  2 0.00000000E+00 2.60729342E-01 0.00000000E+00 0.00000000E+00-1.01028529E+00
21  3 0.00000000E+00 0.00000000E+00 1.14939725E+00-5.07459786E-02 1.05266356E-01
21  4-5.45203774E-02 0.00000000E+00 0.00000000E+00 0.00000000E+00 9.71689132E-03
21  5-8.98806838E-03-2.04252222E-01 7.20123192E-02 0.00000000E+00-1.19218118E-01
21  6-1.34999228E-01 0.00000000E+00-5.92915161E-02-3.38680630E-02 1.76360071E-02
21  7 1.62320559E-02 0.00000000E+00-2.18514098E-04 0.00000000E+00 9.71689132E-03
21  8-8.98806838E-03-2.04252222E-01-7.20123192E-02 0.00000000E+00-1.19218118E-01
21  9 1.34999228E-01 0.00000000E+00-5.92915161E-02-3.38680630E-02 1.76360071E-02
21 10 1.62320559E-02 0.00000000E+00 2.18514098E-04 0.00000000E+00
22  1 0.00000000E+00 0.00000000E+00 0.00000000E+00 0.00000000E+00 0.00000000E+00
22  2 2.94388017E-01 0.00000000E+00 0.00000000E+00-1.14114910E+00 0.00000000E+00
22  3 0.00000000E+00 1.24515618E+00 0.00000000E+00 0.00000000E+00 0.00000000E+00
22  4 0.00000000E+00 0.00000000E+00 0.00000000E+00-9.82272103E-02 0.00000000E+00
22  5 0.00000000E+00 0.00000000E+00 0.00000000E+00-9.96410695E-02 0.00000000E+00
22  6 0.00000000E+00-9.37547029E-02 0.00000000E+00 0.00000000E+00 0.00000000E+00
22  7 0.00000000E+00-1.37393937E-02 0.00000000E+00 6.55387888E-04 0.00000000E+00
22  8 0.00000000E+00 0.00000000E+00 0.00000000E+00-9.96410695E-02 0.00000000E+00
22  9 0.00000000E+00-9.37547029E-02 0.00000000E+00 0.00000000E+00 0.00000000E+00
22 10 0.00000000E+00 1.37393937E-02 0.00000000E+00 6.55387888E-04
23  1-1.02551715E-01-3.50313115E-01-1.55741761E+00 1.82024570E+00 0.00000000E+00
23  2 0.00000000E+00-1.33427011E-01 0.00000000E+00 0.00000000E+00 5.17734665E-01
23  3 0.00000000E+00 0.00000000E+00-5.19601621E-01-1.98224688E-01 6.25642726E-02
23  4 1.35660415E-01 0.00000000E+00 0.00000000E+00 0.00000000E+00 8.29734929E-03
23  5-1.80641069E-02-1.75092311E-01 1.02500948E-01 0.00000000E+00-7.60119831E-03
23  6-1.15606009E-01 0.00000000E+00 6.87803014E-02-3.86810118E-02 2.14172940E-02
23  7 1.72637178E-02 0.00000000E+00 2.31833617E-02 0.00000000E+00 8.29734929E-03
23  8-1.80641069E-02-1.75092311E-01-1.02500948E-01 0.00000000E+00-7.60119831E-03
23  9 1.15606009E-01 0.00000000E+00 6.87803014E-02-3.86810118E-02 2.14172940E-02
23 10 1.72637178E-02 0.00000000E+00-2.31833617E-02 0.00000000E+00
24  1 0.00000000E+00 0.00000000E+00 0.00000000E+00 0.00000000E+00 0.00000000E+00
24  2 0.00000000E+00 0.00000000E+00 0.00000000E+00 0.00000000E+00 0.00000000E+00
24  3 0.00000000E+00 0.00000000E+00 0.00000000E+00 0.00000000E+00 0.00000000E+00
24  4 0.00000000E+00 8.30388667E-01 0.00000000E+00 0.00000000E+00 0.00000000E+00
24  5 0.00000000E+00 0.00000000E+00 0.00000000E+00 3.66747405E-01 0.00000000E+00
24  6 0.00000000E+00-1.92104608E-01 0.00000000E+00 0.00000000E+00 0.00000000E+00
24  7 0.00000000E+00-6.03319391E-02 0.00000000E+00 1.32843234E-02 0.00000000E+00
24  8 0.00000000E+00 0.00000000E+00 0.00000000E+00-3.66747405E-01 0.00000000E+00
24  9 0.00000000E+00 1.92104608E-01 0.00000000E+00 0.00000000E+00 0.00000000E+00
24 10 0.00000000E+00-6.03319391E-02 0.00000000E+00-1.32843234E-02
25  1 0.00000000E+00 0.00000000E+00 0.00000000E+00 0.00000000E+00 0.00000000E+00
25  2 3.13696900E-02 0.00000000E+00 0.00000000E+00-1.16716070E-01 0.00000000E+00
25  3 0.00000000E+00 8.62696342E-02 0.00000000E+00 0.00000000E+00 0.00000000E+00
25  4 0.00000000E+00 0.00000000E+00 0.00000000E+00 9.85970528E-01 0.00000000E+00
25  5 0.00000000E+00 0.00000000E+00 0.00000000E+00-8.82829431E-02 0.00000000E+00
25  6 0.00000000E+00 4.38495980E-02 0.00000000E+00 0.00000000E+00 0.00000000E+00
25  7 0.00000000E+00 1.46322915E-02 0.00000000E+00 1.86259380E-02 0.00000000E+00
25  8 0.00000000E+00 0.00000000E+00 0.00000000E+00-8.82829431E-02 0.00000000E+00
25  9 0.00000000E+00 4.38495980E-02 0.00000000E+00 0.00000000E+00 0.00000000E+00
25 10 0.00000000E+00-1.46322915E-02 0.00000000E+00 1.86259380E-02
26  1 1.05306707E-03 1.21088235E-03 1.29347524E-02-5.30932706E-03 0.00000000E+00
26  2 0.00000000E+00 3.25836739E-02 0.00000000E+00 0.00000000E+00-1.21379700E-01
26  3 0.00000000E+00 0.00000000E+00 9.24762620E-02-1.75171782E-02-8.44355780E-01
26  4 8.61872958E-01 0.00000000E+00 0.00000000E+00 0.00000000E+00 3.15454208E-04
26  5-9.42148277E-05-6.01234387E-03-1.36501528E-02 0.00000000E+00-8.92332258E-02
26  6 4.51457791E-03 0.00000000E+00 4.38519241E-02 3.34978252E-03-1.77807297E-02
26  7 1.44309472E-02 0.00000000E+00 1.43774113E-02 0.00000000E+00 3.15454208E-04
26  8-9.42148277E-05-6.01234387E-03 1.36501528E-02 0.00000000E+00-8.92332258E-02
26  9-4.51457791E-03 0.00000000E+00 4.38519241E-02 3.34978252E-03-1.77807297E-02
26 10 1.44309472E-02 0.00000000E+00-1.43774113E-02 0.00000000E+00
27  1 0.00000000E+00 0.00000000E+00 0.00000000E+00 0.00000000E+00 9.41801791E-04
27  2 0.00000000E+00 0.00000000E+00-2.86330109E-02 0.00000000E+00 0.00000000E+00
27  3 5.82897966E-01 0.00000000E+00 0.00000000E+00 0.00000000E+00 0.00000000E+00
27  4 0.00000000E+00 0.00000000E+00 8.30485452E-01 0.00000000E+00-3.23153027E-02
27  5 1.17098741E-01 2.34144252E-01 6.31336377E-02 0.00000000E+00 3.43944101E-01
27  6 2.05262174E-01 0.00000000E+00-2.56736449E-01-1.49516913E-02-3.60973882E-03
27  7 1.85614302E-02 0.00000000E+00-5.64640898E-02 0.00000000E+00 3.23153027E-02
27  8-1.17098741E-01-2.34144252E-01 6.31336377E-02 0.00000000E+00-3.43944101E-01
27  9 2.05262174E-01 0.00000000E+00 2.56736449E-01 1.49516913E-02 3.60973882E-03
27 10-1.85614302E-02 0.00000000E+00-5.64640898E-02 0.00000000E+00
28  1-7.16079330E-03-1.15191814E-01-2.12347490E-01 1.15770461E+00 0.00000000E+00
28  2 0.00000000E+00-2.27930152E-02 0.00000000E+00 0.00000000E+00 1.01746083E-01
28  3 0.00000000E+00 0.00000000E+00 1.28378291E-01 7.57499593E-01-4.11821214E-01
28  4-3.45678379E-01 0.00000000E+00 0.00000000E+00 0.00000000E+00 5.94848011E-02
28  5-2.92133356E-01-1.62978379E-01 3.24326468E-01 0.00000000E+00 3.55673536E-02
28  6-9.24242079E-01 0.00000000E+00 6.38842969E-02 2.87180525E-02-1.85697432E-02
28  7-1.01483094E-02 0.00000000E+00-2.18391990E-02 0.00000000E+00 5.94848011E-02
28  8-2.92133356E-01-1.62978379E-01-3.24326468E-01 0.00000000E+00 3.55673536E-02
28  9 9.24242079E-01 0.00000000E+00 6.38842969E-02 2.87180525E-02-1.85697432E-02
28 10-1.01483094E-02 0.00000000E+00 2.18391990E-02 0.00000000E+00
29  1 0.00000000E+00 0.00000000E+00 0.00000000E+00 0.00000000E+00-7.32393787E-02
29  2 0.00000000E+00 0.00000000E+00 4.28244860E-01 0.00000000E+00 0.00000000E+00
29  3-8.92352841E-02 0.00000000E+00 0.00000000E+00 0.00000000E+00 0.00000000E+00
29  4 0.00000000E+00 0.00000000E+00 3.71707497E-01 0.00000000E+00-1.81746905E-02
29  5 1.01612052E-01-2.45187374E-02-4.48321675E-01 0.00000000E+00-3.36155219E-01
29  6 7.20988153E-01 0.00000000E+00 4.24425044E-01-5.53566698E-02 2.25390160E-02
29  7 3.28176539E-02 0.00000000E+00-1.96387570E-02 0.00000000E+00 1.81746905E-02
29  8-1.01612052E-01 2.45187374E-02-4.48321675E-01 0.00000000E+00 3.36155219E-01
29  9 7.20988153E-01 0.00000000E+00-4.24425044E-01 5.53566698E-02-2.25390160E-02
29 10-3.28176539E-02 0.00000000E+00-1.96387570E-02 0.00000000E+00
30  1 0.00000000E+00 0.00000000E+00 0.00000000E+00 0.00000000E+00 0.00000000E+00
30  2 0.00000000E+00 0.00000000E+00 0.00000000E+00 0.00000000E+00 0.00000000E+00
30  3 0.00000000E+00 0.00000000E+00 0.00000000E+00 0.00000000E+00 0.00000000E+00
30  4 0.00000000E+00 5.72839700E-01 0.00000000E+00 0.00000000E+00 0.00000000E+00
30  5 0.00000000E+00 0.00000000E+00 0.00000000E+00-5.39348145E-01 0.00000000E+00
30  6 0.00000000E+00 7.42881600E-01 0.00000000E+00 0.00000000E+00 0.00000000E+00
30  7 0.00000000E+00-6.49510715E-02 0.00000000E+00 1.38192917E-02 0.00000000E+00
30  8 0.00000000E+00 0.00000000E+00 0.00000000E+00 5.39348145E-01 0.00000000E+00
30  9 0.00000000E+00-7.42881600E-01 0.00000000E+00 0.00000000E+00 0.00000000E+00
30 10 0.00000000E+00-6.49510715E-02 0.00000000E+00-1.38192917E-02
31  1 1.11233110E-02 4.58268735E-02 1.84752786E-01-8.00890992E-02 0.00000000E+00
31  2 0.00000000E+00-2.74389427E-02 0.00000000E+00 0.00000000E+00 1.50922615E-01
31  3 0.00000000E+00 0.00000000E+00-5.72288114E-01 1.57042682E-02 1.02958920E-01
31  4-1.18663188E-01 0.00000000E+00 0.00000000E+00 0.00000000E+00-2.59434280E-03
31  5 3.62640508E-02 6.03860880E-03 3.82429669E-02 0.00000000E+00-6.25198462E-01
31  6-3.14563152E-02 0.00000000E+00 8.60189081E-01 8.27876628E-03-4.09812917E-03
31  7-4.18063710E-03 0.00000000E+00-2.52004297E-02 0.00000000E+00-2.59434280E-03
31  8 3.62640508E-02 6.03860880E-03-3.82429669E-02 0.00000000E+00-6.25198462E-01
31  9 3.14563152E-02 0.00000000E+00 8.60189081E-01 8.27876628E-03-4.09812917E-03
31 10-4.18063710E-03 0.00000000E+00 2.52004297E-02 0.00000000E+00
32  1 0.00000000E+00 0.00000000E+00 0.00000000E+00 0.00000000E+00 0.00000000E+00
32  2-2.54499892E-02 0.00000000E+00 0.00000000E+00 1.34690174E-01 0.00000000E+00
32  3 0.00000000E+00-5.86819712E-01 0.00000000E+00 0.00000000E+00 0.00000000E+00
32  4 0.00000000E+00 0.00000000E+00 0.00000000E+00-1.29451892E-01 0.00000000E+00
32  5 0.00000000E+00 0.00000000E+00 0.00000000E+00-6.27459313E-01 0.00000000E+00
32  6 0.00000000E+00 8.71587726E-01 0.00000000E+00 0.00000000E+00 0.00000000E+00
32  7 0.00000000E+00-2.35291236E-02 0.00000000E+00-1.57550127E-04 0.00000000E+00
32  8 0.00000000E+00 0.00000000E+00 0.00000000E+00-6.27459313E-01 0.00000000E+00
32  9 0.00000000E+00 8.71587726E-01 0.00000000E+00 0.00000000E+00 0.00000000E+00
32 10 0.00000000E+00 2.35291236E-02 0.00000000E+00-1.57550127E-04
33  1 0.00000000E+00 0.00000000E+00 0.00000000E+00 0.00000000E+00 6.41987394E-02
33  2 0.00000000E+00 0.00000000E+00-3.96484871E-01 0.00000000E+00 0.00000000E+00
33  3 8.88043046E-02 0.00000000E+00 0.00000000E+00 0.00000000E+00 0.00000000E+00
33  4 0.00000000E+00 0.00000000E+00 4.42203462E-01 0.00000000E+00 1.07104742E-02
33  5-1.12749754E-01 9.88422879E-02 3.73869506E-01 0.00000000E+00-4.26100566E-01
33  6-4.99503762E-01 0.00000000E+00 5.96222843E-01 1.75702064E-02-1.94640307E-02
33  7 1.89382427E-03 0.00000000E+00-6.14324088E-02 0.00000000E+00-1.07104742E-02
33  8 1.12749754E-01-9.88422879E-02 3.73869506E-01 0.00000000E+00 4.26100566E-01
33  9-4.99503762E-01 0.00000000E+00-5.96222843E-01-1.75702064E-02 1.94640307E-02
33 10-1.89382427E-03 0.00000000E+00-6.14324088E-02 0.00000000E+00
34  1-3.93899669E-02-1.92215295E-01-6.88560221E-01 6.14344430E-01 0.00000000E+00
34  2 0.00000000E+00-5.51353298E-03 0.00000000E+00 0.00000000E+00-2.64081926E-03
34  3 0.00000000E+00 0.00000000E+00-6.38665670E-02 7.39307664E-01-3.65864243E-01
34  4-3.73443421E-01 0.00000000E+00 0.00000000E+00 0.00000000E+00 2.56058152E-02
34  5-9.53198571E-02-1.35071413E-01-5.49834609E-01 0.00000000E+00-1.43417098E-02
34  6 3.90840973E-01 0.00000000E+00 1.25502244E-01-1.06406120E-03-5.51906446E-03
34  7 6.58312565E-03 0.00000000E+00-3.66238863E-02 0.00000000E+00 2.56058152E-02
34  8-9.53198571E-02-1.35071413E-01 5.49834609E-01 0.00000000E+00-1.43417098E-02
34  9-3.90840973E-01 0.00000000E+00 1.25502244E-01-1.06406120E-03-5.51906446E-03
34 10 6.58312565E-03 0.00000000E+00 3.66238863E-02 0.00000000E+00
35  1-1.87312068E-02-2.11237953E-01-4.57263920E-01 1.51422592E+00 0.00000000E+00
35  2 0.00000000E+00-6.51219624E-03 0.00000000E+00 0.00000000E+00 3.45075069E-02
35  3 0.00000000E+00 0.00000000E+00 2.33336529E-01 4.34142632E-01-2.35453161E-01
35  4-1.98689471E-01 0.00000000E+00 0.00000000E+00 0.00000000E+00-1.32966513E-02
35  5 1.11496383E+00-1.50829491E+00 7.92386287E-02 0.00000000E+00 2.93895729E-02
35  6-5.75320436E-01 0.00000000E+00 9.80357981E-03 1.80674583E-01-9.77645630E-02
35  7-8.29100196E-02 0.00000000E+00-5.53301085E-02 0.00000000E+00-1.32966513E-02
35  8 1.11496383E+00-1.50829491E+00-7.92386287E-02 0.00000000E+00 2.93895729E-02
35  9 5.75320436E-01 0.00000000E+00 9.80357981E-03 1.80674583E-01-9.77645630E-02
35 10-8.29100196E-02 0.00000000E+00 5.53301085E-02 0.00000000E+00
36  1 0.00000000E+00 0.00000000E+00 0.00000000E+00 0.00000000E+00-2.69865570E-02
36  2 0.00000000E+00 0.00000000E+00 1.41145415E-01 0.00000000E+00 0.00000000E+00
36  3 1.54774927E+00 0.00000000E+00 0.00000000E+00 0.00000000E+00 0.00000000E+00
36  4 0.00000000E+00 0.00000000E+00 1.59512453E-01 0.00000000E+00 1.91097538E-03
36  5-1.24502307E+00 2.01241551E+00-8.98636855E-02 0.00000000E+00 5.89455200E-02
36  6 5.91644654E-01 0.00000000E+00-2.01208826E-01-2.12335214E-01 1.07960162E-01
36  7 1.04375051E-01 0.00000000E+00 5.49100999E-02 0.00000000E+00-1.91097538E-03
36  8 1.24502307E+00-2.01241551E+00-8.98636855E-02 0.00000000E+00-5.89455200E-02
36  9 5.91644654E-01 0.00000000E+00 2.01208826E-01 2.12335214E-01-1.07960162E-01
36 10-1.04375051E-01 0.00000000E+00 5.49100999E-02 0.00000000E+00
37  1 0.00000000E+00 0.00000000E+00 0.00000000E+00 0.00000000E+00 0.00000000E+00
37  2 0.00000000E+00 0.00000000E+00 0.00000000E+00 0.00000000E+00 0.00000000E+00
37  3 0.00000000E+00 0.00000000E+00 0.00000000E+00 0.00000000E+00 0.00000000E+00
37  4 0.00000000E+00 1.92788212E-02 0.00000000E+00 0.00000000E+00 0.00000000E+00
37  5 0.00000000E+00 0.00000000E+00 0.00000000E+00-2.93622118E-03 0.00000000E+00
37  6 0.00000000E+00 5.33291178E-03 0.00000000E+00 0.00000000E+00 0.00000000E+00
37  7 0.00000000E+00 1.83704714E-01 0.00000000E+00 6.82867116E-01 0.00000000E+00
37  8 0.00000000E+00 0.00000000E+00 0.00000000E+00 2.93622118E-03 0.00000000E+00
37  9 0.00000000E+00-5.33291178E-03 0.00000000E+00 0.00000000E+00 0.00000000E+00
37 10 0.00000000E+00 1.83704714E-01 0.00000000E+00-6.82867116E-01
38  1 0.00000000E+00 0.00000000E+00 0.00000000E+00 0.00000000E+00 3.46687631E-06
38  2 0.00000000E+00 0.00000000E+00-5.59420409E-04 0.00000000E+00 0.00000000E+00
38  3 3.65074539E-03 0.00000000E+00 0.00000000E+00 0.00000000E+00 0.00000000E+00
38  4 0.00000000E+00 0.00000000E+00-1.95760388E-02 0.00000000E+00 2.53956464E-04
38  5-2.05568427E-03 1.81651637E-03-4.72844334E-04 0.00000000E+00 3.24085605E-03
38  6-7.97088693E-04 0.00000000E+00-5.49553182E-03-3.93769034E-02 6.10740983E-01
38  7-5.71364080E-01 0.00000000E+00-1.80874042E-01 0.00000000E+00-2.53956464E-04
38  8 2.05568427E-03-1.81651637E-03-4.72844334E-04 0.00000000E+00-3.24085605E-03
38  9-7.97088693E-04 0.00000000E+00 5.49553182E-03 3.93769034E-02-6.10740983E-01
38 10 5.71364080E-01 0.00000000E+00-1.80874042E-01 0.00000000E+00
39  1 0.00000000E+00 0.00000000E+00 0.00000000E+00 0.00000000E+00 0.00000000E+00
39  2-8.70092523E-04 0.00000000E+00 0.00000000E+00 2.81214331E-03 0.00000000E+00
39  3 0.00000000E+00-1.70355401E-03 0.00000000E+00 0.00000000E+00 0.00000000E+00
39  4 0.00000000E+00 0.00000000E+00 0.00000000E+00-5.96664982E-02 0.00000000E+00
39  5 0.00000000E+00 0.00000000E+00 0.00000000E+00-1.09038336E-03 0.00000000E+00
39  6 0.00000000E+00 3.47105857E-03 0.00000000E+00 0.00000000E+00 0.00000000E+00
39  7 0.00000000E+00 1.07879986E-01 0.00000000E+00 6.98835378E-01 0.00000000E+00
39  8 0.00000000E+00 0.00000000E+00 0.00000000E+00-1.09038336E-03 0.00000000E+00
39  9 0.00000000E+00 3.47105857E-03 0.00000000E+00 0.00000000E+00 0.00000000E+00
39 10 0.00000000E+00-1.07879986E-01 0.00000000E+00 6.98835378E-01
40  1-2.11546258E-04-1.63504934E-03-4.34181099E-03 1.05573146E-02 0.00000000E+00
40  2 0.00000000E+00 7.88663063E-05 0.00000000E+00 0.00000000E+00-1.04884139E-03
40  3 0.00000000E+00 0.00000000E+00 7.10276815E-03 2.56572439E-03-5.46167677E-02
40  4 5.20510433E-02 0.00000000E+00 0.00000000E+00 0.00000000E+00 2.95417185E-04
40  5 3.80320556E-03-8.11879728E-03 2.56893970E-04 0.00000000E+00 2.53847960E-03
40  6-4.37296876E-03 0.00000000E+00-5.55365370E-03-1.74878605E-02 6.10883534E-01
40  7-5.93395673E-01 0.00000000E+00-1.27564794E-01 0.00000000E+00 2.95417185E-04
40  8 3.80320556E-03-8.11879728E-03-2.56893970E-04 0.00000000E+00 2.53847960E-03
40  9 4.37296876E-03 0.00000000E+00-5.55365370E-03-1.74878605E-02 6.10883534E-01
40 10-5.93395673E-01 0.00000000E+00 1.27564794E-01 0.00000000E+00
41  1 0.00000000E+00 0.00000000E+00 0.00000000E+00 0.00000000E+00 0.00000000E+00
41  2 2.66643003E-02 0.00000000E+00 0.00000000E+00-5.90375582E-02 0.00000000E+00
41  3 0.00000000E+00-1.33603573E-01 0.00000000E+00 0.00000000E+00 0.00000000E+00
41  4 0.00000000E+00 0.00000000E+00 0.00000000E+00-6.19810519E-02 0.00000000E+00
41  5 0.00000000E+00 0.00000000E+00 0.00000000E+00-4.49430727E-02 0.00000000E+00
41  6 0.00000000E+00 8.30190396E-02 0.00000000E+00 0.00000000E+00 0.00000000E+00
41  7 0.00000000E+00 7.04233988E-01 0.00000000E+00-1.08619399E-01 0.00000000E+00
41  8 0.00000000E+00 0.00000000E+00 0.00000000E+00-4.49430727E-02 0.00000000E+00
41  9 0.00000000E+00 8.30190396E-02 0.00000000E+00 0.00000000E+00 0.00000000E+00
41 10 0.00000000E+00-7.04233988E-01 0.00000000E+00-1.08619399E-01
42  1-3.14214488E-03 7.75362890E-03-2.66457474E-02-8.35955220E-02 0.00000000E+00
42  2 0.00000000E+00 2.95420089E-02 0.00000000E+00 0.00000000E+00-7.26129881E-02
42  3 0.00000000E+00 0.00000000E+00-1.42642338E-01 3.14700781E-02 3.73479209E-02
42  4-6.88179990E-02 0.00000000E+00 0.00000000E+00 0.00000000E+00 1.09043187E-03
42  5-7.41249917E-02 1.01291873E-01-3.67218897E-02 0.00000000E+00-4.14536075E-02
42  6 7.92231249E-02 0.00000000E+00 7.78639587E-02 2.94983019E-01-4.03005780E-02
42  7-2.54682441E-01 0.00000000E+00 6.36261060E-01 0.00000000E+00 1.09043187E-03
42  8-7.41249917E-02 1.01291873E-01 3.67218897E-02 0.00000000E+00-4.14536075E-02
42  9-7.92231249E-02 0.00000000E+00 7.78639587E-02 2.94983019E-01-4.03005780E-02
42 10-2.54682441E-01 0.00000000E+00-6.36261060E-01 0.00000000E+00
43  1 0.00000000E+00 0.00000000E+00 0.00000000E+00 0.00000000E+00 3.61215030E-02
43  2 0.00000000E+00 0.00000000E+00-1.46896818E-01 0.00000000E+00 0.00000000E+00
43  3-4.44339315E-02 0.00000000E+00 0.00000000E+00 0.00000000E+00 0.00000000E+00
43  4 0.00000000E+00 0.00000000E+00 2.92082611E-01 0.00000000E+00-3.81135335E-04
43  5 8.64649175E-02-1.17793319E-01 3.17908719E-02 0.00000000E+00-4.44670358E-02
43  6-6.37606264E-02 0.00000000E+00 9.93438339E-02 7.61389779E-02 1.22024666E-01
43  7-1.98163644E-01 0.00000000E+00 6.84755529E-01 0.00000000E+00 3.81135335E-04
43  8-8.64649175E-02 1.17793319E-01 3.17908719E-02 0.00000000E+00 4.44670358E-02
43  9-6.37606264E-02 0.00000000E+00-9.93438339E-02-7.61389779E-02-1.22024666E-01
43 10 1.98163644E-01 0.00000000E+00 6.84755529E-01 0.00000000E+00
44  1 0.00000000E+00 0.00000000E+00 0.00000000E+00 0.00000000E+00 0.00000000E+00
44  2 0.00000000E+00 0.00000000E+00 0.00000000E+00 0.00000000E+00 0.00000000E+00
44  3 0.00000000E+00 0.00000000E+00 0.00000000E+00 0.00000000E+00 0.00000000E+00
44  4 0.00000000E+00 3.45905612E-01 0.00000000E+00 0.00000000E+00 0.00000000E+00
44  5 0.00000000E+00 0.00000000E+00 0.00000000E+00-4.03851471E-02 0.00000000E+00
44  6 0.00000000E+00 9.69254062E-02 0.00000000E+00 0.00000000E+00 0.00000000E+00
44  7 0.00000000E+00 6.92031870E-01 0.00000000E+00-1.84907231E-01 0.00000000E+00
44  8 0.00000000E+00 0.00000000E+00 0.00000000E+00 4.03851471E-02 0.00000000E+00
44  9 0.00000000E+00-9.69254062E-02 0.00000000E+00 0.00000000E+00 0.00000000E+00
44 10 0.00000000E+00 6.92031870E-01 0.00000000E+00 1.84907231E-01
45  1 0.00000000E+00 0.00000000E+00 0.00000000E+00 0.00000000E+00-1.68534250E-01
45  2 0.00000000E+00 0.00000000E+00 7.05599299E-01 0.00000000E+00 0.00000000E+00
45  3 4.25435117E-01 0.00000000E+00 0.00000000E+00 0.00000000E+00 0.00000000E+00
45  4 0.00000000E+00 0.00000000E+00 2.68154085E-01 0.00000000E+00-1.05299111E-02
45  5-5.17389054E-01 8.63998043E-01-9.87698928E-02 0.00000000E+00 1.55902959E-02
45  6 4.91748401E-01 0.00000000E+00-7.11219832E-02 7.14771792E-01-3.40039717E-01
45  7-3.74732075E-01 0.00000000E+00-7.53463910E-02 0.00000000E+00 1.05299111E-02
45  8 5.17389054E-01-8.63998043E-01-9.87698928E-02 0.00000000E+00-1.55902959E-02
45  9 4.91748401E-01 0.00000000E+00 7.11219832E-02-7.14771792E-01 3.40039717E-01
45 10 3.74732075E-01 0.00000000E+00-7.53463910E-02 0.00000000E+00
46  1 1.68102369E-02-1.42827074E-01 1.79872167E-02 1.08303374E+00 0.00000000E+00
46  2 0.00000000E+00-3.11504291E-02 0.00000000E+00 0.00000000E+00 1.35884535E-01
46  3 0.00000000E+00 0.00000000E+00 7.47419913E-02 8.00995830E-01-4.12810920E-01
46  4-3.88184910E-01 0.00000000E+00 0.00000000E+00 0.00000000E+00 2.14241610E-02
46  5 5.07823944E-01-9.30095051E-01 3.96275599E-02 0.00000000E+00-7.12244720E-03
46  6-5.90205759E-01 0.00000000E+00 1.14515525E-01-7.01666840E-01 3.85081481E-01
46  7 3.16585359E-01 0.00000000E+00 3.16987212E-01 0.00000000E+00 2.14241610E-02
46  8 5.07823944E-01-9.30095051E-01-3.96275599E-02 0.00000000E+00-7.12244720E-03
46  9 5.90205759E-01 0.00000000E+00 1.14515525E-01-7.01666840E-01 3.85081481E-01
46 10 3.16585359E-01 0.00000000E+00-3.16987212E-01 0.00000000E+00
 $END   
 POPULATION ANALYSIS
S           15.23521   0.76479  15.29454   0.70546
O            8.38240  -0.38240   8.35273  -0.35273
O            8.38240  -0.38240   8.35273  -0.35273
 MOMENTS AT POINT    1 X,Y,Z=  0.000000  0.000000  0.000000
 DIPOLE       0.000000  0.000000 -0.475546
