 $DATA  
Title                                                                           
CNV      2

S          16.0      0.0000000000      0.0000000000     -0.5163620481
   PC1     0
        
O           8.0      1.4744736797      0.0000000000      0.5160755374
   PC1     0
        
 $END      
 $ZMAT   IZMAT(1)=
         1,   3,   1,
         1,   2,   1,
         2,   2,   1,   3,
 $END
--- CLOSED SHELL ORBITALS --- GENERATED AT Thu Feb 26 00:20:29 2015
Title                                                                           
E(R-PBE)=     -548.1647658355, E(NUC)=   86.7453179154,   28 ITERS
 $VEC   
 1  1 1.00297801E+00-1.02643713E-02 1.79533816E-03-1.01549772E-03 0.00000000E+00
 1  2 0.00000000E+00 5.44289421E-05 0.00000000E+00 0.00000000E+00 1.39895830E-05
 1  3 0.00000000E+00 0.00000000E+00-9.83061223E-05-8.07794935E-06 1.46245007E-05
 1  4-6.54655134E-06 0.00000000E+00 0.00000000E+00 0.00000000E+00-1.44418912E-06
 1  5-2.11102651E-05 1.31514084E-04 4.37220225E-06 0.00000000E+00-9.18681541E-06
 1  6 1.96538766E-05 0.00000000E+00 1.27590240E-05-2.49850120E-05 2.80891542E-05
 1  7-3.10414217E-06 0.00000000E+00 4.71507647E-05 0.00000000E+00-1.44418912E-06
 1  8-2.11102651E-05 1.31514084E-04-4.37220225E-06 0.00000000E+00-9.18681541E-06
 1  9-1.96538766E-05 0.00000000E+00 1.27590240E-05-2.49850120E-05 2.80891542E-05
 1 10-3.10414217E-06 0.00000000E+00-4.71507647E-05 0.00000000E+00
 2  1-8.34551021E-05-1.22994855E-03-2.38540188E-03 7.92033578E-03 0.00000000E+00
 2  2 0.00000000E+00-1.06004786E-04 0.00000000E+00 0.00000000E+00 5.38387101E-04
 2  3 0.00000000E+00 0.00000000E+00 3.72157053E-03 1.02887543E-03-1.19057465E-03
 2  4 1.61699226E-04 0.00000000E+00 0.00000000E+00 0.00000000E+00 7.03265079E-01
 2  5 2.52981540E-02-1.11644940E-02 7.69530083E-04 0.00000000E+00-4.30128953E-04
 2  6-2.81536282E-03 0.00000000E+00 1.25445086E-03-3.00700913E-04 2.20324806E-04
 2  7 8.03761068E-05 0.00000000E+00 2.86225910E-04 0.00000000E+00 7.03265079E-01
 2  8 2.52981540E-02-1.11644940E-02-7.69530083E-04 0.00000000E+00-4.30128953E-04
 2  9 2.81536282E-03 0.00000000E+00 1.25445086E-03-3.00700913E-04 2.20324806E-04
 2 10 8.03761068E-05 0.00000000E+00-2.86225910E-04 0.00000000E+00
 3  1 0.00000000E+00 0.00000000E+00 0.00000000E+00 0.00000000E+00 1.18010133E-04
 3  2 0.00000000E+00 0.00000000E+00-7.05026222E-04 0.00000000E+00 0.00000000E+00
 3  3-3.92561133E-03 0.00000000E+00 0.00000000E+00 0.00000000E+00 0.00000000E+00
 3  4 0.00000000E+00 0.00000000E+00-1.37000669E-03 0.00000000E+00 7.03229424E-01
 3  5 2.48709422E-02-1.00538057E-02 6.32400641E-04 0.00000000E+00-5.54243509E-04
 3  6-1.59745597E-03 0.00000000E+00 1.67635757E-03-1.03159245E-04 1.80967642E-04
 3  7-7.78083967E-05 0.00000000E+00 2.77517204E-04 0.00000000E+00-7.03229424E-01
 3  8-2.48709422E-02 1.00538057E-02 6.32400641E-04 0.00000000E+00 5.54243509E-04
 3  9-1.59745597E-03 0.00000000E+00-1.67635757E-03 1.03159245E-04-1.80967642E-04
 3 10 7.78083967E-05 0.00000000E+00 2.77517204E-04 0.00000000E+00
 4  1-2.74119959E-01 1.03962694E+00 4.05951913E-02-1.29387917E-02 0.00000000E+00
 4  2 0.00000000E+00 7.66981232E-03 0.00000000E+00 0.00000000E+00 5.48645060E-04
 4  3 0.00000000E+00 0.00000000E+00-9.02475816E-04 1.70918463E-04-3.92898010E-05
 4  4-1.31628662E-04 0.00000000E+00 0.00000000E+00 0.00000000E+00 1.00811147E-05
 4  5-1.15045918E-04 1.07010732E-03-6.67729376E-05 0.00000000E+00-6.21440512E-06
 4  6-1.25012884E-05 0.00000000E+00 2.56214134E-04-3.18751857E-04 3.44369360E-04
 4  7-2.56175033E-05 0.00000000E+00 5.71412836E-04 0.00000000E+00 1.00811147E-05
 4  8-1.15045918E-04 1.07010732E-03 6.67729376E-05 0.00000000E+00-6.21440512E-06
 4  9 1.25012884E-05 0.00000000E+00 2.56214134E-04-3.18751857E-04 3.44369360E-04
 4 10-2.56175033E-05 0.00000000E+00-5.71412836E-04 0.00000000E+00
 5  1 0.00000000E+00 0.00000000E+00 0.00000000E+00 0.00000000E+00 9.96868262E-01
 5  2 0.00000000E+00 0.00000000E+00 8.97138864E-03 0.00000000E+00 0.00000000E+00
 5  3-1.49474004E-04 0.00000000E+00 0.00000000E+00 0.00000000E+00 0.00000000E+00
 5  4 0.00000000E+00 0.00000000E+00 3.95823659E-04 0.00000000E+00 3.90150668E-05
 5  5 4.78131695E-05-1.37552802E-05 5.33616302E-06 0.00000000E+00-7.22133588E-06
 5  6-3.46984651E-05 0.00000000E+00 1.94344379E-05-6.79104504E-05 6.81702553E-05
 5  7-2.59804901E-07 0.00000000E+00 1.08719230E-04 0.00000000E+00-3.90150668E-05
 5  8-4.78131695E-05 1.37552802E-05 5.33616302E-06 0.00000000E+00 7.22133588E-06
 5  9-3.46984651E-05 0.00000000E+00-1.94344379E-05 6.79104504E-05-6.81702553E-05
 5 10 2.59804901E-07 0.00000000E+00 1.08719230E-04 0.00000000E+00
 6  1 0.00000000E+00 0.00000000E+00 0.00000000E+00 0.00000000E+00 0.00000000E+00
 6  2 9.96919875E-01 0.00000000E+00 0.00000000E+00 8.85145300E-03 0.00000000E+00
 6  3 0.00000000E+00-1.74475514E-04 0.00000000E+00 0.00000000E+00 0.00000000E+00
 6  4 0.00000000E+00 0.00000000E+00 0.00000000E+00 3.16831030E-04 0.00000000E+00
 6  5 0.00000000E+00 0.00000000E+00 0.00000000E+00 3.08525231E-06 0.00000000E+00
 6  6 0.00000000E+00-4.63686285E-05 0.00000000E+00 0.00000000E+00 0.00000000E+00
 6  7 0.00000000E+00-1.92860164E-05 0.00000000E+00 1.09616553E-05 0.00000000E+00
 6  8 0.00000000E+00 0.00000000E+00 0.00000000E+00 3.08525231E-06 0.00000000E+00
 6  9 0.00000000E+00-4.63686285E-05 0.00000000E+00 0.00000000E+00 0.00000000E+00
 6 10 0.00000000E+00 1.92860164E-05 0.00000000E+00 1.09616553E-05
 7  1 2.06617128E-03-8.08486302E-03-4.66871921E-04 5.91165398E-06 0.00000000E+00
 7  2 0.00000000E+00 9.96916802E-01 0.00000000E+00 0.00000000E+00 8.73810936E-03
 7  3 0.00000000E+00 0.00000000E+00-1.77948728E-04-2.11230363E-04-1.69343074E-04
 7  4 3.80573437E-04 0.00000000E+00 0.00000000E+00 0.00000000E+00-3.41044460E-05
 7  5-9.31485698E-05 1.43418157E-04 1.43378637E-06 0.00000000E+00 9.34558878E-06
 7  6 7.90472208E-05 0.00000000E+00-1.30877209E-04 5.19699357E-05-7.27353883E-05
 7  7 2.07654526E-05 0.00000000E+00-1.32011982E-04 0.00000000E+00-3.41044460E-05
 7  8-9.31485698E-05 1.43418157E-04-1.43378637E-06 0.00000000E+00 9.34558878E-06
 7  9-7.90472208E-05 0.00000000E+00-1.30877209E-04 5.19699357E-05-7.27353883E-05
 7 10 2.07654526E-05 0.00000000E+00 1.32011982E-04 0.00000000E+00
 8  1 4.16220143E-02-1.21076824E-01 2.46610673E-01 1.80524148E-01 0.00000000E+00
 8  2 0.00000000E+00-4.05349423E-02 0.00000000E+00 0.00000000E+00 8.24534338E-02
 8  3 0.00000000E+00 0.00000000E+00 1.09213937E-02 2.19690237E-02-2.10062460E-02
 8  4-9.62777679E-04 0.00000000E+00 0.00000000E+00 0.00000000E+00-1.32325166E-01
 8  5 2.64416232E-01 3.30749757E-01 6.35954658E-02 0.00000000E+00-4.31852510E-02
 8  6 3.34880067E-02 0.00000000E+00-2.32751237E-02 5.93242027E-03-4.15829136E-03
 8  7-1.77412891E-03 0.00000000E+00-1.01443572E-02 0.00000000E+00-1.32325166E-01
 8  8 2.64416232E-01 3.30749757E-01-6.35954658E-02 0.00000000E+00-4.31852510E-02
 8  9-3.34880067E-02 0.00000000E+00-2.32751237E-02 5.93242027E-03-4.15829136E-03
 8 10-1.77412891E-03 0.00000000E+00 1.01443572E-02 0.00000000E+00
 9  1 0.00000000E+00 0.00000000E+00 0.00000000E+00 0.00000000E+00 6.90034751E-02
 9  2 0.00000000E+00 0.00000000E+00-1.40433595E-01 0.00000000E+00 0.00000000E+00
 9  3-3.18146637E-02 0.00000000E+00 0.00000000E+00 0.00000000E+00 0.00000000E+00
 9  4 0.00000000E+00 0.00000000E+00-4.13666553E-02 0.00000000E+00-1.54495833E-01
 9  5 3.13793549E-01 3.96955356E-01 5.02974070E-02 0.00000000E+00-4.02315597E-02
 9  6 2.66131356E-02 0.00000000E+00-2.25433437E-02 3.13424029E-03-2.04480809E-03
 9  7-1.08943220E-03 0.00000000E+00-8.37293921E-03 0.00000000E+00 1.54495833E-01
 9  8-3.13793549E-01-3.96955356E-01 5.02974070E-02 0.00000000E+00 4.02315597E-02
 9  9 2.66131356E-02 0.00000000E+00 2.25433437E-02-3.13424029E-03 2.04480809E-03
 9 10 1.08943220E-03 0.00000000E+00-8.37293921E-03 0.00000000E+00
10  1 7.54802967E-02-2.15431498E-01 4.70823758E-01 4.47680765E-01 0.00000000E+00
10  2 0.00000000E+00 2.46916385E-02 0.00000000E+00 0.00000000E+00-4.94336236E-02
10  3 0.00000000E+00 0.00000000E+00-4.18881011E-02-6.62838625E-03 9.17585407E-03
10  4-2.54746782E-03 0.00000000E+00 0.00000000E+00 0.00000000E+00 9.20307684E-02
10  5-1.92473885E-01-2.81458749E-01 7.12990364E-02 0.00000000E+00-5.36307730E-02
10  6 3.28040361E-02 0.00000000E+00-2.21112996E-02 3.06262350E-03-4.34741886E-03
10  7 1.28479536E-03 0.00000000E+00-4.66850484E-03 0.00000000E+00 9.20307684E-02
10  8-1.92473885E-01-2.81458749E-01-7.12990364E-02 0.00000000E+00-5.36307730E-02
10  9-3.28040361E-02 0.00000000E+00-2.21112996E-02 3.06262350E-03-4.34741886E-03
10 10 1.28479536E-03 0.00000000E+00 4.66850484E-03 0.00000000E+00
11  1 0.00000000E+00 0.00000000E+00 0.00000000E+00 0.00000000E+00-1.87890999E-01
11  2 0.00000000E+00 0.00000000E+00 4.43536667E-01 0.00000000E+00 0.00000000E+00
11  3 1.69016263E-01 0.00000000E+00 0.00000000E+00 0.00000000E+00 0.00000000E+00
11  4 0.00000000E+00 0.00000000E+00 3.95414656E-02 0.00000000E+00-5.04282334E-02
11  5 1.04605457E-01 1.87930335E-01-2.45943809E-01 0.00000000E+00 2.45191327E-01
11  6-1.48605156E-01 0.00000000E+00 1.50390037E-01-2.75619582E-03 7.45408374E-03
11  7-4.69788791E-03 0.00000000E+00 1.23580220E-02 0.00000000E+00 5.04282334E-02
11  8-1.04605457E-01-1.87930335E-01-2.45943809E-01 0.00000000E+00-2.45191327E-01
11  9-1.48605156E-01 0.00000000E+00-1.50390037E-01 2.75619582E-03-7.45408374E-03
11 10 4.69788791E-03 0.00000000E+00 1.23580220E-02 0.00000000E+00
12  1-1.04675126E-02 4.91203814E-02-4.12949831E-02-2.15217285E-01 0.00000000E+00
12  2 0.00000000E+00-2.11885091E-01 0.00000000E+00 0.00000000E+00 4.99516396E-01
12  3 0.00000000E+00 0.00000000E+00 2.62213952E-01-2.28582909E-03-2.10362382E-02
12  4 2.33220673E-02 0.00000000E+00 0.00000000E+00 0.00000000E+00 2.84183722E-02
12  5-5.97846446E-02-1.07207513E-01 2.98367016E-01 0.00000000E+00-1.03540918E-02
12  6 1.92680046E-01 0.00000000E+00-8.14037497E-03 1.37338763E-02-5.89557776E-03
12  7-7.83829852E-03 0.00000000E+00-4.86815553E-03 0.00000000E+00 2.84183722E-02
12  8-5.97846446E-02-1.07207513E-01-2.98367016E-01 0.00000000E+00-1.03540918E-02
12  9-1.92680046E-01 0.00000000E+00-8.14037497E-03 1.37338763E-02-5.89557776E-03
12 10-7.83829852E-03 0.00000000E+00 4.86815553E-03 0.00000000E+00
13  1 0.00000000E+00 0.00000000E+00 0.00000000E+00 0.00000000E+00 0.00000000E+00
13  2-2.15189119E-01 0.00000000E+00 0.00000000E+00 5.08071802E-01 0.00000000E+00
13  3 0.00000000E+00 3.36925880E-01 0.00000000E+00 0.00000000E+00 0.00000000E+00
13  4 0.00000000E+00 0.00000000E+00 0.00000000E+00 2.79615116E-02 0.00000000E+00
13  5 0.00000000E+00 0.00000000E+00 0.00000000E+00 2.76515039E-01 0.00000000E+00
13  6 0.00000000E+00 1.72642301E-01 0.00000000E+00 0.00000000E+00 0.00000000E+00
13  7 0.00000000E+00 1.17973605E-02 0.00000000E+00-8.28955297E-03 0.00000000E+00
13  8 0.00000000E+00 0.00000000E+00 0.00000000E+00 2.76515039E-01 0.00000000E+00
13  9 0.00000000E+00 1.72642301E-01 0.00000000E+00 0.00000000E+00 0.00000000E+00
13 10 0.00000000E+00-1.17973605E-02 0.00000000E+00-8.28955297E-03
14  1 0.00000000E+00 0.00000000E+00 0.00000000E+00 0.00000000E+00 0.00000000E+00
14  2 0.00000000E+00 0.00000000E+00 0.00000000E+00 0.00000000E+00 0.00000000E+00
14  3 0.00000000E+00 0.00000000E+00 0.00000000E+00 0.00000000E+00 0.00000000E+00
14  4 0.00000000E+00-7.05327155E-02 0.00000000E+00 0.00000000E+00 0.00000000E+00
14  5 0.00000000E+00 0.00000000E+00 0.00000000E+00 4.76293688E-01 0.00000000E+00
14  6 0.00000000E+00 3.36869704E-01 0.00000000E+00 0.00000000E+00 0.00000000E+00
14  7 0.00000000E+00 1.02336293E-02 0.00000000E+00-8.38198318E-03 0.00000000E+00
14  8 0.00000000E+00 0.00000000E+00 0.00000000E+00-4.76293688E-01 0.00000000E+00
14  9 0.00000000E+00-3.36869704E-01 0.00000000E+00 0.00000000E+00 0.00000000E+00
14 10 0.00000000E+00 1.02336293E-02 0.00000000E+00 8.38198318E-03
15  1 1.25665694E-02-5.13197688E-02 6.18190931E-02 2.30329160E-01 0.00000000E+00
15  2 0.00000000E+00 4.46402831E-02 0.00000000E+00 0.00000000E+00-1.10665808E-01
15  3 0.00000000E+00 0.00000000E+00-8.87258095E-03-9.20511564E-02 3.05114607E-02
15  4 6.15396957E-02 0.00000000E+00 0.00000000E+00 0.00000000E+00-1.87868996E-03
15  5 7.95108787E-03-1.78836677E-02 5.60399753E-02 0.00000000E+00 4.61889538E-01
15  6 3.63664337E-02 0.00000000E+00 3.37331614E-01 6.27950605E-03 3.33488183E-03
15  7-9.61438788E-03 0.00000000E+00 8.88086504E-03 0.00000000E+00-1.87868996E-03
15  8 7.95108787E-03-1.78836677E-02-5.60399753E-02 0.00000000E+00 4.61889538E-01
15  9-3.63664337E-02 0.00000000E+00 3.37331614E-01 6.27950605E-03 3.33488183E-03
15 10-9.61438788E-03 0.00000000E+00-8.88086504E-03 0.00000000E+00
16  1 0.00000000E+00 0.00000000E+00 0.00000000E+00 0.00000000E+00-1.81507587E-02
16  2 0.00000000E+00 0.00000000E+00 3.65771927E-02 0.00000000E+00 0.00000000E+00
16  3 1.28032164E-01 0.00000000E+00 0.00000000E+00 0.00000000E+00 0.00000000E+00
16  4 0.00000000E+00 0.00000000E+00-6.26358216E-02 0.00000000E+00-2.76035597E-03
16  5 2.15525914E-03 4.17362055E-02 3.74338197E-01 0.00000000E+00 2.99586326E-01
16  6 2.65017416E-01 0.00000000E+00 1.97321943E-01 1.07058363E-02-7.47213141E-04
16  7-9.95862312E-03 0.00000000E+00 1.86443426E-04 0.00000000E+00 2.76035597E-03
16  8-2.15525914E-03-4.17362055E-02 3.74338197E-01 0.00000000E+00-2.99586326E-01
16  9 2.65017416E-01 0.00000000E+00-1.97321943E-01-1.07058363E-02 7.47213141E-04
16 10 9.95862312E-03 0.00000000E+00 1.86443426E-04 0.00000000E+00
17  1 0.00000000E+00 0.00000000E+00 0.00000000E+00 0.00000000E+00 0.00000000E+00
17  2-1.93741464E-01 0.00000000E+00 0.00000000E+00 4.81817018E-01 0.00000000E+00
17  3 0.00000000E+00 3.52293280E-01 0.00000000E+00 0.00000000E+00 0.00000000E+00
17  4 0.00000000E+00 0.00000000E+00 0.00000000E+00-4.36100899E-02 0.00000000E+00
17  5 0.00000000E+00 0.00000000E+00 0.00000000E+00-4.01663583E-01 0.00000000E+00
17  6 0.00000000E+00-3.00292110E-01 0.00000000E+00 0.00000000E+00 0.00000000E+00
17  7 0.00000000E+00-1.85844606E-03 0.00000000E+00 1.10872328E-03 0.00000000E+00
17  8 0.00000000E+00 0.00000000E+00 0.00000000E+00-4.01663583E-01 0.00000000E+00
17  9 0.00000000E+00-3.00292110E-01 0.00000000E+00 0.00000000E+00 0.00000000E+00
17 10 0.00000000E+00 1.85844606E-03 0.00000000E+00 1.10872328E-03
18  1 2.88545816E-02-7.85379943E-02 1.99500169E-01 3.77410875E-01 0.00000000E+00
18  2 0.00000000E+00-1.92914778E-01 0.00000000E+00 0.00000000E+00 4.91526520E-01
18  3 0.00000000E+00 0.00000000E+00 5.43261095E-01-6.88325545E-02 1.01467567E-01
18  4-3.26350122E-02 0.00000000E+00 0.00000000E+00 0.00000000E+00 3.31257004E-02
18  5-6.23913155E-02-2.33206932E-01-3.90273453E-01 0.00000000E+00 6.87637705E-02
18  6-3.44721925E-01 0.00000000E+00 6.22300767E-02 3.00843744E-03 1.12406958E-03
18  7-4.13250702E-03 0.00000000E+00 1.60615147E-03 0.00000000E+00 3.31257004E-02
18  8-6.23913155E-02-2.33206932E-01 3.90273453E-01 0.00000000E+00 6.87637705E-02
18  9 3.44721925E-01 0.00000000E+00 6.22300767E-02 3.00843744E-03 1.12406958E-03
18 10-4.13250702E-03 0.00000000E+00-1.60615147E-03 0.00000000E+00
19  1 0.00000000E+00 0.00000000E+00 0.00000000E+00 0.00000000E+00-2.17294987E-01
19  2 0.00000000E+00 0.00000000E+00 5.49709679E-01 0.00000000E+00 0.00000000E+00
19  3 6.84283182E-01 0.00000000E+00 0.00000000E+00 0.00000000E+00 0.00000000E+00
19  4 0.00000000E+00 0.00000000E+00-1.43908807E-01 0.00000000E+00-3.49143168E-02
19  5 6.07615709E-02 2.82213336E-01 1.58412383E-01 0.00000000E+00-3.15664684E-01
19  6 1.63196263E-01 0.00000000E+00-2.75896085E-01 3.48202173E-03 8.56923349E-04
19  7-4.33894507E-03 0.00000000E+00 8.24487339E-04 0.00000000E+00 3.49143168E-02
19  8-6.07615709E-02-2.82213336E-01 1.58412383E-01 0.00000000E+00 3.15664684E-01
19  9 1.63196263E-01 0.00000000E+00 2.75896085E-01-3.48202173E-03-8.56923349E-04
19 10 4.33894507E-03 0.00000000E+00 8.24487339E-04 0.00000000E+00
20  1 0.00000000E+00 0.00000000E+00 0.00000000E+00 0.00000000E+00 2.76474551E-01
20  2 0.00000000E+00 0.00000000E+00-1.06551914E+00 0.00000000E+00 0.00000000E+00
20  3 1.44093007E+00 0.00000000E+00 0.00000000E+00 0.00000000E+00 0.00000000E+00
20  4 0.00000000E+00 0.00000000E+00-1.30429706E-01 0.00000000E+00-1.18606170E-02
20  5-3.37811090E-02 4.19749875E-01-2.16207456E-01 0.00000000E+00 4.74518075E-02
20  6 1.11087713E-01 0.00000000E+00-1.56298992E-01 2.22544269E-02-2.10454342E-02
20  7-1.20899270E-03 0.00000000E+00-3.60422538E-02 0.00000000E+00 1.18606170E-02
20  8 3.37811090E-02-4.19749875E-01-2.16207456E-01 0.00000000E+00-4.74518075E-02
20  9 1.11087713E-01 0.00000000E+00 1.56298992E-01-2.22544269E-02 2.10454342E-02
20 10 1.20899270E-03 0.00000000E+00-3.60422538E-02 0.00000000E+00
21  1 6.65296393E-03-3.59187887E-02 2.76729190E-02 2.45737990E-01 0.00000000E+00
21  2 0.00000000E+00 2.79129424E-01 0.00000000E+00 0.00000000E+00-1.08086688E+00
21  3 0.00000000E+00 0.00000000E+00 1.36816826E+00 4.91252578E-02 1.51721234E-01
21  4-2.00846492E-01 0.00000000E+00 0.00000000E+00 0.00000000E+00 1.29055109E-02
21  5 1.34260760E-02-3.18988256E-01 9.04695972E-02 0.00000000E+00-1.03546672E-01
21  6-2.11597116E-01 0.00000000E+00 7.37778314E-03-2.50809787E-02 1.69903291E-02
21  7 8.09064957E-03 0.00000000E+00 1.71071286E-02 0.00000000E+00 1.29055109E-02
21  8 1.34260760E-02-3.18988256E-01-9.04695972E-02 0.00000000E+00-1.03546672E-01
21  9 2.11597116E-01 0.00000000E+00 7.37778314E-03-2.50809787E-02 1.69903291E-02
21 10 8.09064957E-03 0.00000000E+00-1.71071286E-02 0.00000000E+00
22  1 0.00000000E+00 0.00000000E+00 0.00000000E+00 0.00000000E+00 0.00000000E+00
22  2 2.93962459E-01 0.00000000E+00 0.00000000E+00-1.13635796E+00 0.00000000E+00
22  3 0.00000000E+00 1.22370857E+00 0.00000000E+00 0.00000000E+00 0.00000000E+00
22  4 0.00000000E+00 0.00000000E+00 0.00000000E+00-1.71439587E-01 0.00000000E+00
22  5 0.00000000E+00 0.00000000E+00 0.00000000E+00-7.17419654E-02 0.00000000E+00
22  6 0.00000000E+00-9.73326176E-02 0.00000000E+00 0.00000000E+00 0.00000000E+00
22  7 0.00000000E+00-1.13104143E-02 0.00000000E+00 5.39811641E-03 0.00000000E+00
22  8 0.00000000E+00 0.00000000E+00 0.00000000E+00-7.17419654E-02 0.00000000E+00
22  9 0.00000000E+00-9.73326176E-02 0.00000000E+00 0.00000000E+00 0.00000000E+00
22 10 0.00000000E+00 1.13104143E-02 0.00000000E+00 5.39811641E-03
23  1-1.04378995E-01-3.85420433E-01-1.62376820E+00 1.97857006E+00 0.00000000E+00
23  2 0.00000000E+00-1.97947506E-02 0.00000000E+00 0.00000000E+00 6.21257708E-02
23  3 0.00000000E+00 0.00000000E+00 1.69920507E-01-3.61022413E-01 3.58778347E-01
23  4 2.24406613E-03 0.00000000E+00 0.00000000E+00 0.00000000E+00 1.72586155E-02
23  5-3.98734601E-02-2.40986716E-01 2.15988060E-02 0.00000000E+00-1.27653993E-01
23  6-1.50529772E-01 0.00000000E+00 1.33189387E-01-1.27916719E-02 2.73850458E-02
23  7-1.45933739E-02 0.00000000E+00 4.09035077E-02 0.00000000E+00 1.72586155E-02
23  8-3.98734601E-02-2.40986716E-01-2.15988060E-02 0.00000000E+00-1.27653993E-01
23  9 1.50529772E-01 0.00000000E+00 1.33189387E-01-1.27916719E-02 2.73850458E-02
23 10-1.45933739E-02 0.00000000E+00-4.09035077E-02 0.00000000E+00
24  1 0.00000000E+00 0.00000000E+00 0.00000000E+00 0.00000000E+00 0.00000000E+00
24  2 0.00000000E+00 0.00000000E+00 0.00000000E+00 0.00000000E+00 0.00000000E+00
24  3 0.00000000E+00 0.00000000E+00 0.00000000E+00 0.00000000E+00 0.00000000E+00
24  4 0.00000000E+00 8.84806562E-01 0.00000000E+00 0.00000000E+00 0.00000000E+00
24  5 0.00000000E+00 0.00000000E+00 0.00000000E+00 2.96371024E-01 0.00000000E+00
24  6 0.00000000E+00-1.75453404E-01 0.00000000E+00 0.00000000E+00 0.00000000E+00
24  7 0.00000000E+00-3.58254792E-02 0.00000000E+00 3.48163157E-02 0.00000000E+00
24  8 0.00000000E+00 0.00000000E+00 0.00000000E+00-2.96371024E-01 0.00000000E+00
24  9 0.00000000E+00 1.75453404E-01 0.00000000E+00 0.00000000E+00 0.00000000E+00
24 10 0.00000000E+00-3.58254792E-02 0.00000000E+00-3.48163157E-02
25  1 1.27106270E-02 4.79445384E-02 1.99229081E-01-2.49508586E-01 0.00000000E+00
25  2 0.00000000E+00 5.69364047E-02 0.00000000E+00 0.00000000E+00-2.13145359E-01
25  3 0.00000000E+00 0.00000000E+00 1.25207980E-01-4.68510866E-01-3.73442217E-01
25  4 8.41953083E-01 0.00000000E+00 0.00000000E+00 0.00000000E+00-4.54248013E-03
25  5 1.61394389E-02 1.11410945E-02-1.71618027E-01 0.00000000E+00-2.75095253E-01
25  6 1.36423101E-01 0.00000000E+00 1.30942141E-01 3.92174786E-02-5.36023914E-03
25  7-3.38572395E-02 0.00000000E+00 2.18329135E-02 0.00000000E+00-4.54248013E-03
25  8 1.61394389E-02 1.11410945E-02 1.71618027E-01 0.00000000E+00-2.75095253E-01
25  9-1.36423101E-01 0.00000000E+00 1.30942141E-01 3.92174786E-02-5.36023914E-03
25 10-3.38572395E-02 0.00000000E+00-2.18329135E-02 0.00000000E+00
26  1 0.00000000E+00 0.00000000E+00 0.00000000E+00 0.00000000E+00 0.00000000E+00
26  2 4.65651292E-02 0.00000000E+00 0.00000000E+00-1.75866884E-01 0.00000000E+00
26  3 0.00000000E+00 1.25384833E-01 0.00000000E+00 0.00000000E+00 0.00000000E+00
26  4 0.00000000E+00 0.00000000E+00 0.00000000E+00 9.13125098E-01 0.00000000E+00
26  5 0.00000000E+00 0.00000000E+00 0.00000000E+00-2.45998509E-01 0.00000000E+00
26  6 0.00000000E+00 1.45859115E-01 0.00000000E+00 0.00000000E+00 0.00000000E+00
26  7 0.00000000E+00 3.51349666E-02 0.00000000E+00-1.01809917E-02 0.00000000E+00
26  8 0.00000000E+00 0.00000000E+00 0.00000000E+00-2.45998509E-01 0.00000000E+00
26  9 0.00000000E+00 1.45859115E-01 0.00000000E+00 0.00000000E+00 0.00000000E+00
26 10 0.00000000E+00-3.51349666E-02 0.00000000E+00-1.01809917E-02
27  1-5.00627463E-02-2.66574709E-01-8.83999492E-01 1.47417019E+00 0.00000000E+00
27  2 0.00000000E+00 9.77143262E-04 0.00000000E+00 0.00000000E+00-3.33465441E-02
27  3 0.00000000E+00 0.00000000E+00 5.19018542E-01 6.92283617E-01-8.34647418E-01
27  4 1.42363801E-01 0.00000000E+00 0.00000000E+00 0.00000000E+00 5.51485593E-02
27  5-2.83079407E-01-1.94114699E-01 4.36910504E-02 0.00000000E+00 3.00338614E-02
27  6-4.30515773E-01 0.00000000E+00 2.02003399E-01-8.50454894E-03-1.11414471E-02
27  7 1.96459960E-02 0.00000000E+00-3.43080040E-03 0.00000000E+00 5.51485593E-02
27  8-2.83079407E-01-1.94114699E-01-4.36910504E-02 0.00000000E+00 3.00338614E-02
27  9 4.30515773E-01 0.00000000E+00 2.02003399E-01-8.50454894E-03-1.11414471E-02
27 10 1.96459960E-02 0.00000000E+00 3.43080040E-03 0.00000000E+00
28  1 0.00000000E+00 0.00000000E+00 0.00000000E+00 0.00000000E+00 6.60075318E-03
28  2 0.00000000E+00 0.00000000E+00-4.92019282E-02 0.00000000E+00 0.00000000E+00
28  3 6.73658871E-01 0.00000000E+00 0.00000000E+00 0.00000000E+00 0.00000000E+00
28  4 0.00000000E+00 0.00000000E+00 9.76408397E-01 0.00000000E+00-5.53510508E-02
28  5 2.86583188E-01 1.42960001E-01-7.41704712E-03 0.00000000E+00 5.90096075E-02
28  6 3.67867904E-01 0.00000000E+00-3.38074901E-01-3.57046678E-02 1.54363131E-02
28  7 2.02683547E-02 0.00000000E+00 2.88225643E-02 0.00000000E+00 5.53510508E-02
28  8-2.86583188E-01-1.42960001E-01-7.41704712E-03 0.00000000E+00-5.90096075E-02
28  9 3.67867904E-01 0.00000000E+00 3.38074901E-01 3.57046678E-02-1.54363131E-02
28 10-2.02683547E-02 0.00000000E+00 2.88225643E-02 0.00000000E+00
29  1-2.06463808E-02-3.52838190E-02-2.81509201E-01-1.54453102E-01 0.00000000E+00
29  2 0.00000000E+00 3.60368302E-02 0.00000000E+00 0.00000000E+00-1.82139541E-01
29  3 0.00000000E+00 0.00000000E+00-2.30346197E-01 3.50115361E-01-2.42168198E-02
29  4-3.25898541E-01 0.00000000E+00 0.00000000E+00 0.00000000E+00-1.30656464E-02
29  5 1.04000067E-01-4.34949311E-03-5.84767823E-01 0.00000000E+00-3.59022796E-02
29  6 7.96576700E-01 0.00000000E+00 5.48103099E-02-4.24819164E-02 6.95110524E-03
29  7 3.55308112E-02 0.00000000E+00 5.39923278E-03 0.00000000E+00-1.30656464E-02
29  8 1.04000067E-01-4.34949311E-03 5.84767823E-01 0.00000000E+00-3.59022796E-02
29  9-7.96576700E-01 0.00000000E+00 5.48103099E-02-4.24819164E-02 6.95110524E-03
29 10 3.55308112E-02 0.00000000E+00-5.39923278E-03 0.00000000E+00
30  1 0.00000000E+00 0.00000000E+00 0.00000000E+00 0.00000000E+00 0.00000000E+00
30  2 0.00000000E+00 0.00000000E+00 0.00000000E+00 0.00000000E+00 0.00000000E+00
30  3 0.00000000E+00 0.00000000E+00 0.00000000E+00 0.00000000E+00 0.00000000E+00
30  4 0.00000000E+00 4.80317579E-01 0.00000000E+00 0.00000000E+00 0.00000000E+00
30  5 0.00000000E+00 0.00000000E+00 0.00000000E+00-5.76179351E-01 0.00000000E+00
30  6 0.00000000E+00 7.38515655E-01 0.00000000E+00 0.00000000E+00 0.00000000E+00
30  7 0.00000000E+00-3.26670897E-02 0.00000000E+00 2.73422250E-02 0.00000000E+00
30  8 0.00000000E+00 0.00000000E+00 0.00000000E+00 5.76179351E-01 0.00000000E+00
30  9 0.00000000E+00-7.38515655E-01 0.00000000E+00 0.00000000E+00 0.00000000E+00
30 10 0.00000000E+00-3.26670897E-02 0.00000000E+00-2.73422250E-02
31  1 0.00000000E+00 0.00000000E+00 0.00000000E+00 0.00000000E+00 4.78734975E-02
31  2 0.00000000E+00 0.00000000E+00-2.40596611E-01 0.00000000E+00 0.00000000E+00
31  3-1.63518182E-01 0.00000000E+00 0.00000000E+00 0.00000000E+00 0.00000000E+00
31  4 0.00000000E+00 0.00000000E+00 2.27057443E-01 0.00000000E+00 8.93613304E-03
31  5-9.25461917E-02 2.76642487E-02 3.24688190E-02 0.00000000E+00-6.25454962E-01
31  6-4.40569596E-02 0.00000000E+00 7.90186330E-01-1.19748062E-02-4.03258683E-03
31  7 1.60073930E-02 0.00000000E+00-1.18068991E-02 0.00000000E+00-8.93613304E-03
31  8 9.25461917E-02-2.76642487E-02 3.24688190E-02 0.00000000E+00 6.25454962E-01
31  9-4.40569596E-02 0.00000000E+00-7.90186330E-01 1.19748062E-02 4.03258683E-03
31 10-1.60073930E-02 0.00000000E+00-1.18068991E-02 0.00000000E+00
32  1 0.00000000E+00 0.00000000E+00 0.00000000E+00 0.00000000E+00 0.00000000E+00
32  2-3.01640952E-02 0.00000000E+00 0.00000000E+00 1.59071454E-01 0.00000000E+00
32  3 0.00000000E+00-5.36523124E-01 0.00000000E+00 0.00000000E+00 0.00000000E+00
32  4 0.00000000E+00 0.00000000E+00 0.00000000E+00-3.81557511E-01 0.00000000E+00
32  5 0.00000000E+00 0.00000000E+00 0.00000000E+00-5.91177131E-01 0.00000000E+00
32  6 0.00000000E+00 8.27746440E-01 0.00000000E+00 0.00000000E+00 0.00000000E+00
32  7 0.00000000E+00-3.56672723E-02 0.00000000E+00 1.88624260E-02 0.00000000E+00
32  8 0.00000000E+00 0.00000000E+00 0.00000000E+00-5.91177131E-01 0.00000000E+00
32  9 0.00000000E+00 8.27746440E-01 0.00000000E+00 0.00000000E+00 0.00000000E+00
32 10 0.00000000E+00 3.56672723E-02 0.00000000E+00 1.88624260E-02
33  1 2.27371498E-02 6.59041807E-02 3.43095265E-01-2.37640514E-02 0.00000000E+00
33  2 0.00000000E+00-6.31332094E-02 0.00000000E+00 0.00000000E+00 3.34813802E-01
33  3 0.00000000E+00 0.00000000E+00-4.11487579E-01 2.63730451E-01 1.06274145E-01
33  4-3.70004595E-01 0.00000000E+00 0.00000000E+00 0.00000000E+00 5.65273603E-03
33  5-5.33961924E-02 9.43543501E-02 9.13112263E-02 0.00000000E+00-5.68681700E-01
33  6-1.06420449E-01 0.00000000E+00 7.90961916E-01-1.02584880E-02-2.12199710E-02
33  7 3.14784590E-02 0.00000000E+00-5.20121123E-02 0.00000000E+00 5.65273603E-03
33  8-5.33961924E-02 9.43543501E-02-9.13112263E-02 0.00000000E+00-5.68681700E-01
33  9 1.06420449E-01 0.00000000E+00 7.90961916E-01-1.02584880E-02-2.12199710E-02
33 10 3.14784590E-02 0.00000000E+00 5.20121123E-02 0.00000000E+00
34  1 0.00000000E+00 0.00000000E+00 0.00000000E+00 0.00000000E+00-8.49244873E-02
34  2 0.00000000E+00 0.00000000E+00 4.58552635E-01 0.00000000E+00 0.00000000E+00
34  3-4.40013174E-01 0.00000000E+00 0.00000000E+00 0.00000000E+00 0.00000000E+00
34  4 0.00000000E+00 0.00000000E+00-1.07598738E-01 0.00000000E+00-2.39742317E-03
34  5 7.67450100E-02-1.76382976E-01-6.22538436E-01 0.00000000E+00-5.19458754E-02
34  6 7.84188610E-01 0.00000000E+00 9.85688245E-02-2.66355461E-02 2.40657313E-02
34  7 2.56981474E-03 0.00000000E+00 2.09972847E-02 0.00000000E+00 2.39742317E-03
34  8-7.67450100E-02 1.76382976E-01-6.22538436E-01 0.00000000E+00 5.19458754E-02
34  9 7.84188610E-01 0.00000000E+00-9.85688245E-02 2.66355461E-02-2.40657313E-02
34 10-2.56981474E-03 0.00000000E+00 2.09972847E-02 0.00000000E+00
35  1 0.00000000E+00 0.00000000E+00 0.00000000E+00 0.00000000E+00-2.31160788E-02
35  2 0.00000000E+00 0.00000000E+00 8.97314865E-02 0.00000000E+00 0.00000000E+00
35  3 9.07908704E-01 0.00000000E+00 0.00000000E+00 0.00000000E+00 0.00000000E+00
35  4 0.00000000E+00 0.00000000E+00 4.19168139E-01 0.00000000E+00 1.56677056E-02
35  5-1.12765862E+00 1.52616579E+00-6.33099284E-02 0.00000000E+00 9.47408354E-02
35  6 3.48713369E-01 0.00000000E+00-4.01667903E-01-7.29742366E-02 9.70614302E-02
35  7-2.40871935E-02 0.00000000E+00 1.65071712E-01 0.00000000E+00-1.56677056E-02
35  8 1.12765862E+00-1.52616579E+00-6.33099284E-02 0.00000000E+00-9.47408354E-02
35  9 3.48713369E-01 0.00000000E+00 4.01667903E-01 7.29742366E-02-9.70614302E-02
35 10 2.40871935E-02 0.00000000E+00 1.65071712E-01 0.00000000E+00
36  1-3.14081823E-02-3.00277972E-01-7.15090690E-01 1.77488612E+00 0.00000000E+00
36  2 0.00000000E+00-1.28077596E-02 0.00000000E+00 0.00000000E+00 4.03407683E-02
36  3 0.00000000E+00 0.00000000E+00 8.01149684E-01 2.82563392E-01-3.23167616E-01
36  4 4.06042245E-02 0.00000000E+00 0.00000000E+00 0.00000000E+00-7.43940572E-03
36  5 1.13026956E+00-1.64749275E+00 1.01746433E-01 0.00000000E+00-2.24095058E-02
36  6-5.86658004E-01 0.00000000E+00 2.29842166E-01 1.64655485E-01-1.15116586E-01
36  7-4.95388987E-02 0.00000000E+00-1.55967714E-01 0.00000000E+00-7.43940572E-03
36  8 1.13026956E+00-1.64749275E+00-1.01746433E-01 0.00000000E+00-2.24095058E-02
36  9 5.86658004E-01 0.00000000E+00 2.29842166E-01 1.64655485E-01-1.15116586E-01
36 10-4.95388987E-02 0.00000000E+00 1.55967714E-01 0.00000000E+00
37  1 0.00000000E+00 0.00000000E+00 0.00000000E+00 0.00000000E+00 7.71923498E-03
37  2 0.00000000E+00 0.00000000E+00-5.20257271E-03 0.00000000E+00 0.00000000E+00
37  3-1.60554201E-01 0.00000000E+00 0.00000000E+00 0.00000000E+00 0.00000000E+00
37  4 0.00000000E+00 0.00000000E+00 3.77825114E-02 0.00000000E+00 1.57562543E-04
37  5 7.23991551E-02-1.26135495E-01-1.62805121E-02 0.00000000E+00-3.32881887E-02
37  6 4.81970629E-03 0.00000000E+00 6.87246068E-02 6.15705699E-01-2.35520782E-01
37  7-3.80184918E-01 0.00000000E+00 3.40692376E-01 0.00000000E+00-1.57562543E-04
37  8-7.23991551E-02 1.26135495E-01-1.62805121E-02 0.00000000E+00 3.32881887E-02
37  9 4.81970629E-03 0.00000000E+00-6.87246068E-02-6.15705699E-01 2.35520782E-01
37 10 3.80184918E-01 0.00000000E+00 3.40692376E-01 0.00000000E+00
38  1 0.00000000E+00 0.00000000E+00 0.00000000E+00 0.00000000E+00 0.00000000E+00
38  2 0.00000000E+00 0.00000000E+00 0.00000000E+00 0.00000000E+00 0.00000000E+00
38  3 0.00000000E+00 0.00000000E+00 0.00000000E+00 0.00000000E+00 0.00000000E+00
38  4 0.00000000E+00 4.14737966E-02 0.00000000E+00 0.00000000E+00 0.00000000E+00
38  5 0.00000000E+00 0.00000000E+00 0.00000000E+00-8.75539082E-03 0.00000000E+00
38  6 0.00000000E+00 1.29590270E-02 0.00000000E+00 0.00000000E+00 0.00000000E+00
38  7 0.00000000E+00 5.59895372E-01 0.00000000E+00 4.32093941E-01 0.00000000E+00
38  8 0.00000000E+00 0.00000000E+00 0.00000000E+00 8.75539082E-03 0.00000000E+00
38  9 0.00000000E+00-1.29590270E-02 0.00000000E+00 0.00000000E+00 0.00000000E+00
38 10 0.00000000E+00 5.59895372E-01 0.00000000E+00-4.32093941E-01
39  1 0.00000000E+00 0.00000000E+00 0.00000000E+00 0.00000000E+00 0.00000000E+00
39  2-3.49460065E-03 0.00000000E+00 0.00000000E+00 3.02255713E-03 0.00000000E+00
39  3 0.00000000E+00 3.78234976E-02 0.00000000E+00 0.00000000E+00 0.00000000E+00
39  4 0.00000000E+00 0.00000000E+00 0.00000000E+00 8.75596557E-03 0.00000000E+00
39  5 0.00000000E+00 0.00000000E+00 0.00000000E+00 1.15098761E-02 0.00000000E+00
39  6 0.00000000E+00-2.01949775E-02 0.00000000E+00 0.00000000E+00 0.00000000E+00
39  7 0.00000000E+00 2.40663047E-01 0.00000000E+00 6.65198578E-01 0.00000000E+00
39  8 0.00000000E+00 0.00000000E+00 0.00000000E+00 1.15098761E-02 0.00000000E+00
39  9 0.00000000E+00-2.01949775E-02 0.00000000E+00 0.00000000E+00 0.00000000E+00
39 10 0.00000000E+00-2.40663047E-01 0.00000000E+00 6.65198578E-01
40  1 0.00000000E+00 0.00000000E+00 0.00000000E+00 0.00000000E+00-9.83825152E-03
40  2 0.00000000E+00 0.00000000E+00 2.94285800E-02 0.00000000E+00 0.00000000E+00
40  3 7.11947527E-02 0.00000000E+00 0.00000000E+00 0.00000000E+00 0.00000000E+00
40  4 0.00000000E+00 0.00000000E+00-1.17987995E-02 0.00000000E+00-5.48528199E-04
40  5-5.10722086E-02 8.24843769E-02-6.32296232E-03 0.00000000E+00 1.55709618E-02
40  6 2.47425591E-02 0.00000000E+00-3.53065724E-02-1.65756090E-02-5.80296048E-01
40  7 5.96871657E-01 0.00000000E+00 1.94600125E-01 0.00000000E+00 5.48528199E-04
40  8 5.10722086E-02-8.24843769E-02-6.32296232E-03 0.00000000E+00-1.55709618E-02
40  9 2.47425591E-02 0.00000000E+00 3.53065724E-02 1.65756090E-02 5.80296048E-01
40 10-5.96871657E-01 0.00000000E+00 1.94600125E-01 0.00000000E+00
41  1-3.95057452E-04-1.46580902E-03-6.29850590E-03 5.02521676E-03 0.00000000E+00
41  2 0.00000000E+00 7.03182531E-04 0.00000000E+00 0.00000000E+00-2.70452955E-03
41  3 0.00000000E+00 0.00000000E+00-1.35463609E-03 1.74232376E-02-3.65706553E-02
41  4 1.91474177E-02 0.00000000E+00 0.00000000E+00 0.00000000E+00 9.91848250E-04
41  5-2.34409653E-03-3.45222117E-03-7.60985373E-03 0.00000000E+00-4.13692693E-04
41  6 6.88268317E-03 0.00000000E+00 3.30387269E-03-1.89968611E-01 6.09105300E-01
41  7-4.19136690E-01 0.00000000E+00-3.33757477E-01 0.00000000E+00 9.91848250E-04
41  8-2.34409653E-03-3.45222117E-03 7.60985373E-03 0.00000000E+00-4.13692693E-04
41  9-6.88268317E-03 0.00000000E+00 3.30387269E-03-1.89968611E-01 6.09105300E-01
41 10-4.19136690E-01 0.00000000E+00 3.33757477E-01 0.00000000E+00
42  1 0.00000000E+00 0.00000000E+00 0.00000000E+00 0.00000000E+00 0.00000000E+00
42  2 0.00000000E+00 0.00000000E+00 0.00000000E+00 0.00000000E+00 0.00000000E+00
42  3 0.00000000E+00 0.00000000E+00 0.00000000E+00 0.00000000E+00 0.00000000E+00
42  4 0.00000000E+00-2.15032120E-01 0.00000000E+00 0.00000000E+00 0.00000000E+00
42  5 0.00000000E+00 0.00000000E+00 0.00000000E+00 2.88747465E-02 0.00000000E+00
42  6 0.00000000E+00-4.82059852E-02 0.00000000E+00 0.00000000E+00 0.00000000E+00
42  7 0.00000000E+00-4.34124483E-01 0.00000000E+00 5.60743197E-01 0.00000000E+00
42  8 0.00000000E+00 0.00000000E+00 0.00000000E+00-2.88747465E-02 0.00000000E+00
42  9 0.00000000E+00 4.82059852E-02 0.00000000E+00 0.00000000E+00 0.00000000E+00
42 10 0.00000000E+00-4.34124483E-01 0.00000000E+00-5.60743197E-01
43  1 0.00000000E+00 0.00000000E+00 0.00000000E+00 0.00000000E+00 0.00000000E+00
43  2 1.22724182E-02 0.00000000E+00 0.00000000E+00-7.25584167E-03 0.00000000E+00
43  3 0.00000000E+00-1.52558850E-01 0.00000000E+00 0.00000000E+00 0.00000000E+00
43  4 0.00000000E+00 0.00000000E+00 0.00000000E+00-1.68190799E-01 0.00000000E+00
43  5 0.00000000E+00 0.00000000E+00 0.00000000E+00-4.41828003E-02 0.00000000E+00
43  6 0.00000000E+00 9.02242806E-02 0.00000000E+00 0.00000000E+00 0.00000000E+00
43  7 0.00000000E+00 6.68550282E-01 0.00000000E+00-2.44478847E-01 0.00000000E+00
43  8 0.00000000E+00 0.00000000E+00 0.00000000E+00-4.41828003E-02 0.00000000E+00
43  9 0.00000000E+00 9.02242806E-02 0.00000000E+00 0.00000000E+00 0.00000000E+00
43 10 0.00000000E+00-6.68550282E-01 0.00000000E+00-2.44478847E-01
44  1-5.63108550E-03-4.64249548E-02-1.19681192E-01 2.63091264E-01 0.00000000E+00
44  2 0.00000000E+00-8.52950001E-03 0.00000000E+00 0.00000000E+00-5.88319596E-03
44  3 0.00000000E+00 0.00000000E+00 2.61898670E-01-1.94647618E-01-4.35781079E-02
44  4 2.38225726E-01 0.00000000E+00 0.00000000E+00 0.00000000E+00 1.08068887E-03
44  5 1.23713200E-01-2.22164754E-01 3.60920658E-02 0.00000000E+00 3.25620247E-02
44  6-1.30419075E-01 0.00000000E+00-5.16283983E-02-5.58574785E-01-1.39302711E-02
44  7 5.72505057E-01 0.00000000E+00-2.83605153E-01 0.00000000E+00 1.08068887E-03
44  8 1.23713200E-01-2.22164754E-01-3.60920658E-02 0.00000000E+00 3.25620247E-02
44  9 1.30419075E-01 0.00000000E+00-5.16283983E-02-5.58574785E-01-1.39302711E-02
44 10 5.72505057E-01 0.00000000E+00 2.83605153E-01 0.00000000E+00
45  1 4.96469636E-03-1.72290982E-01-1.59786933E-01 1.03123798E+00 0.00000000E+00
45  2 0.00000000E+00-8.66073013E-02 0.00000000E+00 0.00000000E+00 3.18091493E-01
45  3 0.00000000E+00 0.00000000E+00 3.61386819E-01 3.52569743E-01-3.73946184E-01
45  4 2.13764418E-02 0.00000000E+00 0.00000000E+00 0.00000000E+00 8.83624647E-03
45  5 5.39241114E-01-8.79605560E-01 9.83647905E-02 0.00000000E+00-5.61882131E-02
45  6-4.55585490E-01 0.00000000E+00 2.59048541E-01-3.81113329E-01 3.57843989E-01
45  7 2.32693396E-02 0.00000000E+00 5.60877399E-01 0.00000000E+00 8.83624647E-03
45  8 5.39241114E-01-8.79605560E-01-9.83647905E-02 0.00000000E+00-5.61882131E-02
45  9 4.55585490E-01 0.00000000E+00 2.59048541E-01-3.81113329E-01 3.57843989E-01
45 10 2.32693396E-02 0.00000000E+00-5.60877399E-01 0.00000000E+00
46  1 0.00000000E+00 0.00000000E+00 0.00000000E+00 0.00000000E+00-1.20259489E-01
46  2 0.00000000E+00 0.00000000E+00 4.47022208E-01 0.00000000E+00 0.00000000E+00
46  3 3.52107690E-01 0.00000000E+00 0.00000000E+00 0.00000000E+00 0.00000000E+00
46  4 0.00000000E+00 0.00000000E+00 5.38843342E-01 0.00000000E+00-9.60232399E-03
46  5-4.33769847E-01 6.95706983E-01-6.75149615E-02 0.00000000E+00 5.33768318E-02
46  6 3.43964945E-01 0.00000000E+00-2.74445155E-01 3.65233295E-01-3.36661052E-01
46  7-2.85722435E-02 0.00000000E+00-6.01957364E-01 0.00000000E+00 9.60232399E-03
46  8 4.33769847E-01-6.95706983E-01-6.75149615E-02 0.00000000E+00-5.33768318E-02
46  9 3.43964945E-01 0.00000000E+00 2.74445155E-01-3.65233295E-01 3.36661052E-01
46 10 2.85722435E-02 0.00000000E+00-6.01957364E-01 0.00000000E+00
 $END   
 POPULATION ANALYSIS
S           15.23860   0.76140  15.26424   0.73576
O            8.38070  -0.38070   8.36788  -0.36788
O            8.38070  -0.38070   8.36788  -0.36788
 MOMENTS AT POINT    1 X,Y,Z=  0.000000  0.000000  0.000000
 DIPOLE       0.000000  0.000000 -2.606502
