 $DATA  
Title                                                                           
CNV      2

S          16.0      0.0000000000      0.0000000000     -0.3804619879
   PC1     0
        
O           8.0      1.6313540167      0.0000000000      0.3802508832
   PC1     0
        
 $END      
 $ZMAT   IZMAT(1)=
         1,   3,   1,
         1,   2,   1,
         2,   2,   1,   3,
 $END
--- CLOSED SHELL ORBITALS --- GENERATED AT Thu Feb 26 00:20:45 2015
Title                                                                           
E(R-PBE)=     -548.1608655728, E(NUC)=   85.6408975280,   28 ITERS
 $VEC   
 1  1 1.00297764E+00-1.02761465E-02 1.77364764E-03-9.58056908E-04 0.00000000E+00
 1  2 0.00000000E+00 5.80186748E-05 0.00000000E+00 0.00000000E+00 4.50684604E-06
 1  3 0.00000000E+00 0.00000000E+00-5.08045638E-05-2.64039337E-06 4.41298521E-06
 1  4-1.77259184E-06 0.00000000E+00 0.00000000E+00 0.00000000E+00-2.24574007E-07
 1  5-5.18660905E-06 9.02734080E-05 8.02124775E-06 0.00000000E+00-8.15741437E-06
 1  6-4.51884751E-06 0.00000000E+00 1.88651616E-05-4.10475056E-05 2.92640758E-05
 1  7 1.17834298E-05 0.00000000E+00 4.06706495E-05 0.00000000E+00-2.24574007E-07
 1  8-5.18660905E-06 9.02734080E-05-8.02124775E-06 0.00000000E+00-8.15741437E-06
 1  9 4.51884751E-06 0.00000000E+00 1.88651616E-05-4.10475056E-05 2.92640758E-05
 1 10 1.17834298E-05 0.00000000E+00-4.06706495E-05 0.00000000E+00
 2  1 0.00000000E+00 0.00000000E+00 0.00000000E+00 0.00000000E+00 1.30935389E-04
 2  2 0.00000000E+00 0.00000000E+00-7.20887737E-04 0.00000000E+00 0.00000000E+00
 2  3-5.19788495E-03 0.00000000E+00 0.00000000E+00 0.00000000E+00 0.00000000E+00
 2  4 0.00000000E+00 0.00000000E+00-1.28907251E-03 0.00000000E+00 7.03252713E-01
 2  5 2.51613410E-02-1.09539061E-02 6.86116609E-04 0.00000000E+00-4.45900777E-04
 2  6-2.08172127E-03 0.00000000E+00 1.56199191E-03-1.84922156E-04 1.70703163E-04
 2  7 1.42189929E-05 0.00000000E+00 2.51825708E-04 0.00000000E+00-7.03252713E-01
 2  8-2.51613410E-02 1.09539061E-02 6.86116609E-04 0.00000000E+00 4.45900777E-04
 2  9-2.08172127E-03 0.00000000E+00-1.56199191E-03 1.84922156E-04-1.70703163E-04
 2 10-1.42189929E-05 0.00000000E+00 2.51825708E-04 0.00000000E+00
 3  1-6.10283286E-05-9.95937888E-04-1.84140077E-03 6.65238448E-03 0.00000000E+00
 3  2 0.00000000E+00-7.16505505E-05 0.00000000E+00 0.00000000E+00 3.90945006E-04
 3  3 0.00000000E+00 0.00000000E+00 2.37952840E-03 1.31556166E-03-9.82933211E-04
 3  4-3.32628448E-04 0.00000000E+00 0.00000000E+00 0.00000000E+00 7.03238811E-01
 3  5 2.49919558E-02-1.02181709E-02 8.29516387E-04 0.00000000E+00-2.35651925E-04
 3  6-2.63633941E-03 0.00000000E+00 6.39536878E-04-3.32457216E-04 2.19961383E-04
 3  7 1.12495833E-04 0.00000000E+00 2.22709801E-04 0.00000000E+00 7.03238811E-01
 3  8 2.49919558E-02-1.02181709E-02-8.29516387E-04 0.00000000E+00-2.35651925E-04
 3  9 2.63633941E-03 0.00000000E+00 6.39536878E-04-3.32457216E-04 2.19961383E-04
 3 10 1.12495833E-04 0.00000000E+00-2.22709801E-04 0.00000000E+00
 4  1-2.74130181E-01 1.03952415E+00 4.03257911E-02-1.23777122E-02 0.00000000E+00
 4  2 0.00000000E+00 8.74933054E-03 0.00000000E+00 0.00000000E+00 5.98476520E-04
 4  3 0.00000000E+00 0.00000000E+00-5.64933562E-04 3.02114601E-04-1.26004981E-04
 4  4-1.76109620E-04 0.00000000E+00 0.00000000E+00 0.00000000E+00 2.18251059E-05
 4  5 1.91392488E-05 7.03538467E-04-4.95979597E-05 0.00000000E+00-1.65337213E-05
 4  6-2.58019341E-04 0.00000000E+00 2.93119075E-04-5.07181597E-04 3.59332679E-04
 4  7 1.47848918E-04 0.00000000E+00 4.94302009E-04 0.00000000E+00 2.18251059E-05
 4  8 1.91392488E-05 7.03538467E-04 4.95979597E-05 0.00000000E+00-1.65337213E-05
 4  9 2.58019341E-04 0.00000000E+00 2.93119075E-04-5.07181597E-04 3.59332679E-04
 4 10 1.47848918E-04 0.00000000E+00-4.94302009E-04 0.00000000E+00
 5  1 0.00000000E+00 0.00000000E+00 0.00000000E+00 0.00000000E+00 9.96891002E-01
 5  2 0.00000000E+00 0.00000000E+00 8.89006030E-03 0.00000000E+00 0.00000000E+00
 5  3-1.15633665E-04 0.00000000E+00 0.00000000E+00 0.00000000E+00 0.00000000E+00
 5  4 0.00000000E+00 0.00000000E+00 5.05871580E-04 0.00000000E+00 4.37323104E-05
 5  5 5.65653246E-05-1.69507764E-05 4.10634451E-06 0.00000000E+00-1.21758539E-05
 5  6-3.83125140E-05 0.00000000E+00 4.70041686E-05-1.06337668E-04 7.98421358E-05
 5  7 2.64955319E-05 0.00000000E+00 1.12988244E-04 0.00000000E+00-4.37323104E-05
 5  8-5.65653246E-05 1.69507764E-05 4.10634451E-06 0.00000000E+00 1.21758539E-05
 5  9-3.83125140E-05 0.00000000E+00-4.70041686E-05 1.06337668E-04-7.98421358E-05
 5 10-2.64955319E-05 0.00000000E+00 1.12988244E-04 0.00000000E+00
 6  1 0.00000000E+00 0.00000000E+00 0.00000000E+00 0.00000000E+00 0.00000000E+00
 6  2 9.96945391E-01 0.00000000E+00 0.00000000E+00 8.77237430E-03 0.00000000E+00
 6  3 0.00000000E+00-1.47351632E-04 0.00000000E+00 0.00000000E+00 0.00000000E+00
 6  4 0.00000000E+00 0.00000000E+00 0.00000000E+00 4.35051994E-04 0.00000000E+00
 6  5 0.00000000E+00 0.00000000E+00 0.00000000E+00 3.13417463E-06 0.00000000E+00
 6  6 0.00000000E+00-4.81396337E-05 0.00000000E+00 0.00000000E+00 0.00000000E+00
 6  7 0.00000000E+00-2.05434192E-05 0.00000000E+00 6.29246829E-06 0.00000000E+00
 6  8 0.00000000E+00 0.00000000E+00 0.00000000E+00 3.13417463E-06 0.00000000E+00
 6  9 0.00000000E+00-4.81396337E-05 0.00000000E+00 0.00000000E+00 0.00000000E+00
 6 10 0.00000000E+00 2.05434192E-05 0.00000000E+00 6.29246829E-06
 7  1 2.39330941E-03-9.21837505E-03-2.26922592E-04-1.86404975E-04 0.00000000E+00
 7  2 0.00000000E+00 9.96942993E-01 0.00000000E+00 0.00000000E+00 8.63931474E-03
 7  3 0.00000000E+00 0.00000000E+00-1.68664370E-04-3.22723109E-04-2.09993065E-04
 7  4 5.32716174E-04 0.00000000E+00 0.00000000E+00 0.00000000E+00-2.92278910E-05
 7  5-1.05001851E-04 1.97433182E-04 1.10056980E-06 0.00000000E+00 7.21036601E-06
 7  6 1.28738870E-04 0.00000000E+00-1.27505212E-04 7.87881005E-05-6.48016262E-05
 7  7-1.39864743E-05 0.00000000E+00-1.08946734E-04 0.00000000E+00-2.92278910E-05
 7  8-1.05001851E-04 1.97433182E-04-1.10056980E-06 0.00000000E+00 7.21036601E-06
 7  9-1.28738870E-04 0.00000000E+00-1.27505212E-04 7.87881005E-05-6.48016262E-05
 7 10-1.39864743E-05 0.00000000E+00 1.08946734E-04 0.00000000E+00
 8  1 4.12776993E-02-1.20954390E-01 2.43281409E-01 1.82569714E-01 0.00000000E+00
 8  2 0.00000000E+00-3.18486407E-02 0.00000000E+00 0.00000000E+00 6.56643568E-02
 8  3 0.00000000E+00 0.00000000E+00 1.08807602E-02 3.14387562E-02-2.13849970E-02
 8  4-1.00537592E-02 0.00000000E+00 0.00000000E+00 0.00000000E+00-1.33653491E-01
 8  5 2.68347856E-01 3.33434998E-01 6.81246393E-02 0.00000000E+00-3.01208671E-02
 8  6 3.53274101E-02 0.00000000E+00-1.57289289E-02 8.67737901E-03-3.91553995E-03
 8  7-4.76183905E-03 0.00000000E+00-6.68337685E-03 0.00000000E+00-1.33653491E-01
 8  8 2.68347856E-01 3.33434998E-01-6.81246393E-02 0.00000000E+00-3.01208671E-02
 8  9-3.53274101E-02 0.00000000E+00-1.57289289E-02 8.67737901E-03-3.91553995E-03
 8 10-4.76183905E-03 0.00000000E+00 6.68337685E-03 0.00000000E+00
 9  1 0.00000000E+00 0.00000000E+00 0.00000000E+00 0.00000000E+00 7.38053390E-02
 9  2 0.00000000E+00 0.00000000E+00-1.49260423E-01 0.00000000E+00 0.00000000E+00
 9  3-3.01118817E-02 0.00000000E+00 0.00000000E+00 0.00000000E+00 0.00000000E+00
 9  4 0.00000000E+00 0.00000000E+00-3.36563539E-02 0.00000000E+00-1.53629308E-01
 9  5 3.10940538E-01 3.95391444E-01 5.81922107E-02 0.00000000E+00-2.81101299E-02
 9  6 3.26576006E-02 0.00000000E+00-1.66613837E-02 6.66040331E-03-2.56094059E-03
 9  7-4.09946272E-03 0.00000000E+00-5.87348314E-03 0.00000000E+00 1.53629308E-01
 9  8-3.10940538E-01-3.95391444E-01 5.81922107E-02 0.00000000E+00 2.81101299E-02
 9  9 3.26576006E-02 0.00000000E+00 1.66613837E-02-6.66040331E-03 2.56094059E-03
 9 10 4.09946272E-03 0.00000000E+00-5.87348314E-03 0.00000000E+00
10  1 7.52743696E-02-2.14829245E-01 4.69557589E-01 4.44612693E-01 0.00000000E+00
10  2 0.00000000E+00 1.13332270E-02 0.00000000E+00 0.00000000E+00-1.93305650E-02
10  3 0.00000000E+00 0.00000000E+00-2.52609736E-02-9.87779899E-03 8.89460364E-03
10  4 9.83195353E-04 0.00000000E+00 0.00000000E+00 0.00000000E+00 9.30712940E-02
10  5-1.94838105E-01-2.88120673E-01 8.85193599E-02 0.00000000E+00-4.11643737E-02
10  6 4.13688914E-02 0.00000000E+00-1.54499799E-02 4.79055620E-03-4.56589477E-03
10  7-2.24661433E-04 0.00000000E+00-4.70243280E-03 0.00000000E+00 9.30712940E-02
10  8-1.94838105E-01-2.88120673E-01-8.85193599E-02 0.00000000E+00-4.11643737E-02
10  9-4.13688914E-02 0.00000000E+00-1.54499799E-02 4.79055620E-03-4.56589477E-03
10 10-2.24661433E-04 0.00000000E+00 4.70243280E-03 0.00000000E+00
11  1 0.00000000E+00 0.00000000E+00 0.00000000E+00 0.00000000E+00-1.83837404E-01
11  2 0.00000000E+00 0.00000000E+00 4.34069339E-01 0.00000000E+00 0.00000000E+00
11  3 1.33347279E-01 0.00000000E+00 0.00000000E+00 0.00000000E+00 0.00000000E+00
11  4 0.00000000E+00 0.00000000E+00 3.45314887E-02 0.00000000E+00-5.19097310E-02
11  5 1.11021500E-01 1.83323162E-01-3.08181007E-01 0.00000000E+00 1.74907001E-01
11  6-1.89218831E-01 0.00000000E+00 1.12002041E-01-8.38869385E-03 7.86808945E-03
11  7 5.20604406E-04 0.00000000E+00 1.17528671E-02 0.00000000E+00 5.19097310E-02
11  8-1.11021500E-01-1.83323162E-01-3.08181007E-01 0.00000000E+00-1.74907001E-01
11  9-1.89218831E-01 0.00000000E+00-1.12002041E-01 8.38869385E-03-7.86808945E-03
11 10-5.20604406E-04 0.00000000E+00 1.17528671E-02 0.00000000E+00
12  1-1.09146166E-02 4.40619236E-02-5.25823364E-02-1.78432806E-01 0.00000000E+00
12  2 0.00000000E+00-2.12142327E-01 0.00000000E+00 0.00000000E+00 4.99452785E-01
12  3 0.00000000E+00 0.00000000E+00 2.94006889E-01-4.53626419E-04-2.13200344E-02
12  4 2.17736608E-02 0.00000000E+00 0.00000000E+00 0.00000000E+00 1.89944190E-02
12  5-3.88655827E-02-7.67100466E-02 2.70295183E-01 0.00000000E+00 1.09184502E-01
12  6 1.73934175E-01 0.00000000E+00 6.88353382E-02 1.35917017E-02-4.35946576E-03
12  7-9.23223590E-03 0.00000000E+00 2.39231239E-03 0.00000000E+00 1.89944190E-02
12  8-3.88655827E-02-7.67100466E-02-2.70295183E-01 0.00000000E+00 1.09184502E-01
12  9-1.73934175E-01 0.00000000E+00 6.88353382E-02 1.35917017E-02-4.35946576E-03
12 10-9.23223590E-03 0.00000000E+00-2.39231239E-03 0.00000000E+00
13  1 0.00000000E+00 0.00000000E+00 0.00000000E+00 0.00000000E+00 0.00000000E+00
13  2-2.11669766E-01 0.00000000E+00 0.00000000E+00 4.99335536E-01 0.00000000E+00
13  3 0.00000000E+00 3.30803753E-01 0.00000000E+00 0.00000000E+00 0.00000000E+00
13  4 0.00000000E+00 0.00000000E+00 0.00000000E+00 2.56203455E-02 0.00000000E+00
13  5 0.00000000E+00 0.00000000E+00 0.00000000E+00 2.84637029E-01 0.00000000E+00
13  6 0.00000000E+00 1.78145650E-01 0.00000000E+00 0.00000000E+00 0.00000000E+00
13  7 0.00000000E+00 1.29601839E-02 0.00000000E+00-5.93407458E-03 0.00000000E+00
13  8 0.00000000E+00 0.00000000E+00 0.00000000E+00 2.84637029E-01 0.00000000E+00
13  9 0.00000000E+00 1.78145650E-01 0.00000000E+00 0.00000000E+00 0.00000000E+00
13 10 0.00000000E+00-1.29601839E-02 0.00000000E+00-5.93407458E-03
14  1 0.00000000E+00 0.00000000E+00 0.00000000E+00 0.00000000E+00 0.00000000E+00
14  2 0.00000000E+00 0.00000000E+00 0.00000000E+00 0.00000000E+00 0.00000000E+00
14  3 0.00000000E+00 0.00000000E+00 0.00000000E+00 0.00000000E+00 0.00000000E+00
14  4 0.00000000E+00-7.55871164E-02 0.00000000E+00 0.00000000E+00 0.00000000E+00
14  5 0.00000000E+00 0.00000000E+00 0.00000000E+00 4.73874517E-01 0.00000000E+00
14  6 0.00000000E+00 3.36250751E-01 0.00000000E+00 0.00000000E+00 0.00000000E+00
14  7 0.00000000E+00 1.18967098E-02 0.00000000E+00-6.02691794E-03 0.00000000E+00
14  8 0.00000000E+00 0.00000000E+00 0.00000000E+00-4.73874517E-01 0.00000000E+00
14  9 0.00000000E+00-3.36250751E-01 0.00000000E+00 0.00000000E+00 0.00000000E+00
14 10 0.00000000E+00 1.18967098E-02 0.00000000E+00 6.02691794E-03
15  1 0.00000000E+00 0.00000000E+00 0.00000000E+00 0.00000000E+00-2.01381752E-02
15  2 0.00000000E+00 0.00000000E+00 4.29099047E-02 0.00000000E+00 0.00000000E+00
15  3 1.09191071E-01 0.00000000E+00 0.00000000E+00 0.00000000E+00 0.00000000E+00
15  4 0.00000000E+00 0.00000000E+00-6.87358326E-02 0.00000000E+00-2.68523591E-03
15  5 4.20864903E-04 4.16983855E-02 2.71603604E-01 0.00000000E+00 3.86662799E-01
15  6 1.98976643E-01 0.00000000E+00 2.65049042E-01 9.49279480E-03-3.52953741E-04
15  7-9.13984106E-03 0.00000000E+00 6.90811253E-03 0.00000000E+00 2.68523591E-03
15  8-4.20864903E-04-4.16983855E-02 2.71603604E-01 0.00000000E+00-3.86662799E-01
15  9 1.98976643E-01 0.00000000E+00-2.65049042E-01-9.49279480E-03 3.52953741E-04
15 10 9.13984106E-03 0.00000000E+00 6.90811253E-03 0.00000000E+00
16  1 1.71827704E-02-6.90341485E-02 8.59698734E-02 3.07057390E-01 0.00000000E+00
16  2 0.00000000E+00 5.21729281E-02 0.00000000E+00 0.00000000E+00-1.29283665E-01
16  3 0.00000000E+00 0.00000000E+00-1.94646384E-02-1.03484478E-01 4.24777770E-02
16  4 6.10067013E-02 0.00000000E+00 0.00000000E+00 0.00000000E+00-1.62672051E-03
16  5 7.24314693E-03-2.38741541E-02-1.14299016E-01 0.00000000E+00 4.53980590E-01
16  6-8.81024947E-02 0.00000000E+00 3.25900323E-01 6.74389550E-04 3.81446586E-03
16  7-4.48885541E-03 0.00000000E+00 1.04999311E-02 0.00000000E+00-1.62672051E-03
16  8 7.24314693E-03-2.38741541E-02 1.14299016E-01 0.00000000E+00 4.53980590E-01
16  9 8.81024947E-02 0.00000000E+00 3.25900323E-01 6.74389550E-04 3.81446586E-03
16 10-4.48885541E-03 0.00000000E+00-1.04999311E-02 0.00000000E+00
17  1 0.00000000E+00 0.00000000E+00 0.00000000E+00 0.00000000E+00 0.00000000E+00
17  2-1.97945162E-01 0.00000000E+00 0.00000000E+00 4.92599384E-01 0.00000000E+00
17  3 0.00000000E+00 3.55513729E-01 0.00000000E+00 0.00000000E+00 0.00000000E+00
17  4 0.00000000E+00 0.00000000E+00 0.00000000E+00-2.67590042E-02 0.00000000E+00
17  5 0.00000000E+00 0.00000000E+00 0.00000000E+00-4.01190621E-01 0.00000000E+00
17  6 0.00000000E+00-2.95743854E-01 0.00000000E+00 0.00000000E+00 0.00000000E+00
17  7 0.00000000E+00-1.01169861E-03 0.00000000E+00 4.17640234E-04 0.00000000E+00
17  8 0.00000000E+00 0.00000000E+00 0.00000000E+00-4.01190621E-01 0.00000000E+00
17  9 0.00000000E+00-2.95743854E-01 0.00000000E+00 0.00000000E+00 0.00000000E+00
17 10 0.00000000E+00 1.01169861E-03 0.00000000E+00 4.17640234E-04
18  1 2.39087371E-02-6.94916355E-02 1.58582394E-01 3.27759239E-01 0.00000000E+00
18  2 0.00000000E+00-1.91513091E-01 0.00000000E+00 0.00000000E+00 4.85378041E-01
18  3 0.00000000E+00 0.00000000E+00 4.50293258E-01-8.26682881E-02 7.55020732E-02
18  4 7.16621495E-03 0.00000000E+00 0.00000000E+00 0.00000000E+00 2.40195506E-02
18  5-4.83909280E-02-1.59421350E-01-3.99580876E-01 0.00000000E+00-7.85350619E-02
18  6-3.22581963E-01 0.00000000E+00-5.46389202E-02 1.33924091E-03 1.16089182E-03
18  7-2.50013273E-03 0.00000000E+00 4.00968817E-03 0.00000000E+00 2.40195506E-02
18  8-4.83909280E-02-1.59421350E-01 3.99580876E-01 0.00000000E+00-7.85350619E-02
18  9 3.22581963E-01 0.00000000E+00-5.46389202E-02 1.33924091E-03 1.16089182E-03
18 10-2.50013273E-03 0.00000000E+00-4.00968817E-03 0.00000000E+00
19  1 0.00000000E+00 0.00000000E+00 0.00000000E+00 0.00000000E+00-2.27697774E-01
19  2 0.00000000E+00 0.00000000E+00 5.84481509E-01 0.00000000E+00 0.00000000E+00
19  3 7.61651246E-01 0.00000000E+00 0.00000000E+00 0.00000000E+00 0.00000000E+00
19  4 0.00000000E+00 0.00000000E+00-1.32478940E-01 0.00000000E+00-4.39065758E-02
19  5 7.95359486E-02 3.48339494E-01 2.36661685E-01 0.00000000E+00-2.62442306E-01
19  6 2.54299811E-01 0.00000000E+00-2.28842069E-01 3.25658835E-03 1.45937603E-03
19  7-4.71596438E-03 0.00000000E+00 4.69021738E-03 0.00000000E+00 4.39065758E-02
19  8-7.95359486E-02-3.48339494E-01 2.36661685E-01 0.00000000E+00 2.62442306E-01
19  9 2.54299811E-01 0.00000000E+00 2.28842069E-01-3.25658835E-03-1.45937603E-03
19 10 4.71596438E-03 0.00000000E+00 4.69021738E-03 0.00000000E+00
20  1 0.00000000E+00 0.00000000E+00 0.00000000E+00 0.00000000E+00 2.64673190E-01
20  2 0.00000000E+00 0.00000000E+00-1.02738138E+00 0.00000000E+00 0.00000000E+00
20  3 1.53734292E+00 0.00000000E+00 0.00000000E+00 0.00000000E+00 0.00000000E+00
20  4 0.00000000E+00 0.00000000E+00-1.58710027E-01 0.00000000E+00-1.75255800E-02
20  5-2.67872809E-02 5.01799509E-01-2.40056645E-01 0.00000000E+00-1.59113089E-03
20  6 1.95343387E-01 0.00000000E+00-1.29912671E-01 3.89499237E-02-2.32273591E-02
20  7-1.57225647E-02 0.00000000E+00-2.78047351E-02 0.00000000E+00 1.75255800E-02
20  8 2.67872809E-02-5.01799509E-01-2.40056645E-01 0.00000000E+00 1.59113089E-03
20  9 1.95343387E-01 0.00000000E+00 1.29912671E-01-3.89499237E-02 2.32273591E-02
20 10 1.57225647E-02 0.00000000E+00-2.78047351E-02 0.00000000E+00
21  1-6.83764506E-03-6.72557991E-02-1.59154135E-01 3.83902860E-01 0.00000000E+00
21  2 0.00000000E+00 2.83820127E-01 0.00000000E+00 0.00000000E+00-1.10040159E+00
21  3 0.00000000E+00 0.00000000E+00 1.30247456E+00-1.79282433E-02 1.52976478E-01
21  4-1.35048234E-01 0.00000000E+00 0.00000000E+00 0.00000000E+00 1.07480823E-02
21  5 4.91751160E-04-2.39658985E-01 5.32328990E-02 0.00000000E+00-1.29071516E-01
21  6-1.63506548E-01 0.00000000E+00-1.92927116E-02-2.44589375E-02 1.53644058E-02
21  7 9.09453172E-03 0.00000000E+00 1.22749020E-02 0.00000000E+00 1.07480823E-02
21  8 4.91751160E-04-2.39658985E-01-5.32328990E-02 0.00000000E+00-1.29071516E-01
21  9 1.63506548E-01 0.00000000E+00-1.92927116E-02-2.44589375E-02 1.53644058E-02
21 10 9.09453172E-03 0.00000000E+00-1.22749020E-02 0.00000000E+00
22  1 0.00000000E+00 0.00000000E+00 0.00000000E+00 0.00000000E+00 0.00000000E+00
22  2 2.94720196E-01 0.00000000E+00 0.00000000E+00-1.13979708E+00 0.00000000E+00
22  3 0.00000000E+00 1.22512504E+00 0.00000000E+00 0.00000000E+00 0.00000000E+00
22  4 0.00000000E+00 0.00000000E+00 0.00000000E+00-1.39689617E-01 0.00000000E+00
22  5 0.00000000E+00 0.00000000E+00 0.00000000E+00-9.08584071E-02 0.00000000E+00
22  6 0.00000000E+00-8.64450772E-02 0.00000000E+00 0.00000000E+00 0.00000000E+00
22  7 0.00000000E+00-9.67659186E-03 0.00000000E+00 2.60726505E-03 0.00000000E+00
22  8 0.00000000E+00 0.00000000E+00 0.00000000E+00-9.08584071E-02 0.00000000E+00
22  9 0.00000000E+00-8.64450772E-02 0.00000000E+00 0.00000000E+00 0.00000000E+00
22 10 0.00000000E+00 9.67659186E-03 0.00000000E+00 2.60726505E-03
23  1-1.07273503E-01-3.80667258E-01-1.64886914E+00 1.94469428E+00 0.00000000E+00
23  2 0.00000000E+00-4.26662081E-02 0.00000000E+00 0.00000000E+00 1.58067002E-01
23  3 0.00000000E+00 0.00000000E+00-3.93832624E-02-3.46993047E-01 2.15566067E-01
23  4 1.31426980E-01 0.00000000E+00 0.00000000E+00 0.00000000E+00 1.23463809E-02
23  5-2.72379523E-02-1.93618335E-01 4.61172083E-02 0.00000000E+00-1.17854660E-01
23  6-1.28088668E-01 0.00000000E+00 1.05550505E-01-2.34368602E-02 2.44318003E-02
23  7-9.94940108E-04 0.00000000E+00 4.01976934E-02 0.00000000E+00 1.23463809E-02
23  8-2.72379523E-02-1.93618335E-01-4.61172083E-02 0.00000000E+00-1.17854660E-01
23  9 1.28088668E-01 0.00000000E+00 1.05550505E-01-2.34368602E-02 2.44318003E-02
23 10-9.94940108E-04 0.00000000E+00-4.01976934E-02 0.00000000E+00
24  1 0.00000000E+00 0.00000000E+00 0.00000000E+00 0.00000000E+00 0.00000000E+00
24  2 0.00000000E+00 0.00000000E+00 0.00000000E+00 0.00000000E+00 0.00000000E+00
24  3 0.00000000E+00 0.00000000E+00 0.00000000E+00 0.00000000E+00 0.00000000E+00
24  4 0.00000000E+00 8.58890334E-01 0.00000000E+00 0.00000000E+00 0.00000000E+00
24  5 0.00000000E+00 0.00000000E+00 0.00000000E+00 3.25555978E-01 0.00000000E+00
24  6 0.00000000E+00-1.95738587E-01 0.00000000E+00 0.00000000E+00 0.00000000E+00
24  7 0.00000000E+00-4.61049614E-02 0.00000000E+00 2.74519633E-02 0.00000000E+00
24  8 0.00000000E+00 0.00000000E+00 0.00000000E+00-3.25555978E-01 0.00000000E+00
24  9 0.00000000E+00 1.95738587E-01 0.00000000E+00 0.00000000E+00 0.00000000E+00
24 10 0.00000000E+00-4.61049614E-02 0.00000000E+00-2.74519633E-02
25  1 8.58446598E-03 3.17009889E-02 1.33698810E-01-1.64753434E-01 0.00000000E+00
25  2 0.00000000E+00 4.42018991E-02 0.00000000E+00 0.00000000E+00-1.63382120E-01
25  3 0.00000000E+00 0.00000000E+00 9.43331015E-02-2.13138787E-01-6.73543223E-01
25  4 8.86682009E-01 0.00000000E+00 0.00000000E+00 0.00000000E+00-3.13545160E-03
25  5 1.42463316E-02 5.38130984E-03-8.59053498E-02 0.00000000E+00-2.07287092E-01
25  6 7.83030338E-02 0.00000000E+00 1.13326427E-01 2.26010670E-02-1.04330149E-02
25  7-1.21680520E-02 0.00000000E+00 2.58166030E-02 0.00000000E+00-3.13545160E-03
25  8 1.42463316E-02 5.38130984E-03 8.59053498E-02 0.00000000E+00-2.07287092E-01
25  9-7.83030338E-02 0.00000000E+00 1.13326427E-01 2.26010670E-02-1.04330149E-02
25 10-1.21680520E-02 0.00000000E+00-2.58166030E-02 0.00000000E+00
26  1 0.00000000E+00 0.00000000E+00 0.00000000E+00 0.00000000E+00 0.00000000E+00
26  2 3.86131039E-02 0.00000000E+00 0.00000000E+00-1.43607994E-01 0.00000000E+00
26  3 0.00000000E+00 9.45446826E-02 0.00000000E+00 0.00000000E+00 0.00000000E+00
26  4 0.00000000E+00 0.00000000E+00 0.00000000E+00 9.48045586E-01 0.00000000E+00
26  5 0.00000000E+00 0.00000000E+00 0.00000000E+00-1.89672135E-01 0.00000000E+00
26  6 0.00000000E+00 1.16826567E-01 0.00000000E+00 0.00000000E+00 0.00000000E+00
26  7 0.00000000E+00 2.98026969E-02 0.00000000E+00 1.07099552E-03 0.00000000E+00
26  8 0.00000000E+00 0.00000000E+00 0.00000000E+00-1.89672135E-01 0.00000000E+00
26  9 0.00000000E+00 1.16826567E-01 0.00000000E+00 0.00000000E+00 0.00000000E+00
26 10 0.00000000E+00-2.98026969E-02 0.00000000E+00 1.07099552E-03
27  1 0.00000000E+00 0.00000000E+00 0.00000000E+00 0.00000000E+00 2.03920352E-02
27  2 0.00000000E+00 0.00000000E+00-1.20164238E-01 0.00000000E+00 0.00000000E+00
27  3 8.23409509E-01 0.00000000E+00 0.00000000E+00 0.00000000E+00 0.00000000E+00
27  4 0.00000000E+00 0.00000000E+00 9.01963144E-01 0.00000000E+00-5.20511765E-02
27  5 2.52207954E-01 2.12271621E-01 7.35366148E-02 0.00000000E+00 2.05909733E-01
27  6 2.95692335E-01 0.00000000E+00-3.73433254E-01-4.01804163E-02 5.79302290E-03
27  7 3.43873934E-02 0.00000000E+00-9.74884223E-03 0.00000000E+00 5.20511765E-02
27  8-2.52207954E-01-2.12271621E-01 7.35366148E-02 0.00000000E+00-2.05909733E-01
27  9 2.95692335E-01 0.00000000E+00 3.73433254E-01 4.01804163E-02-5.79302290E-03
27 10-3.43873934E-02 0.00000000E+00-9.74884223E-03 0.00000000E+00
28  1-4.44236133E-02-2.42490318E-01-7.91285739E-01 1.37516226E+00 0.00000000E+00
28  2 0.00000000E+00-4.41205803E-03 0.00000000E+00 0.00000000E+00-5.31750573E-03
28  3 0.00000000E+00 0.00000000E+00 4.02987383E-01 8.23427070E-01-6.85033945E-01
28  4-1.38393125E-01 0.00000000E+00 0.00000000E+00 0.00000000E+00 5.67040902E-02
28  5-3.11116609E-01-1.29886068E-01 8.91149500E-02 0.00000000E+00 1.25274158E-01
28  6-5.27718212E-01 0.00000000E+00 5.50133209E-02-2.40281880E-03-1.63239910E-02
28  7 1.87268098E-02 0.00000000E+00-2.62028623E-02 0.00000000E+00 5.67040902E-02
28  8-3.11116609E-01-1.29886068E-01-8.91149500E-02 0.00000000E+00 1.25274158E-01
28  9 5.27718212E-01 0.00000000E+00 5.50133209E-02-2.40281880E-03-1.63239910E-02
28 10 1.87268098E-02 0.00000000E+00 2.62028623E-02 0.00000000E+00
29  1 0.00000000E+00 0.00000000E+00 0.00000000E+00 0.00000000E+00-3.53523745E-02
29  2 0.00000000E+00 0.00000000E+00 1.90215490E-01 0.00000000E+00 0.00000000E+00
29  3-2.06546284E-01 0.00000000E+00 0.00000000E+00 0.00000000E+00 0.00000000E+00
29  4 0.00000000E+00 0.00000000E+00 3.69334709E-01 0.00000000E+00-7.20990015E-03
29  5 3.32262677E-02-3.99519580E-02-3.55809406E-01 0.00000000E+00-4.76940725E-01
29  6 5.27252561E-01 0.00000000E+00 5.64242186E-01-4.30519727E-02 1.66692790E-02
29  7 2.63826937E-02 0.00000000E+00 6.79823018E-03 0.00000000E+00 7.20990015E-03
29  8-3.32262677E-02 3.99519580E-02-3.55809406E-01 0.00000000E+00 4.76940725E-01
29  9 5.27252561E-01 0.00000000E+00-5.64242186E-01 4.30519727E-02-1.66692790E-02
29 10-2.63826937E-02 0.00000000E+00 6.79823018E-03 0.00000000E+00
30  1 0.00000000E+00 0.00000000E+00 0.00000000E+00 0.00000000E+00 0.00000000E+00
30  2 0.00000000E+00 0.00000000E+00 0.00000000E+00 0.00000000E+00 0.00000000E+00
30  3 0.00000000E+00 0.00000000E+00 0.00000000E+00 0.00000000E+00 0.00000000E+00
30  4 0.00000000E+00 5.27355915E-01 0.00000000E+00 0.00000000E+00 0.00000000E+00
30  5 0.00000000E+00 0.00000000E+00 0.00000000E+00-5.60971077E-01 0.00000000E+00
30  6 0.00000000E+00 7.30462160E-01 0.00000000E+00 0.00000000E+00 0.00000000E+00
30  7 0.00000000E+00-4.34962875E-02 0.00000000E+00 2.47287110E-02 0.00000000E+00
30  8 0.00000000E+00 0.00000000E+00 0.00000000E+00 5.60971077E-01 0.00000000E+00
30  9 0.00000000E+00-7.30462160E-01 0.00000000E+00 0.00000000E+00 0.00000000E+00
30 10 0.00000000E+00-4.34962875E-02 0.00000000E+00-2.47287110E-02
31  1-3.22276206E-02-8.14074153E-02-4.70869635E-01-3.31744887E-02 0.00000000E+00
31  2 0.00000000E+00 5.13365731E-02 0.00000000E+00 0.00000000E+00-2.71001805E-01
31  3 0.00000000E+00 0.00000000E+00 1.39328395E-01 9.56280489E-02-1.11871656E-01
31  4 1.62436073E-02 0.00000000E+00 0.00000000E+00 0.00000000E+00-1.17275871E-02
31  5 1.20878481E-01-9.39420801E-02-5.19298555E-01 0.00000000E+00 3.34982681E-01
31  6 6.77535288E-01 0.00000000E+00-4.33945196E-01-3.21682975E-02 1.67225920E-02
31  7 1.54457055E-02 0.00000000E+00 2.08782225E-02 0.00000000E+00-1.17275871E-02
31  8 1.20878481E-01-9.39420801E-02 5.19298555E-01 0.00000000E+00 3.34982681E-01
31  9-6.77535288E-01 0.00000000E+00-4.33945196E-01-3.21682975E-02 1.67225920E-02
31 10 1.54457055E-02 0.00000000E+00-2.08782225E-02 0.00000000E+00
32  1 0.00000000E+00 0.00000000E+00 0.00000000E+00 0.00000000E+00 0.00000000E+00
32  2-3.06768474E-02 0.00000000E+00 0.00000000E+00 1.61883866E-01 0.00000000E+00
32  3 0.00000000E+00-5.45123269E-01 0.00000000E+00 0.00000000E+00 0.00000000E+00
32  4 0.00000000E+00 0.00000000E+00 0.00000000E+00-2.93514540E-01 0.00000000E+00
32  5 0.00000000E+00 0.00000000E+00 0.00000000E+00-6.07130751E-01 0.00000000E+00
32  6 0.00000000E+00 8.38317790E-01 0.00000000E+00 0.00000000E+00 0.00000000E+00
32  7 0.00000000E+00-3.08379296E-02 0.00000000E+00 7.81690491E-03 0.00000000E+00
32  8 0.00000000E+00 0.00000000E+00 0.00000000E+00-6.07130751E-01 0.00000000E+00
32  9 0.00000000E+00 8.38317790E-01 0.00000000E+00 0.00000000E+00 0.00000000E+00
32 10 0.00000000E+00 3.08379296E-02 0.00000000E+00 7.81690491E-03
33  1 0.00000000E+00 0.00000000E+00 0.00000000E+00 0.00000000E+00-1.01313296E-01
33  2 0.00000000E+00 0.00000000E+00 5.31475744E-01 0.00000000E+00 0.00000000E+00
33  3-1.68244603E-01 0.00000000E+00 0.00000000E+00 0.00000000E+00 0.00000000E+00
33  4 0.00000000E+00 0.00000000E+00-2.30958131E-01 0.00000000E+00-9.80438247E-03
33  5 1.21469390E-01-1.31708279E-01-4.88826892E-01 0.00000000E+00 3.54576962E-01
33  6 6.28299113E-01 0.00000000E+00-4.60728157E-01-1.33916060E-02 2.14921431E-02
33  7-8.10053712E-03 0.00000000E+00 3.76163882E-02 0.00000000E+00 9.80438247E-03
33  8-1.21469390E-01 1.31708279E-01-4.88826892E-01 0.00000000E+00-3.54576962E-01
33  9 6.28299113E-01 0.00000000E+00 4.60728157E-01 1.33916060E-02-2.14921431E-02
33 10 8.10053712E-03 0.00000000E+00 3.76163882E-02 0.00000000E+00
34  1-5.23406600E-03-1.70603860E-02-7.97363512E-02 6.28803474E-02 0.00000000E+00
34  2 0.00000000E+00-2.43859488E-02 0.00000000E+00 0.00000000E+00 1.25696979E-01
34  3 0.00000000E+00 0.00000000E+00-4.53093380E-01 4.27426946E-01-1.12063389E-02
34  4-4.16220607E-01 0.00000000E+00 0.00000000E+00 0.00000000E+00 1.49464690E-03
34  5 2.99402784E-02-8.17299118E-03-3.15373322E-01 0.00000000E+00-4.74035788E-01
34  6 3.67738113E-01 0.00000000E+00 7.03951684E-01-1.78538903E-02-1.00692911E-02
34  7 2.79231814E-02 0.00000000E+00-5.15243154E-02 0.00000000E+00 1.49464690E-03
34  8 2.99402784E-02-8.17299118E-03 3.15373322E-01 0.00000000E+00-4.74035788E-01
34  9-3.67738113E-01 0.00000000E+00 7.03951684E-01-1.78538903E-02-1.00692911E-02
34 10 2.79231814E-02 0.00000000E+00 5.15243154E-02 0.00000000E+00
35  1-2.59058427E-02-2.60443129E-01-6.03638048E-01 1.57883851E+00 0.00000000E+00
35  2 0.00000000E+00-1.00828772E-02 0.00000000E+00 0.00000000E+00 3.54732579E-02
35  3 0.00000000E+00 0.00000000E+00 5.58160611E-01 3.62790871E-01-2.80977073E-01
35  4-8.18137983E-02 0.00000000E+00 0.00000000E+00 0.00000000E+00-1.21162604E-02
35  5 1.10670456E+00-1.51489242E+00 1.30323795E-01 0.00000000E+00 9.79883506E-03
35  6-6.02239910E-01 0.00000000E+00 1.04027003E-01 1.76661861E-01-1.16707282E-01
35  7-5.99545793E-02 0.00000000E+00-1.17514345E-01 0.00000000E+00-1.21162604E-02
35  8 1.10670456E+00-1.51489242E+00-1.30323795E-01 0.00000000E+00 9.79883506E-03
35  9 6.02239910E-01 0.00000000E+00 1.04027003E-01 1.76661861E-01-1.16707282E-01
35 10-5.99545793E-02 0.00000000E+00 1.17514345E-01 0.00000000E+00
36  1 0.00000000E+00 0.00000000E+00 0.00000000E+00 0.00000000E+00-2.26048392E-02
36  2 0.00000000E+00 0.00000000E+00 7.20811431E-02 0.00000000E+00 0.00000000E+00
36  3 1.16428317E+00 0.00000000E+00 0.00000000E+00 0.00000000E+00 0.00000000E+00
36  4 0.00000000E+00 0.00000000E+00 3.72178359E-01 0.00000000E+00 1.12393021E-02
36  5-1.16562967E+00 1.68175785E+00-6.28447944E-02 0.00000000E+00 9.90926952E-02
36  6 4.30951290E-01 0.00000000E+00-3.68699474E-01-1.33251517E-01 9.21010932E-02
36  7 4.11504237E-02 0.00000000E+00 1.36277245E-01 0.00000000E+00-1.12393021E-02
36  8 1.16562967E+00-1.68175785E+00-6.28447944E-02 0.00000000E+00-9.90926952E-02
36  9 4.30951290E-01 0.00000000E+00 3.68699474E-01 1.33251517E-01-9.21010932E-02
36 10-4.11504237E-02 0.00000000E+00 1.36277245E-01 0.00000000E+00
37  1 0.00000000E+00 0.00000000E+00 0.00000000E+00 0.00000000E+00-2.80385773E-03
37  2 0.00000000E+00 0.00000000E+00 4.31685544E-03 0.00000000E+00 0.00000000E+00
37  3 4.94535730E-02 0.00000000E+00 0.00000000E+00 0.00000000E+00 0.00000000E+00
37  4 0.00000000E+00 0.00000000E+00-3.54078083E-02 0.00000000E+00 5.00873988E-04
37  5-2.66165976E-02 4.18608233E-02-2.95793768E-04 0.00000000E+00 1.21282865E-02
37  6 5.26584988E-03 0.00000000E+00-2.15428724E-02-2.70331307E-01 5.72579476E-01
37  7-3.02248169E-01 0.00000000E+00-4.14848095E-01 0.00000000E+00-5.00873988E-04
37  8 2.66165976E-02-4.18608233E-02-2.95793768E-04 0.00000000E+00-1.21282865E-02
37  9 5.26584988E-03 0.00000000E+00 2.15428724E-02 2.70331307E-01-5.72579476E-01
37 10 3.02248169E-01 0.00000000E+00-4.14848095E-01 0.00000000E+00
38  1 0.00000000E+00 0.00000000E+00 0.00000000E+00 0.00000000E+00 0.00000000E+00
38  2 0.00000000E+00 0.00000000E+00 0.00000000E+00 0.00000000E+00 0.00000000E+00
38  3 0.00000000E+00 0.00000000E+00 0.00000000E+00 0.00000000E+00 0.00000000E+00
38  4 0.00000000E+00 3.43365833E-02 0.00000000E+00 0.00000000E+00 0.00000000E+00
38  5 0.00000000E+00 0.00000000E+00 0.00000000E+00-5.54457011E-03 0.00000000E+00
38  6 0.00000000E+00 8.64499975E-03 0.00000000E+00 0.00000000E+00 0.00000000E+00
38  7 0.00000000E+00 4.30234325E-01 0.00000000E+00 5.61269707E-01 0.00000000E+00
38  8 0.00000000E+00 0.00000000E+00 0.00000000E+00 5.54457011E-03 0.00000000E+00
38  9 0.00000000E+00-8.64499975E-03 0.00000000E+00 0.00000000E+00 0.00000000E+00
38 10 0.00000000E+00 4.30234325E-01 0.00000000E+00-5.61269707E-01
39  1 0.00000000E+00 0.00000000E+00 0.00000000E+00 0.00000000E+00 0.00000000E+00
39  2-3.93289417E-03 0.00000000E+00 0.00000000E+00 4.38386283E-03 0.00000000E+00
39  3 0.00000000E+00 3.66247226E-02 0.00000000E+00 0.00000000E+00 0.00000000E+00
39  4 0.00000000E+00 0.00000000E+00 0.00000000E+00-4.74845760E-03 0.00000000E+00
39  5 0.00000000E+00 0.00000000E+00 0.00000000E+00 9.67052159E-03 0.00000000E+00
39  6 0.00000000E+00-1.66156043E-02 0.00000000E+00 0.00000000E+00 0.00000000E+00
39  7 0.00000000E+00 1.09209459E-01 0.00000000E+00 6.98916328E-01 0.00000000E+00
39  8 0.00000000E+00 0.00000000E+00 0.00000000E+00 9.67052159E-03 0.00000000E+00
39  9 0.00000000E+00-1.66156043E-02 0.00000000E+00 0.00000000E+00 0.00000000E+00
39 10 0.00000000E+00-1.09209459E-01 0.00000000E+00 6.98916328E-01
40  1-8.02811447E-04-3.09505424E-03-1.26836722E-02 1.69566338E-02 0.00000000E+00
40  2 0.00000000E+00 1.66758135E-03 0.00000000E+00 0.00000000E+00-5.62633590E-03
40  3 0.00000000E+00 0.00000000E+00 5.32173804E-03 1.07566217E-02-3.60005345E-02
40  4 2.52439128E-02 0.00000000E+00 0.00000000E+00 0.00000000E+00 8.01050757E-04
40  5 3.76262792E-03-1.15995011E-02-2.60183848E-03 0.00000000E+00 1.12362453E-03
40  6-2.89915030E-03 0.00000000E+00-8.28827566E-04-7.94708805E-02 6.02672682E-01
40  7-5.23201801E-01 0.00000000E+00-2.66518551E-01 0.00000000E+00 8.01050757E-04
40  8 3.76262792E-03-1.15995011E-02 2.60183848E-03 0.00000000E+00 1.12362453E-03
40  9 2.89915030E-03 0.00000000E+00-8.28827566E-04-7.94708805E-02 6.02672682E-01
40 10-5.23201801E-01 0.00000000E+00 2.66518551E-01 0.00000000E+00
41  1 0.00000000E+00 0.00000000E+00 0.00000000E+00 0.00000000E+00 0.00000000E+00
41  2 1.25865131E-02 0.00000000E+00 0.00000000E+00-9.27442896E-03 0.00000000E+00
41  3 0.00000000E+00-1.45179273E-01 0.00000000E+00 0.00000000E+00 0.00000000E+00
41  4 0.00000000E+00 0.00000000E+00 0.00000000E+00-1.26370270E-01 0.00000000E+00
41  5 0.00000000E+00 0.00000000E+00 0.00000000E+00-4.16876457E-02 0.00000000E+00
41  6 0.00000000E+00 8.08479263E-02 0.00000000E+00 0.00000000E+00 0.00000000E+00
41  7 0.00000000E+00 7.02426259E-01 0.00000000E+00-1.12160801E-01 0.00000000E+00
41  8 0.00000000E+00 0.00000000E+00 0.00000000E+00-4.16876457E-02 0.00000000E+00
41  9 0.00000000E+00 8.08479263E-02 0.00000000E+00 0.00000000E+00 0.00000000E+00
41 10 0.00000000E+00-7.02426259E-01 0.00000000E+00-1.12160801E-01
42  1 0.00000000E+00 0.00000000E+00 0.00000000E+00 0.00000000E+00-2.57747732E-02
42  2 0.00000000E+00 0.00000000E+00 8.26082630E-02 0.00000000E+00 0.00000000E+00
42  3 1.33577424E-01 0.00000000E+00 0.00000000E+00 0.00000000E+00 0.00000000E+00
42  4 0.00000000E+00 0.00000000E+00-9.05211049E-02 0.00000000E+00-1.43233886E-05
42  5-1.01967073E-01 1.59092607E-01-1.71116064E-02 0.00000000E+00 3.81646279E-02
42  6 5.23323022E-02 0.00000000E+00-7.35737414E-02-3.25574486E-01-2.64294121E-01
42  7 5.89868607E-01 0.00000000E+00-3.89577107E-01 0.00000000E+00 1.43233886E-05
42  8 1.01967073E-01-1.59092607E-01-1.71116064E-02 0.00000000E+00-3.81646279E-02
42  9 5.23323022E-02 0.00000000E+00 7.35737414E-02 3.25574486E-01 2.64294121E-01
42 10-5.89868607E-01 0.00000000E+00-3.89577107E-01 0.00000000E+00
43  1 0.00000000E+00 0.00000000E+00 0.00000000E+00 0.00000000E+00 0.00000000E+00
43  2 0.00000000E+00 0.00000000E+00 0.00000000E+00 0.00000000E+00 0.00000000E+00
43  3 0.00000000E+00 0.00000000E+00 0.00000000E+00 0.00000000E+00 0.00000000E+00
43  4 0.00000000E+00 2.42243114E-01 0.00000000E+00 0.00000000E+00 0.00000000E+00
43  5 0.00000000E+00 0.00000000E+00 0.00000000E+00-3.14706562E-02 0.00000000E+00
43  6 0.00000000E+00 5.72262038E-02 0.00000000E+00 0.00000000E+00 0.00000000E+00
43  7 0.00000000E+00 5.63815153E-01 0.00000000E+00-4.30940317E-01 0.00000000E+00
43  8 0.00000000E+00 0.00000000E+00 0.00000000E+00 3.14706562E-02 0.00000000E+00
43  9 0.00000000E+00-5.72262038E-02 0.00000000E+00 0.00000000E+00 0.00000000E+00
43 10 0.00000000E+00 5.63815153E-01 0.00000000E+00 4.30940317E-01
44  1 5.61559811E-04 4.24212287E-02 5.85820765E-02-2.57369330E-01 0.00000000E+00
44  2 0.00000000E+00 2.15577428E-02 0.00000000E+00 0.00000000E+00-4.36950625E-02
44  3 0.00000000E+00 0.00000000E+00-2.23623355E-01 8.24513183E-02 7.74600713E-02
44  4-1.59911390E-01 0.00000000E+00 0.00000000E+00 0.00000000E+00 2.12513728E-04
44  5-1.50430228E-01 2.33002139E-01-5.75960727E-02 0.00000000E+00-3.15302064E-02
44  6 1.58041332E-01 0.00000000E+00 5.30716858E-02 5.42799090E-01-7.27169072E-02
44  7-4.70082183E-01 0.00000000E+00 3.95938770E-01 0.00000000E+00 2.12513728E-04
44  8-1.50430228E-01 2.33002139E-01 5.75960727E-02 0.00000000E+00-3.15302064E-02
44  9-1.58041332E-01 0.00000000E+00 5.30716858E-02 5.42799090E-01-7.27169072E-02
44 10-4.70082183E-01 0.00000000E+00-3.95938770E-01 0.00000000E+00
45  1 0.00000000E+00 0.00000000E+00 0.00000000E+00 0.00000000E+00-1.29759935E-01
45  2 0.00000000E+00 0.00000000E+00 4.83172595E-01 0.00000000E+00 0.00000000E+00
45  3 3.78405226E-01 0.00000000E+00 0.00000000E+00 0.00000000E+00 0.00000000E+00
45  4 0.00000000E+00 0.00000000E+00 4.54818355E-01 0.00000000E+00-8.47146487E-03
45  5-4.36165604E-01 7.03724783E-01-7.94085211E-02 0.00000000E+00 4.02344595E-02
45  6 3.81213992E-01 0.00000000E+00-1.89364869E-01 5.81379453E-01-3.26121839E-01
45  7-2.55257613E-01 0.00000000E+00-4.22319095E-01 0.00000000E+00 8.47146487E-03
45  8 4.36165604E-01-7.03724783E-01-7.94085211E-02 0.00000000E+00-4.02344595E-02
45  9 3.81213992E-01 0.00000000E+00 1.89364869E-01-5.81379453E-01 3.26121839E-01
45 10 2.55257613E-01 0.00000000E+00-4.22319095E-01 0.00000000E+00
46  1 6.90936441E-03-1.53299289E-01-1.14622110E-01 9.28143039E-01 0.00000000E+00
46  2 0.00000000E+00-6.19353120E-02 0.00000000E+00 0.00000000E+00 2.36310326E-01
46  3 0.00000000E+00 0.00000000E+00 2.00304504E-01 5.37631620E-01-3.53645707E-01
46  4-1.83985913E-01 0.00000000E+00 0.00000000E+00 0.00000000E+00 9.70634907E-03
46  5 4.83409190E-01-7.76731982E-01 9.28674964E-02 0.00000000E+00-4.06233202E-02
46  6-4.56099167E-01 0.00000000E+00 2.00525729E-01-4.45484075E-01 3.64676161E-01
46  7 8.08079139E-02 0.00000000E+00 5.38233444E-01 0.00000000E+00 9.70634907E-03
46  8 4.83409190E-01-7.76731982E-01-9.28674964E-02 0.00000000E+00-4.06233202E-02
46  9 4.56099167E-01 0.00000000E+00 2.00525729E-01-4.45484075E-01 3.64676161E-01
46 10 8.08079139E-02 0.00000000E+00-5.38233444E-01 0.00000000E+00
 $END   
 POPULATION ANALYSIS
S           15.23889   0.76111  15.27337   0.72663
O            8.38055  -0.38055   8.36332  -0.36332
O            8.38055  -0.38055   8.36332  -0.36332
 MOMENTS AT POINT    1 X,Y,Z=  0.000000  0.000000  0.000000
 DIPOLE       0.000000  0.000000 -1.790628
