 $DATA  
Title                                                                           
CNV      2

S          16.0      0.0000000000      0.0000000000     -0.0784619363
   PC1     0
        
O           8.0      1.7931504566      0.0000000000      0.0784184006
   PC1     0
        
 $END      
 $ZMAT   IZMAT(1)=
         1,   3,   1,
         1,   2,   1,
         2,   2,   1,   3,
 $END
--- CLOSED SHELL ORBITALS --- GENERATED AT Thu Feb 26 00:21:15 2015
Title                                                                           
E(R-PBE)=        0.0000000000, E(NUC)=   84.7042953650,   30 ITERS
 $VEC   
 1  1 1.00297812E+00-1.02886795E-02 1.75687617E-03-9.06929262E-04 0.00000000E+00
 1  2 0.00000000E+00 2.75789401E-05 0.00000000E+00 0.00000000E+00-4.69702472E-06
 1  3 0.00000000E+00 0.00000000E+00-4.30037248E-06 1.05062331E-05-5.23737688E-06
 1  4-5.26885619E-06 0.00000000E+00 0.00000000E+00 0.00000000E+00 9.14011902E-07
 1  5 9.73038962E-06 5.47602673E-05 1.31322708E-05 0.00000000E+00-1.81380400E-06
 1  6-3.33818957E-05 0.00000000E+00 5.29741570E-06-6.18103421E-05 3.13171009E-05
 1  7 3.04932412E-05 0.00000000E+00 1.00310181E-05 0.00000000E+00 9.14011902E-07
 1  8 9.73038962E-06 5.47602673E-05-1.31322708E-05 0.00000000E+00-1.81380400E-06
 1  9 3.33818957E-05 0.00000000E+00 5.29741570E-06-6.18103421E-05 3.13171009E-05
 1 10 3.04932412E-05 0.00000000E+00-1.00310181E-05 0.00000000E+00
 2  1 0.00000000E+00 0.00000000E+00 0.00000000E+00 0.00000000E+00 1.57328111E-04
 2  2 0.00000000E+00 0.00000000E+00-7.49717560E-04 0.00000000E+00 0.00000000E+00
 2  3-7.41293628E-03 0.00000000E+00 0.00000000E+00 0.00000000E+00 0.00000000E+00
 2  4 0.00000000E+00 0.00000000E+00-3.74873368E-04 0.00000000E+00 7.03290367E-01
 2  5 2.58052113E-02-1.26799023E-02 8.01186659E-04 0.00000000E+00-9.52812849E-05
 2  6-3.15102927E-03 0.00000000E+00 4.27245336E-04-2.76029868E-04 1.42872990E-04
 2  7 1.33156878E-04 0.00000000E+00 6.26997497E-05 0.00000000E+00-7.03290367E-01
 2  8-2.58052113E-02 1.26799023E-02 8.01186659E-04 0.00000000E+00 9.52812849E-05
 2  9-3.15102927E-03 0.00000000E+00-4.27245336E-04 2.76029868E-04-1.42872990E-04
 2 10-1.33156878E-04 0.00000000E+00 6.26997497E-05 0.00000000E+00
 3  1-3.95279963E-05-7.62214056E-04-1.31123490E-03 5.30277610E-03 0.00000000E+00
 3  2 0.00000000E+00-1.34120425E-05 0.00000000E+00 0.00000000E+00 7.90308229E-05
 3  3 0.00000000E+00 0.00000000E+00 3.94801830E-04 1.51968673E-03-7.71084875E-04
 3  4-7.48601858E-04 0.00000000E+00 0.00000000E+00 0.00000000E+00 7.03208263E-01
 3  5 2.46482076E-02-9.24790802E-03 6.78081506E-04 0.00000000E+00-1.80047443E-05
 3  6-2.15229588E-03 0.00000000E+00 8.38288451E-05-4.27191620E-04 2.18851489E-04
 3  7 2.08340131E-04 0.00000000E+00 7.22734233E-05 0.00000000E+00 7.03208263E-01
 3  8 2.46482076E-02-9.24790802E-03-6.78081506E-04 0.00000000E+00-1.80047443E-05
 3  9 2.15229588E-03 0.00000000E+00 8.38288451E-05-4.27191620E-04 2.18851489E-04
 3 10 2.08340131E-04 0.00000000E+00-7.22734233E-05 0.00000000E+00
 4  1-2.74154881E-01 1.03947094E+00 4.00040605E-02-1.18411237E-02 0.00000000E+00
 4  2 0.00000000E+00 4.50014762E-03 0.00000000E+00 0.00000000E+00 2.88730073E-04
 4  3 0.00000000E+00 0.00000000E+00-1.44979802E-04 4.72669864E-04-2.30520476E-04
 4  4-2.42149389E-04 0.00000000E+00 0.00000000E+00 0.00000000E+00 3.24058145E-05
 4  5 1.37952253E-04 3.80522323E-04-2.83634100E-05 0.00000000E+00-5.19039524E-06
 4  6-5.32512589E-04 0.00000000E+00 8.27657714E-05-7.40012147E-04 3.74698669E-04
 4  7 3.65313478E-04 0.00000000E+00 1.18410582E-04 0.00000000E+00 3.24058145E-05
 4  8 1.37952253E-04 3.80522323E-04 2.83634100E-05 0.00000000E+00-5.19039524E-06
 4  9 5.32512589E-04 0.00000000E+00 8.27657714E-05-7.40012147E-04 3.74698669E-04
 4 10 3.65313478E-04 0.00000000E+00-1.18410582E-04 0.00000000E+00
 5  1 0.00000000E+00 0.00000000E+00 0.00000000E+00 0.00000000E+00 9.96971414E-01
 5  2 0.00000000E+00 0.00000000E+00 8.62770412E-03 0.00000000E+00 0.00000000E+00
 5  3-3.27801705E-04 0.00000000E+00 0.00000000E+00 0.00000000E+00 0.00000000E+00
 5  4 0.00000000E+00 0.00000000E+00 2.69010140E-04 0.00000000E+00 5.89054430E-05
 5  5 1.68919760E-04-2.93138428E-04 1.01421999E-05 0.00000000E+00-1.04630263E-05
 5  6-2.29871580E-04 0.00000000E+00 5.78742344E-05-2.28453565E-04 1.16800736E-04
 5  7 1.11652829E-04 0.00000000E+00 5.00034925E-05 0.00000000E+00-5.89054430E-05
 5  8-1.68919760E-04 2.93138428E-04 1.01421999E-05 0.00000000E+00 1.04630263E-05
 5  9-2.29871580E-04 0.00000000E+00-5.78742344E-05 2.28453565E-04-1.16800736E-04
 5 10-1.11652829E-04 0.00000000E+00 5.00034925E-05 0.00000000E+00
 6  1 0.00000000E+00 0.00000000E+00 0.00000000E+00 0.00000000E+00 0.00000000E+00
 6  2 9.97011780E-01 0.00000000E+00 0.00000000E+00 8.56815176E-03 0.00000000E+00
 6  3 0.00000000E+00-8.88976161E-05 0.00000000E+00 0.00000000E+00 0.00000000E+00
 6  4 0.00000000E+00 0.00000000E+00 0.00000000E+00 2.68566714E-04 0.00000000E+00
 6  5 0.00000000E+00 0.00000000E+00 0.00000000E+00-2.48504473E-06 0.00000000E+00
 6  6 0.00000000E+00-2.80199749E-05 0.00000000E+00 0.00000000E+00 0.00000000E+00
 6  7 0.00000000E+00-9.68704289E-06 0.00000000E+00-1.04347401E-06 0.00000000E+00
 6  8 0.00000000E+00 0.00000000E+00 0.00000000E+00-2.48504473E-06 0.00000000E+00
 6  9 0.00000000E+00-2.80199749E-05 0.00000000E+00 0.00000000E+00 0.00000000E+00
 6 10 0.00000000E+00 9.68704289E-06 0.00000000E+00-1.04347401E-06
 7  1 1.25250174E-03-4.73684515E-03 6.89974510E-05-2.11674996E-04 0.00000000E+00
 7  2 0.00000000E+00 9.97008436E-01 0.00000000E+00 0.00000000E+00 8.54469115E-03
 7  3 0.00000000E+00 0.00000000E+00-9.11859724E-05-2.29322067E-04-1.17757151E-04
 7  4 3.47079218E-04 0.00000000E+00 0.00000000E+00 0.00000000E+00-9.74158499E-06
 7  5-5.25680467E-05 1.21626945E-04 2.90752961E-06 0.00000000E+00-2.19820000E-06
 7  6 9.08237910E-05 0.00000000E+00-3.81808866E-05 4.96789445E-05-2.42834260E-05
 7  7-2.53955185E-05 0.00000000E+00-1.86897276E-05 0.00000000E+00-9.74158499E-06
 7  8-5.25680467E-05 1.21626945E-04-2.90752961E-06 0.00000000E+00-2.19820000E-06
 7  9-9.08237910E-05 0.00000000E+00-3.81808866E-05 4.96789445E-05-2.42834260E-05
 7 10-2.53955185E-05 0.00000000E+00 1.86897276E-05 0.00000000E+00
 8  1 4.01964973E-02-1.20074997E-01 2.33618926E-01 1.87160043E-01 0.00000000E+00
 8  2 0.00000000E+00-8.36996849E-03 0.00000000E+00 0.00000000E+00 1.80439067E-02
 8  3 0.00000000E+00 0.00000000E+00 4.49300107E-03 4.28251447E-02-2.16976660E-02
 8  4-2.11274788E-02 0.00000000E+00 0.00000000E+00 0.00000000E+00-1.35905081E-01
 8  5 2.74580912E-01 3.38312674E-01 6.80786564E-02 0.00000000E+00-4.71081465E-03
 8  6 3.29590976E-02 0.00000000E+00-2.23007506E-03 6.97207577E-03-3.22787867E-03
 8  7-3.74419710E-03 0.00000000E+00 4.08906911E-04 0.00000000E+00-1.35905081E-01
 8  8 2.74580912E-01 3.38312674E-01-6.80786564E-02 0.00000000E+00-4.71081465E-03
 8  9-3.29590976E-02 0.00000000E+00-2.23007506E-03 6.97207577E-03-3.22787867E-03
 8 10-3.74419710E-03 0.00000000E+00-4.08906911E-04 0.00000000E+00
 9  1 0.00000000E+00 0.00000000E+00 0.00000000E+00 0.00000000E+00 7.70135227E-02
 9  2 0.00000000E+00 0.00000000E+00-1.53593485E-01 0.00000000E+00 0.00000000E+00
 9  3-2.66726502E-02 0.00000000E+00 0.00000000E+00 0.00000000E+00 0.00000000E+00
 9  4 0.00000000E+00 0.00000000E+00-8.49984201E-03 0.00000000E+00-1.53595425E-01
 9  5 3.08230415E-01 3.99137556E-01 5.92446414E-02 0.00000000E+00-4.30062642E-03
 9  6 3.82386624E-02 0.00000000E+00-2.98392180E-03 6.85745557E-03-3.14516873E-03
 9  7-3.71228684E-03 0.00000000E+00 3.79873643E-04 0.00000000E+00 1.53595425E-01
 9  8-3.08230415E-01-3.99137556E-01 5.92446414E-02 0.00000000E+00 4.30062642E-03
 9  9 3.82386624E-02 0.00000000E+00 2.98392180E-03-6.85745557E-03 3.14516873E-03
 9 10 3.71228684E-03 0.00000000E+00 3.79873643E-04 0.00000000E+00
10  1 7.53708440E-02-2.17718946E-01 4.66461642E-01 4.54758500E-01 0.00000000E+00
10  2 0.00000000E+00-3.61134797E-03 0.00000000E+00 0.00000000E+00 1.08785214E-02
10  3 0.00000000E+00 0.00000000E+00 9.50999554E-04-1.30654203E-02 6.82110621E-03
10  4 6.24431412E-03 0.00000000E+00 0.00000000E+00 0.00000000E+00 9.18045928E-02
10  5-1.90892569E-01-2.90572006E-01 1.02156341E-01 0.00000000E+00-6.46014707E-03
10  6 4.42137642E-02 0.00000000E+00-1.65022212E-03 8.37251557E-03-4.41188644E-03
10  7-3.96062913E-03 0.00000000E+00-1.87050203E-03 0.00000000E+00 9.18045928E-02
10  8-1.90892569E-01-2.90572006E-01-1.02156341E-01 0.00000000E+00-6.46014707E-03
10  9-4.42137642E-02 0.00000000E+00-1.65022212E-03 8.37251557E-03-4.41188644E-03
10 10-3.96062913E-03 0.00000000E+00 1.87050203E-03 0.00000000E+00
11  1 0.00000000E+00 0.00000000E+00 0.00000000E+00 0.00000000E+00-1.82865660E-01
11  2 0.00000000E+00 0.00000000E+00 4.30652271E-01 0.00000000E+00 0.00000000E+00
11  3 9.64356855E-02 0.00000000E+00 0.00000000E+00 0.00000000E+00 0.00000000E+00
11  4 0.00000000E+00 0.00000000E+00 1.20410850E-02 0.00000000E+00-5.13626026E-02
11  5 1.16777156E-01 1.66128307E-01-3.54291728E-01 0.00000000E+00 2.31429421E-02
11  6-2.31889993E-01 0.00000000E+00 1.59290899E-02-1.59773681E-02 8.19642241E-03
11  7 7.78094573E-03 0.00000000E+00 2.97304892E-03 0.00000000E+00 5.13626026E-02
11  8-1.16777156E-01-1.66128307E-01-3.54291728E-01 0.00000000E+00-2.31429421E-02
11  9-2.31889993E-01 0.00000000E+00-1.59290899E-02 1.59773681E-02-8.19642241E-03
11 10-7.78094573E-03 0.00000000E+00 2.97304892E-03 0.00000000E+00
12  1 0.00000000E+00 0.00000000E+00 0.00000000E+00 0.00000000E+00 0.00000000E+00
12  2-2.06930143E-01 0.00000000E+00 0.00000000E+00 4.86541376E-01 0.00000000E+00
12  3 0.00000000E+00 3.27643859E-01 0.00000000E+00 0.00000000E+00 0.00000000E+00
12  4 0.00000000E+00 0.00000000E+00 0.00000000E+00 9.59856569E-03 0.00000000E+00
12  5 0.00000000E+00 0.00000000E+00 0.00000000E+00 2.92897461E-01 0.00000000E+00
12  6 0.00000000E+00 1.84164757E-01 0.00000000E+00 0.00000000E+00 0.00000000E+00
12  7 0.00000000E+00 1.34202604E-02 0.00000000E+00-1.03000602E-03 0.00000000E+00
12  8 0.00000000E+00 0.00000000E+00 0.00000000E+00 2.92897461E-01 0.00000000E+00
12  9 0.00000000E+00 1.84164757E-01 0.00000000E+00 0.00000000E+00 0.00000000E+00
12 10 0.00000000E+00-1.34202604E-02 0.00000000E+00-1.03000602E-03
13  1-4.06964842E-03 1.30109453E-02-2.40598671E-02-4.28705655E-02 0.00000000E+00
13  2 0.00000000E+00-2.06878346E-01 0.00000000E+00 0.00000000E+00 4.86236233E-01
13  3 0.00000000E+00 0.00000000E+00 3.26624261E-01-1.45074921E-03-7.61175661E-03
13  4 9.06250582E-03 0.00000000E+00 0.00000000E+00 0.00000000E+00 2.82751215E-03
13  5-5.22172361E-03-1.35208577E-02 6.58395469E-02 0.00000000E+00 2.85188575E-01
13  6 4.17265852E-02 0.00000000E+00 1.79488614E-01 3.33211207E-03-7.98600453E-04
13  7-2.53351161E-03 0.00000000E+00 1.29487779E-02 0.00000000E+00 2.82751215E-03
13  8-5.22172361E-03-1.35208577E-02-6.58395469E-02 0.00000000E+00 2.85188575E-01
13  9-4.17265852E-02 0.00000000E+00 1.79488614E-01 3.33211207E-03-7.98600453E-04
13 10-2.53351161E-03 0.00000000E+00-1.29487779E-02 0.00000000E+00
14  1 0.00000000E+00 0.00000000E+00 0.00000000E+00 0.00000000E+00 0.00000000E+00
14  2 0.00000000E+00 0.00000000E+00 0.00000000E+00 0.00000000E+00 0.00000000E+00
14  3 0.00000000E+00 0.00000000E+00 0.00000000E+00 0.00000000E+00 0.00000000E+00
14  4 0.00000000E+00-7.93261717E-02 0.00000000E+00 0.00000000E+00 0.00000000E+00
14  5 0.00000000E+00 0.00000000E+00 0.00000000E+00 4.71477424E-01 0.00000000E+00
14  6 0.00000000E+00 3.36578247E-01 0.00000000E+00 0.00000000E+00 0.00000000E+00
14  7 0.00000000E+00 1.25536487E-02 0.00000000E+00-1.07561409E-03 0.00000000E+00
14  8 0.00000000E+00 0.00000000E+00 0.00000000E+00-4.71477424E-01 0.00000000E+00
14  9 0.00000000E+00-3.36578247E-01 0.00000000E+00 0.00000000E+00 0.00000000E+00
14 10 0.00000000E+00 1.25536487E-02 0.00000000E+00 1.07561409E-03
15  1 0.00000000E+00 0.00000000E+00 0.00000000E+00 0.00000000E+00-1.03702120E-02
15  2 0.00000000E+00 0.00000000E+00 2.40792166E-02 0.00000000E+00 0.00000000E+00
15  3 2.74262899E-02 0.00000000E+00 0.00000000E+00 0.00000000E+00 0.00000000E+00
15  4 0.00000000E+00 0.00000000E+00-7.86407145E-02 0.00000000E+00-1.78466056E-03
15  5 2.41587832E-03 1.45556288E-02 4.73929052E-02 0.00000000E+00 4.68515690E-01
15  6 3.69493257E-02 0.00000000E+00 3.34294242E-01 1.49586459E-03 1.85143633E-04
15  7-1.68100822E-03 0.00000000E+00 1.24755827E-02 0.00000000E+00 1.78466056E-03
15  8-2.41587832E-03-1.45556288E-02 4.73929052E-02 0.00000000E+00-4.68515690E-01
15  9 3.69493257E-02 0.00000000E+00-3.34294242E-01-1.49586459E-03-1.85143633E-04
15 10 1.68100822E-03 0.00000000E+00 1.24755827E-02 0.00000000E+00
16  1 2.77828778E-02-1.01863534E-01 1.52485816E-01 4.50171487E-01 0.00000000E+00
16  2 0.00000000E+00 2.90215575E-02 0.00000000E+00 0.00000000E+00-7.08676089E-02
16  3 0.00000000E+00 0.00000000E+00-3.05175281E-02-1.40774311E-01 7.04876582E-02
16  4 7.02866532E-02 0.00000000E+00 0.00000000E+00 0.00000000E+00 3.18935180E-03
16  5-7.24916782E-03-4.62959692E-02-4.47519886E-01 0.00000000E+00 1.54507796E-01
16  6-3.22756803E-01 0.00000000E+00 1.11073230E-01-7.49189719E-03 3.93528841E-03
16  7 3.55660879E-03 0.00000000E+00 3.04997417E-03 0.00000000E+00 3.18935180E-03
16  8-7.24916782E-03-4.62959692E-02 4.47519886E-01 0.00000000E+00 1.54507796E-01
16  9 3.22756803E-01 0.00000000E+00 1.11073230E-01-7.49189719E-03 3.93528841E-03
16 10 3.55660879E-03 0.00000000E+00-3.04997417E-03 0.00000000E+00
17  1 0.00000000E+00 0.00000000E+00 0.00000000E+00 0.00000000E+00 0.00000000E+00
17  2-2.01341752E-01 0.00000000E+00 0.00000000E+00 5.00115914E-01 0.00000000E+00
17  3 0.00000000E+00 3.63445366E-01 0.00000000E+00 0.00000000E+00 0.00000000E+00
17  4 0.00000000E+00 0.00000000E+00 0.00000000E+00-7.40014809E-04 0.00000000E+00
17  5 0.00000000E+00 0.00000000E+00 0.00000000E+00-3.98040668E-01 0.00000000E+00
17  6 0.00000000E+00-2.92867548E-01 0.00000000E+00 0.00000000E+00 0.00000000E+00
17  7 0.00000000E+00 1.30525762E-04 0.00000000E+00-1.94855847E-07 0.00000000E+00
17  8 0.00000000E+00 0.00000000E+00 0.00000000E+00-3.98040668E-01 0.00000000E+00
17  9 0.00000000E+00-2.92867548E-01 0.00000000E+00 0.00000000E+00 0.00000000E+00
17 10 0.00000000E+00-1.30525762E-04 0.00000000E+00-1.94855847E-07
18  1 7.03330573E-03-2.29958156E-02 4.29946173E-02 1.08916172E-01 0.00000000E+00
18  2 0.00000000E+00-1.99206448E-01 0.00000000E+00 0.00000000E+00 4.95440774E-01
18  3 0.00000000E+00 0.00000000E+00 3.65640666E-01-3.45992751E-02 1.80647999E-02
18  4 1.65344752E-02 0.00000000E+00 0.00000000E+00 0.00000000E+00 4.81514804E-03
18  5-1.00843280E-02-3.30980373E-02-1.49543882E-01 0.00000000E+00-3.71327177E-01
18  6-1.11943170E-01 0.00000000E+00-2.73531126E-01-1.06435995E-03 5.62388177E-04
18  7 5.01971772E-04 0.00000000E+00 6.73915628E-04 0.00000000E+00 4.81514804E-03
18  8-1.00843280E-02-3.30980373E-02 1.49543882E-01 0.00000000E+00-3.71327177E-01
18  9 1.11943170E-01 0.00000000E+00-2.73531126E-01-1.06435995E-03 5.62388177E-04
18 10 5.01971772E-04 0.00000000E+00-6.73915628E-04 0.00000000E+00
19  1 0.00000000E+00 0.00000000E+00 0.00000000E+00 0.00000000E+00-2.49638042E-01
19  2 0.00000000E+00 0.00000000E+00 6.61783689E-01 0.00000000E+00 0.00000000E+00
19  3 8.57982843E-01 0.00000000E+00 0.00000000E+00 0.00000000E+00 0.00000000E+00
19  4 0.00000000E+00 0.00000000E+00-3.52448619E-02 0.00000000E+00-5.82593920E-02
19  5 1.17391167E-01 4.34000327E-01 3.60223508E-01 0.00000000E+00-6.61096361E-02
19  6 3.88629823E-01 0.00000000E+00-5.58455030E-02-4.76196927E-03 2.70536702E-03
19  7 2.05660225E-03 0.00000000E+00 3.48367410E-03 0.00000000E+00 5.82593920E-02
19  8-1.17391167E-01-4.34000327E-01 3.60223508E-01 0.00000000E+00 6.61096361E-02
19  9 3.88629823E-01 0.00000000E+00 5.58455030E-02 4.76196927E-03-2.70536702E-03
19 10-2.05660225E-03 0.00000000E+00 3.48367410E-03 0.00000000E+00
20  1 0.00000000E+00 0.00000000E+00 0.00000000E+00 0.00000000E+00 2.40912859E-01
20  2 0.00000000E+00 0.00000000E+00-9.74732343E-01 0.00000000E+00 0.00000000E+00
20  3 1.88193901E+00 0.00000000E+00 0.00000000E+00 0.00000000E+00 0.00000000E+00
20  4 0.00000000E+00 0.00000000E+00-1.21792865E-01 0.00000000E+00-3.92063013E-02
20  5 4.02459591E-02 6.78647690E-01-1.95349436E-01 0.00000000E+00-4.75139026E-02
20  6 3.73330483E-01 0.00000000E+00-2.36359986E-02 5.13813475E-02-2.52819606E-02
20  7-2.60993869E-02 0.00000000E+00 4.45330866E-04 0.00000000E+00 3.92063013E-02
20  8-4.02459591E-02-6.78647690E-01-1.95349436E-01 0.00000000E+00 4.75139026E-02
20  9 3.73330483E-01 0.00000000E+00 2.36359986E-02-5.13813475E-02 2.52819606E-02
20 10 2.60993869E-02 0.00000000E+00 4.45330866E-04 0.00000000E+00
21  1-3.60778566E-02-1.36192292E-01-5.64642870E-01 7.04197164E-01 0.00000000E+00
21  2 0.00000000E+00 2.80418884E-01 0.00000000E+00 0.00000000E+00-1.08338943E+00
21  3 0.00000000E+00 0.00000000E+00 1.16831427E+00-8.22981157E-02 7.60730402E-02
21  4 6.22507548E-03 0.00000000E+00 0.00000000E+00 0.00000000E+00 5.58550753E-03
21  5-4.43871545E-03-1.11616685E-01 4.50986556E-02 0.00000000E+00-1.17025347E-01
21  6-8.49233333E-02 0.00000000E+00-6.25354011E-02-2.13243417E-02 1.08282302E-02
21  7 1.04961116E-02 0.00000000E+00-2.12030546E-03 0.00000000E+00 5.58550753E-03
21  8-4.43871545E-03-1.11616685E-01-4.50986556E-02 0.00000000E+00-1.17025347E-01
21  9 8.49233333E-02 0.00000000E+00-6.25354011E-02-2.13243417E-02 1.08282302E-02
21 10 1.04961116E-02 0.00000000E+00 2.12030546E-03 0.00000000E+00
22  1 0.00000000E+00 0.00000000E+00 0.00000000E+00 0.00000000E+00 0.00000000E+00
22  2 2.97927465E-01 0.00000000E+00 0.00000000E+00-1.15085443E+00 0.00000000E+00
22  3 0.00000000E+00 1.22781605E+00 0.00000000E+00 0.00000000E+00 0.00000000E+00
22  4 0.00000000E+00 0.00000000E+00 0.00000000E+00-4.19845736E-02 0.00000000E+00
22  5 0.00000000E+00 0.00000000E+00 0.00000000E+00-1.12283671E-01 0.00000000E+00
22  6 0.00000000E+00-7.55129555E-02 0.00000000E+00 0.00000000E+00 0.00000000E+00
22  7 0.00000000E+00-6.62632700E-03 0.00000000E+00 5.67243915E-05 0.00000000E+00
22  8 0.00000000E+00 0.00000000E+00 0.00000000E+00-1.12283671E-01 0.00000000E+00
22  9 0.00000000E+00-7.55129555E-02 0.00000000E+00 0.00000000E+00 0.00000000E+00
22 10 0.00000000E+00 6.62632700E-03 0.00000000E+00 5.67243915E-05
23  1-1.05661235E-01-3.67969104E-01-1.61456749E+00 1.88429896E+00 0.00000000E+00
23  2 0.00000000E+00-9.97462437E-02 0.00000000E+00 0.00000000E+00 3.85249777E-01
23  3 0.00000000E+00 0.00000000E+00-3.89290161E-01-2.64796428E-01 1.20823894E-01
23  4 1.43972534E-01 0.00000000E+00 0.00000000E+00 0.00000000E+00 9.42698544E-03
23  5-1.34524106E-02-1.83277871E-01 1.07063049E-01 0.00000000E+00 8.78789487E-03
23  6-1.46597353E-01 0.00000000E+00 4.33250617E-02-4.52527477E-02 2.31524044E-02
23  7 2.21003433E-02 0.00000000E+00 1.18754573E-02 0.00000000E+00 9.42698544E-03
23  8-1.34524106E-02-1.83277871E-01-1.07063049E-01 0.00000000E+00 8.78789487E-03
23  9 1.46597353E-01 0.00000000E+00 4.33250617E-02-4.52527477E-02 2.31524044E-02
23 10 2.21003433E-02 0.00000000E+00-1.18754573E-02 0.00000000E+00
24  1 0.00000000E+00 0.00000000E+00 0.00000000E+00 0.00000000E+00 0.00000000E+00
24  2 0.00000000E+00 0.00000000E+00 0.00000000E+00 0.00000000E+00 0.00000000E+00
24  3 0.00000000E+00 0.00000000E+00 0.00000000E+00 0.00000000E+00 0.00000000E+00
24  4 0.00000000E+00 8.31835181E-01 0.00000000E+00 0.00000000E+00 0.00000000E+00
24  5 0.00000000E+00 0.00000000E+00 0.00000000E+00 3.52344005E-01 0.00000000E+00
24  6 0.00000000E+00-2.15384584E-01 0.00000000E+00 0.00000000E+00 0.00000000E+00
24  7 0.00000000E+00-5.64515386E-02 0.00000000E+00 5.81447651E-03 0.00000000E+00
24  8 0.00000000E+00 0.00000000E+00 0.00000000E+00-3.52344005E-01 0.00000000E+00
24  9 0.00000000E+00 2.15384584E-01 0.00000000E+00 0.00000000E+00 0.00000000E+00
24 10 0.00000000E+00-5.64515386E-02 0.00000000E+00-5.81447651E-03
25  1 0.00000000E+00 0.00000000E+00 0.00000000E+00 0.00000000E+00 2.91588179E-02
25  2 0.00000000E+00 0.00000000E+00-1.36453565E-01 0.00000000E+00 0.00000000E+00
25  3 4.40433475E-01 0.00000000E+00 0.00000000E+00 0.00000000E+00 0.00000000E+00
25  4 0.00000000E+00 0.00000000E+00 8.23909770E-01 0.00000000E+00-1.82569002E-02
25  5 6.38722956E-02 1.49194088E-01 2.58053654E-02 0.00000000E+00 3.43693101E-01
25  6 1.12917106E-01 0.00000000E+00-2.31436293E-01-3.44411462E-03-3.23005139E-03
25  7 6.67416601E-03 0.00000000E+00-5.54989332E-02 0.00000000E+00 1.82569002E-02
25  8-6.38722956E-02-1.49194088E-01 2.58053654E-02 0.00000000E+00-3.43693101E-01
25  9 1.12917106E-01 0.00000000E+00 2.31436293E-01 3.44411462E-03 3.23005139E-03
25 10-6.67416601E-03 0.00000000E+00-5.54989332E-02 0.00000000E+00
26  1 0.00000000E+00 0.00000000E+00 0.00000000E+00 0.00000000E+00 0.00000000E+00
26  2 1.32556980E-02 0.00000000E+00 0.00000000E+00-4.79691666E-02 0.00000000E+00
26  3 0.00000000E+00 2.99878659E-02 0.00000000E+00 0.00000000E+00 0.00000000E+00
26  4 0.00000000E+00 0.00000000E+00 0.00000000E+00 9.96453309E-01 0.00000000E+00
26  5 0.00000000E+00 0.00000000E+00 0.00000000E+00-4.24053346E-02 0.00000000E+00
26  6 0.00000000E+00 2.63263626E-02 0.00000000E+00 0.00000000E+00 0.00000000E+00
26  7 0.00000000E+00 6.92892154E-03 0.00000000E+00 1.52714244E-02 0.00000000E+00
26  8 0.00000000E+00 0.00000000E+00 0.00000000E+00-4.24053346E-02 0.00000000E+00
26  9 0.00000000E+00 2.63263626E-02 0.00000000E+00 0.00000000E+00 0.00000000E+00
26 10 0.00000000E+00-6.92892154E-03 0.00000000E+00 1.52714244E-02
27  1 3.75081558E-04 9.64149497E-04 5.28609018E-03-5.13323681E-03 0.00000000E+00
27  2 0.00000000E+00 1.34274967E-02 0.00000000E+00 0.00000000E+00-4.86268306E-02
27  3 0.00000000E+00 0.00000000E+00 3.06627947E-02-5.42313332E-03-8.60194199E-01
27  4 8.65617332E-01 0.00000000E+00 0.00000000E+00 0.00000000E+00-2.88630660E-05
27  5 3.24710763E-04-4.93845495E-04-3.39690416E-03 0.00000000E+00-4.24817805E-02
27  6 2.55614539E-03 0.00000000E+00 2.61846538E-02 9.26921733E-04-1.36878711E-02
27  7 1.27609494E-02 0.00000000E+00 6.88664576E-03 0.00000000E+00-2.88630660E-05
27  8 3.24710763E-04-4.93845495E-04 3.39690416E-03 0.00000000E+00-4.24817805E-02
27  9-2.55614539E-03 0.00000000E+00 2.61846538E-02 9.26921733E-04-1.36878711E-02
27 10 1.27609494E-02 0.00000000E+00-6.88664576E-03 0.00000000E+00
28  1-2.58888885E-02-1.78276760E-01-5.03161199E-01 1.17848013E+00 0.00000000E+00
28  2 0.00000000E+00-4.31318082E-03 0.00000000E+00 0.00000000E+00 1.27519384E-02
28  3 0.00000000E+00 0.00000000E+00 1.06655006E-01 8.71576529E-01-4.48852641E-01
28  4-4.22723888E-01 0.00000000E+00 0.00000000E+00 0.00000000E+00 5.93198052E-02
28  5-3.55886798E-01-3.57487270E-02 1.84539685E-01 0.00000000E+00 7.02936161E-02
28  6-7.17509434E-01 0.00000000E+00-3.92821406E-02 5.01512615E-02-2.64211578E-02
28  7-2.37301037E-02 0.00000000E+00-1.53447146E-02 0.00000000E+00 5.93198052E-02
28  8-3.55886798E-01-3.57487270E-02-1.84539685E-01 0.00000000E+00 7.02936161E-02
28  9 7.17509434E-01 0.00000000E+00-3.92821406E-02 5.01512615E-02-2.64211578E-02
28 10-2.37301037E-02 0.00000000E+00 1.53447146E-02 0.00000000E+00
29  1 0.00000000E+00 0.00000000E+00 0.00000000E+00 0.00000000E+00-5.03780597E-02
29  2 0.00000000E+00 0.00000000E+00 2.64927623E-01 0.00000000E+00 0.00000000E+00
29  3-5.09140347E-02 0.00000000E+00 0.00000000E+00 0.00000000E+00 0.00000000E+00
29  4 0.00000000E+00 0.00000000E+00 5.05972441E-01 0.00000000E+00-1.18247996E-02
29  5 9.52081847E-02-5.60759909E-02-2.97070709E-01 0.00000000E+00-4.65535915E-01
29  6 4.51938978E-01 0.00000000E+00 6.10864696E-01-3.90750394E-02 1.53896983E-02
29  7 2.36853411E-02 0.00000000E+00-4.47145597E-02 0.00000000E+00 1.18247996E-02
29  8-9.52081847E-02 5.60759909E-02-2.97070709E-01 0.00000000E+00 4.65535915E-01
29  9 4.51938978E-01 0.00000000E+00-6.10864696E-01 3.90750394E-02-1.53896983E-02
29 10-2.36853411E-02 0.00000000E+00-4.47145597E-02 0.00000000E+00
30  1 0.00000000E+00 0.00000000E+00 0.00000000E+00 0.00000000E+00 0.00000000E+00
30  2 0.00000000E+00 0.00000000E+00 0.00000000E+00 0.00000000E+00 0.00000000E+00
30  3 0.00000000E+00 0.00000000E+00 0.00000000E+00 0.00000000E+00 0.00000000E+00
30  4 0.00000000E+00 5.71569888E-01 0.00000000E+00 0.00000000E+00 0.00000000E+00
30  5 0.00000000E+00 0.00000000E+00 0.00000000E+00-5.46166946E-01 0.00000000E+00
30  6 0.00000000E+00 7.26034688E-01 0.00000000E+00 0.00000000E+00 0.00000000E+00
30  7 0.00000000E+00-5.88420558E-02 0.00000000E+00 5.93639291E-03 0.00000000E+00
30  8 0.00000000E+00 0.00000000E+00 0.00000000E+00 5.46166946E-01 0.00000000E+00
30  9 0.00000000E+00-7.26034688E-01 0.00000000E+00 0.00000000E+00 0.00000000E+00
30 10 0.00000000E+00-5.88420558E-02 0.00000000E+00-5.93639291E-03
31  1 0.00000000E+00 0.00000000E+00 0.00000000E+00 0.00000000E+00 0.00000000E+00
31  2-2.87303292E-02 0.00000000E+00 0.00000000E+00 1.54955365E-01 0.00000000E+00
31  3 0.00000000E+00-5.42773370E-01 0.00000000E+00 0.00000000E+00 0.00000000E+00
31  4 0.00000000E+00 0.00000000E+00 0.00000000E+00-6.44208363E-02 0.00000000E+00
31  5 0.00000000E+00 0.00000000E+00 0.00000000E+00-6.30053328E-01 0.00000000E+00
31  6 0.00000000E+00 8.45046439E-01 0.00000000E+00 0.00000000E+00 0.00000000E+00
31  7 0.00000000E+00-1.75137539E-02 0.00000000E+00-8.21639326E-05 0.00000000E+00
31  8 0.00000000E+00 0.00000000E+00 0.00000000E+00-6.30053328E-01 0.00000000E+00
31  9 0.00000000E+00 8.45046439E-01 0.00000000E+00 0.00000000E+00 0.00000000E+00
31 10 0.00000000E+00 1.75137539E-02 0.00000000E+00-8.21639326E-05
32  1 7.38450456E-03 1.66983592E-02 1.05796805E-01 2.94067189E-02 0.00000000E+00
32  2 0.00000000E+00-3.01210781E-02 0.00000000E+00 0.00000000E+00 1.62225096E-01
32  3 0.00000000E+00 0.00000000E+00-5.26479039E-01 5.62413645E-02 2.58861500E-02
32  4-8.21275145E-02 0.00000000E+00 0.00000000E+00 0.00000000E+00 3.64276738E-03
32  5-2.49134464E-02 1.73913868E-02 9.19938653E-02 0.00000000E+00-6.21746016E-01
32  6-1.34584876E-01 0.00000000E+00 8.34366774E-01 1.05543021E-02-5.31807454E-03
32  7-5.23622760E-03 0.00000000E+00-1.90098087E-02 0.00000000E+00 3.64276738E-03
32  8-2.49134464E-02 1.73913868E-02-9.19938653E-02 0.00000000E+00-6.21746016E-01
32  9 1.34584876E-01 0.00000000E+00 8.34366774E-01 1.05543021E-02-5.31807454E-03
32 10-5.23622760E-03 0.00000000E+00 1.90098087E-02 0.00000000E+00
33  1 0.00000000E+00 0.00000000E+00 0.00000000E+00 0.00000000E+00-9.80058592E-02
33  2 0.00000000E+00 0.00000000E+00 5.14984101E-01 0.00000000E+00 0.00000000E+00
33  3-1.01672333E-01 0.00000000E+00 0.00000000E+00 0.00000000E+00 0.00000000E+00
33  4 0.00000000E+00 0.00000000E+00-2.64614850E-01 0.00000000E+00-1.71959610E-02
33  5 1.74596779E-01-1.36558140E-01-5.05027365E-01 0.00000000E+00 2.88105571E-01
33  6 7.10442974E-01 0.00000000E+00-3.88849008E-01-4.42028885E-02 2.50130192E-02
33  7 1.91898693E-02 0.00000000E+00 3.66720917E-02 0.00000000E+00 1.71959610E-02
33  8-1.74596779E-01 1.36558140E-01-5.05027365E-01 0.00000000E+00-2.88105571E-01
33  9 7.10442974E-01 0.00000000E+00 3.88849008E-01 4.42028885E-02-2.50130192E-02
33 10-1.91898693E-02 0.00000000E+00 3.66720917E-02 0.00000000E+00
34  1 4.05535385E-02 1.34439015E-01 6.27926402E-01-3.12025832E-01 0.00000000E+00
34  2 0.00000000E+00-6.10185924E-04 0.00000000E+00 0.00000000E+00 6.92363527E-03
34  3 0.00000000E+00 0.00000000E+00 8.97491793E-02-4.33344910E-01 2.08109803E-01
34  4 2.25235107E-01 0.00000000E+00 0.00000000E+00 0.00000000E+00-9.42249076E-03
34  5 1.61526487E-02 7.19903559E-02 6.02804428E-01 0.00000000E+00 7.20513956E-02
34  6-6.05121291E-01 0.00000000E+00-1.25576929E-01 1.00037026E-04 7.00422400E-04
34  7-8.00459425E-04 0.00000000E+00 1.22004612E-02 0.00000000E+00-9.42249076E-03
34  8 1.61526487E-02 7.19903559E-02-6.02804428E-01 0.00000000E+00 7.20513956E-02
34  9 6.05121291E-01 0.00000000E+00-1.25576929E-01 1.00037026E-04 7.00422400E-04
34 10-8.00459425E-04 0.00000000E+00-1.22004612E-02 0.00000000E+00
35  1 2.07874465E-02 2.20148097E-01 4.96606972E-01-1.35769878E+00 0.00000000E+00
35  2 0.00000000E+00 2.79849170E-03 0.00000000E+00 0.00000000E+00-1.04566898E-02
35  3 0.00000000E+00 0.00000000E+00-1.01032017E-01-4.70882395E-01 2.39601625E-01
35  4 2.31280770E-01 0.00000000E+00 0.00000000E+00 0.00000000E+00 1.72689782E-02
35  5-1.08245901E+00 1.37920777E+00-9.45503146E-02 0.00000000E+00-7.87457909E-03
35  6 5.26266658E-01 0.00000000E+00-1.25794674E-02-1.93496800E-01 9.87514620E-02
35  7 9.47453376E-02 0.00000000E+00 3.23516436E-02 0.00000000E+00 1.72689782E-02
35  8-1.08245901E+00 1.37920777E+00 9.45503146E-02 0.00000000E+00-7.87457909E-03
35  9-5.26266658E-01 0.00000000E+00-1.25794674E-02-1.93496800E-01 9.87514620E-02
35 10 9.47453376E-02 0.00000000E+00-3.23516436E-02 0.00000000E+00
36  1 0.00000000E+00 0.00000000E+00 0.00000000E+00 0.00000000E+00-2.87425928E-02
36  2 0.00000000E+00 0.00000000E+00 8.40983142E-02 0.00000000E+00 0.00000000E+00
36  3 1.50658092E+00 0.00000000E+00 0.00000000E+00 0.00000000E+00 0.00000000E+00
36  4 0.00000000E+00 0.00000000E+00 9.15038134E-02 0.00000000E+00 5.92892933E-03
36  5-1.24287525E+00 1.92386571E+00-1.36264181E-01 0.00000000E+00 2.95873612E-02
36  6 6.43379490E-01 0.00000000E+00-9.58678313E-02-1.88935254E-01 9.46258643E-02
36  7 9.43093895E-02 0.00000000E+00 1.83794816E-02 0.00000000E+00-5.92892933E-03
36  8 1.24287525E+00-1.92386571E+00-1.36264181E-01 0.00000000E+00-2.95873612E-02
36  9 6.43379490E-01 0.00000000E+00 9.58678313E-02 1.88935254E-01-9.46258643E-02
36 10-9.43093895E-02 0.00000000E+00 1.83794816E-02 0.00000000E+00
37  1 0.00000000E+00 0.00000000E+00 0.00000000E+00 0.00000000E+00 0.00000000E+00
37  2 0.00000000E+00 0.00000000E+00 0.00000000E+00 0.00000000E+00 0.00000000E+00
37  3 0.00000000E+00 0.00000000E+00 0.00000000E+00 0.00000000E+00 0.00000000E+00
37  4 0.00000000E+00 1.38951354E-02 0.00000000E+00 0.00000000E+00 0.00000000E+00
37  5 0.00000000E+00 0.00000000E+00 0.00000000E+00-1.99029909E-03 0.00000000E+00
37  6 0.00000000E+00 3.55444000E-03 0.00000000E+00 0.00000000E+00 0.00000000E+00
37  7 0.00000000E+00 1.06753572E-01 0.00000000E+00 6.99011380E-01 0.00000000E+00
37  8 0.00000000E+00 0.00000000E+00 0.00000000E+00 1.99029909E-03 0.00000000E+00
37  9 0.00000000E+00-3.55444000E-03 0.00000000E+00 0.00000000E+00 0.00000000E+00
37 10 0.00000000E+00 1.06753572E-01 0.00000000E+00-6.99011380E-01
38  1 0.00000000E+00 0.00000000E+00 0.00000000E+00 0.00000000E+00-9.52520313E-05
38  2 0.00000000E+00 0.00000000E+00 2.03004583E-04 0.00000000E+00 0.00000000E+00
38  3-9.70221807E-05 0.00000000E+00 0.00000000E+00 0.00000000E+00 0.00000000E+00
38  4 0.00000000E+00 0.00000000E+00-1.38977525E-02 0.00000000E+00 7.34648539E-05
38  5 1.84983104E-04-7.36595670E-04-8.23022980E-05 0.00000000E+00 1.99636151E-03
38  6-5.73547587E-04 0.00000000E+00-3.47730848E-03-1.12102236E-02 6.10928735E-01
38  7-5.99718511E-01 0.00000000E+00-1.06450322E-01 0.00000000E+00-7.34648539E-05
38  8-1.84983104E-04 7.36595670E-04-8.23022980E-05 0.00000000E+00-1.99636151E-03
38  9-5.73547587E-04 0.00000000E+00 3.47730848E-03 1.12102236E-02-6.10928735E-01
38 10 5.99718511E-01 0.00000000E+00-1.06450322E-01 0.00000000E+00
39  1 0.00000000E+00 0.00000000E+00 0.00000000E+00 0.00000000E+00 0.00000000E+00
39  2 3.69298886E-03 0.00000000E+00 0.00000000E+00-3.43262420E-03 0.00000000E+00
39  3 0.00000000E+00-3.82466709E-02 0.00000000E+00 0.00000000E+00 0.00000000E+00
39  4 0.00000000E+00 0.00000000E+00 0.00000000E+00-4.73188161E-02 0.00000000E+00
39  5 0.00000000E+00 0.00000000E+00 0.00000000E+00-1.03154890E-02 0.00000000E+00
39  6 0.00000000E+00 1.91653464E-02 0.00000000E+00 0.00000000E+00 0.00000000E+00
39  7 0.00000000E+00 2.51064473E-01 0.00000000E+00 6.61315691E-01 0.00000000E+00
39  8 0.00000000E+00 0.00000000E+00 0.00000000E+00-1.03154890E-02 0.00000000E+00
39  9 0.00000000E+00 1.91653464E-02 0.00000000E+00 0.00000000E+00 0.00000000E+00
39 10 0.00000000E+00-2.51064473E-01 0.00000000E+00 6.61315691E-01
40  1 1.33877081E-04-1.70520730E-03-6.31844652E-04 1.07106331E-02 0.00000000E+00
40  2 0.00000000E+00-3.09833556E-03 0.00000000E+00 0.00000000E+00 3.23561298E-03
40  3 0.00000000E+00 0.00000000E+00 3.16001375E-02-2.11184611E-04-4.02975891E-02
40  4 4.05087738E-02 0.00000000E+00 0.00000000E+00 0.00000000E+00-1.86393886E-05
40  5 6.96688135E-03-1.02457360E-02 2.98064781E-03 0.00000000E+00 8.33438236E-03
40  6-7.61241849E-03 0.00000000E+00-1.54443762E-02-3.65840387E-02 6.02053149E-01
40  7-5.65469110E-01 0.00000000E+00-2.10977523E-01 0.00000000E+00-1.86393886E-05
40  8 6.96688135E-03-1.02457360E-02-2.98064781E-03 0.00000000E+00 8.33438236E-03
40  9 7.61241849E-03 0.00000000E+00-1.54443762E-02-3.65840387E-02 6.02053149E-01
40 10-5.65469110E-01 0.00000000E+00 2.10977523E-01 0.00000000E+00
41  1 0.00000000E+00 0.00000000E+00 0.00000000E+00 0.00000000E+00 0.00000000E+00
41  2 1.35310785E-02 0.00000000E+00 0.00000000E+00-1.42921793E-02 0.00000000E+00
41  3 0.00000000E+00-1.30696191E-01 0.00000000E+00 0.00000000E+00 0.00000000E+00
41  4 0.00000000E+00 0.00000000E+00 0.00000000E+00-1.16526751E-02 0.00000000E+00
41  5 0.00000000E+00 0.00000000E+00 0.00000000E+00-3.39120901E-02 0.00000000E+00
41  6 0.00000000E+00 6.18269170E-02 0.00000000E+00 0.00000000E+00 0.00000000E+00
41  7 0.00000000E+00 6.65253397E-01 0.00000000E+00-2.50293385E-01 0.00000000E+00
41  8 0.00000000E+00 0.00000000E+00 0.00000000E+00-3.39120901E-02 0.00000000E+00
41  9 0.00000000E+00 6.18269170E-02 0.00000000E+00 0.00000000E+00 0.00000000E+00
41 10 0.00000000E+00-6.65253397E-01 0.00000000E+00-2.50293385E-01
42  1-7.67555216E-04 6.07098553E-03-9.50465337E-04-3.85642089E-02 0.00000000E+00
42  2 0.00000000E+00 1.43472920E-02 0.00000000E+00 0.00000000E+00-1.70237229E-02
42  3 0.00000000E+00 0.00000000E+00-1.34221253E-01 4.61213908E-03 1.01153234E-02
42  4-1.47274625E-02 0.00000000E+00 0.00000000E+00 0.00000000E+00 4.46628377E-04
42  5-2.76154402E-02 3.82894801E-02-1.27805914E-02 0.00000000E+00-3.38652389E-02
42  6 2.97707999E-02 0.00000000E+00 6.15254760E-02 1.44561506E-01 1.12523462E-01
42  7-2.57084969E-01 0.00000000E+00 6.62472896E-01 0.00000000E+00 4.46628377E-04
42  8-2.76154402E-02 3.82894801E-02 1.27805914E-02 0.00000000E+00-3.38652389E-02
42  9-2.97707999E-02 0.00000000E+00 6.15254760E-02 1.44561506E-01 1.12523462E-01
42 10-2.57084969E-01 0.00000000E+00-6.62472896E-01 0.00000000E+00
43  1 0.00000000E+00 0.00000000E+00 0.00000000E+00 0.00000000E+00 1.92595246E-02
43  2 0.00000000E+00 0.00000000E+00-7.06593706E-02 0.00000000E+00 0.00000000E+00
43  3-2.62929461E-02 0.00000000E+00 0.00000000E+00 0.00000000E+00 0.00000000E+00
43  4 0.00000000E+00 0.00000000E+00 2.56610646E-01 0.00000000E+00-3.05380716E-05
43  5 4.09748940E-02-5.77042961E-02 1.60669396E-02 0.00000000E+00-3.57439559E-02
43  6-3.35999717E-02 0.00000000E+00 7.03996669E-02 1.59084844E-02 8.45181319E-02
43  7-1.00426616E-01 0.00000000E+00 7.01597694E-01 0.00000000E+00 3.05380716E-05
43  8-4.09748940E-02 5.77042961E-02 1.60669396E-02 0.00000000E+00 3.57439559E-02
43  9-3.35999717E-02 0.00000000E+00-7.03996669E-02-1.59084844E-02-8.45181319E-02
43 10 1.00426616E-01 0.00000000E+00 7.01597694E-01 0.00000000E+00
44  1 0.00000000E+00 0.00000000E+00 0.00000000E+00 0.00000000E+00 0.00000000E+00
44  2 0.00000000E+00 0.00000000E+00 0.00000000E+00 0.00000000E+00 0.00000000E+00
44  3 0.00000000E+00 0.00000000E+00 0.00000000E+00 0.00000000E+00 0.00000000E+00
44  4 0.00000000E+00 2.72246192E-01 0.00000000E+00 0.00000000E+00 0.00000000E+00
44  5 0.00000000E+00 0.00000000E+00 0.00000000E+00-3.51541940E-02 0.00000000E+00
44  6 0.00000000E+00 6.99697154E-02 0.00000000E+00 0.00000000E+00 0.00000000E+00
44  7 0.00000000E+00 7.02151420E-01 0.00000000E+00-1.06884930E-01 0.00000000E+00
44  8 0.00000000E+00 0.00000000E+00 0.00000000E+00 3.51541940E-02 0.00000000E+00
44  9 0.00000000E+00-6.99697154E-02 0.00000000E+00 0.00000000E+00 0.00000000E+00
44 10 0.00000000E+00 7.02151420E-01 0.00000000E+00 1.06884930E-01
45  1 0.00000000E+00 0.00000000E+00 0.00000000E+00 0.00000000E+00-1.41501460E-01
45  2 0.00000000E+00 0.00000000E+00 5.31179588E-01 0.00000000E+00 0.00000000E+00
45  3 3.52588549E-01 0.00000000E+00 0.00000000E+00 0.00000000E+00 0.00000000E+00
45  4 0.00000000E+00 0.00000000E+00 1.27251355E-01 0.00000000E+00-4.41240997E-03
45  5-4.30107102E-01 6.66625266E-01-1.15703596E-01 0.00000000E+00 5.90770255E-03
45  6 3.98630245E-01 0.00000000E+00-2.37598033E-02 7.03728589E-01-3.44088327E-01
45  7-3.59640262E-01 0.00000000E+00-1.45562837E-02 0.00000000E+00 4.41240997E-03
45  8 4.30107102E-01-6.66625266E-01-1.15703596E-01 0.00000000E+00-5.90770255E-03
45  9 3.98630245E-01 0.00000000E+00 2.37598033E-02-7.03728589E-01 3.44088327E-01
45 10 3.59640262E-01 0.00000000E+00-1.45562837E-02 0.00000000E+00
46  1 6.60754771E-03-1.60848194E-01-1.27664649E-01 9.67887521E-01 0.00000000E+00
46  2 0.00000000E+00-1.30829880E-02 0.00000000E+00 0.00000000E+00 5.13363115E-02
46  3 0.00000000E+00 0.00000000E+00 3.47408267E-02 7.26671472E-01-3.66283038E-01
46  4-3.60388434E-01 0.00000000E+00 0.00000000E+00 0.00000000E+00 1.47340812E-02
46  5 4.62508578E-01-7.69678587E-01 7.25194931E-02 0.00000000E+00-7.81807856E-03
46  6-5.14785468E-01 0.00000000E+00 5.00058428E-02-7.23181562E-01 3.69377188E-01
46  7 3.53804374E-01 0.00000000E+00 1.54272637E-01 0.00000000E+00 1.47340812E-02
46  8 4.62508578E-01-7.69678587E-01-7.25194931E-02 0.00000000E+00-7.81807856E-03
46  9 5.14785468E-01 0.00000000E+00 5.00058428E-02-7.23181562E-01 3.69377188E-01
46 10 3.53804374E-01 0.00000000E+00-1.54272637E-01 0.00000000E+00
 $END   
 POPULATION ANALYSIS
S           15.27320   0.72680  15.33536   0.66464
O            8.36340  -0.36340   8.33232  -0.33232
O            8.36340  -0.36340   8.33232  -0.33232
 MOMENTS AT POINT    1 X,Y,Z=  0.000000  0.000000  0.000000
 DIPOLE       0.000000  0.000000 -0.280193
