 $DATA  
Title                                                                           
CNV      2

S          16.0      0.0000000000      0.0000000000     -0.1215874566
   PC1     0
        
O           8.0      1.3787308542      0.0000000000      0.1215199921
   PC1     0
        
 $END      
 $ZMAT   IZMAT(1)=
         1,   3,   1,
         1,   2,   1,
         2,   2,   1,   3,
 $END
--- CLOSED SHELL ORBITALS --- GENERATED AT Thu Feb 26 00:16:09 2015
Title                                                                           
E(R-PBE)=     -548.1704869160, E(NUC)=  109.0459121189,   23 ITERS
 $VEC   
 1  1 1.00299138E+00-1.02752474E-02 1.94359986E-03-3.72492931E-04 0.00000000E+00
 1  2 0.00000000E+00 6.11269757E-05 0.00000000E+00 0.00000000E+00 6.12529278E-05
 1  3 0.00000000E+00 0.00000000E+00 2.93656678E-05 3.33527505E-04-1.72018277E-04
 1  4-1.61509228E-04 0.00000000E+00 0.00000000E+00 0.00000000E+00 2.11263684E-05
 1  5 6.55066171E-05-3.73376781E-04-1.15874137E-04 0.00000000E+00 2.45111119E-05
 1  6-3.23054043E-04 0.00000000E+00 6.67303865E-05-1.85077147E-04 1.00445187E-04
 1  7 8.46319600E-05 0.00000000E+00 7.61100346E-05 0.00000000E+00 2.11263684E-05
 1  8 6.55066171E-05-3.73376781E-04 1.15874137E-04 0.00000000E+00 2.45111119E-05
 1  9 3.23054043E-04 0.00000000E+00 6.67303865E-05-1.85077147E-04 1.00445187E-04
 1 10 8.46319600E-05 0.00000000E+00-7.61100346E-05 0.00000000E+00
 2  1 0.00000000E+00 0.00000000E+00 0.00000000E+00 0.00000000E+00-3.99416269E-05
 2  2 0.00000000E+00 0.00000000E+00-2.02799849E-03 0.00000000E+00 0.00000000E+00
 2  3-9.21761796E-03 0.00000000E+00 0.00000000E+00 0.00000000E+00 0.00000000E+00
 2  4 0.00000000E+00 0.00000000E+00-1.03369130E-04 0.00000000E+00 7.03325608E-01
 2  5 2.69011889E-02-1.61740319E-02 8.17270061E-04 0.00000000E+00-1.60685868E-04
 2  6-3.23595001E-03 0.00000000E+00 1.21870204E-03-2.85046448E-04 1.75420281E-04
 2  7 1.09626167E-04 0.00000000E+00 2.20008989E-04 0.00000000E+00-7.03325608E-01
 2  8-2.69011889E-02 1.61740319E-02 8.17270061E-04 0.00000000E+00 1.60685868E-04
 2  9-3.23595001E-03 0.00000000E+00-1.21870204E-03 2.85046448E-04-1.75420281E-04
 2 10-1.09626167E-04 0.00000000E+00 2.20008989E-04 0.00000000E+00
 3  1-4.07951030E-05 2.26991132E-04-7.39843041E-05 7.91582653E-03 0.00000000E+00
 3  2 0.00000000E+00 1.52749592E-05 0.00000000E+00 0.00000000E+00 3.00607716E-04
 3  3 0.00000000E+00 0.00000000E+00 1.42809159E-03-3.44419707E-04 1.16937913E-04
 3  4 2.27481794E-04 0.00000000E+00 0.00000000E+00 0.00000000E+00 7.03213496E-01
 3  5 2.57772712E-02-1.16650223E-02 1.20761543E-03 0.00000000E+00 1.34774809E-05
 3  6-3.34174926E-03 0.00000000E+00-8.76102669E-05-2.82183505E-04 1.33207753E-04
 3  7 1.48975752E-04 0.00000000E+00-4.45910507E-05 0.00000000E+00 7.03213496E-01
 3  8 2.57772712E-02-1.16650223E-02-1.20761543E-03 0.00000000E+00 1.34774809E-05
 3  9 3.34174926E-03 0.00000000E+00-8.76102669E-05-2.82183505E-04 1.33207753E-04
 3 10 1.48975752E-04 0.00000000E+00 4.45910507E-05 0.00000000E+00
 4  1-2.74018566E-01 1.03936108E+00 4.12713551E-02-8.28888565E-03 0.00000000E+00
 4  2 0.00000000E+00 1.25950555E-02 0.00000000E+00 0.00000000E+00 1.45277789E-03
 4  3 0.00000000E+00 0.00000000E+00-2.11401103E-04 2.85821929E-03-1.42159985E-03
 4  4-1.43661944E-03 0.00000000E+00 0.00000000E+00 0.00000000E+00-1.43967045E-04
 4  5 7.81722987E-05-2.01357920E-03-6.47731122E-04 0.00000000E+00 1.28416432E-04
 4  6-2.35887672E-03 0.00000000E+00 5.57276161E-04-4.59519023E-04 2.59120187E-04
 4  7 2.00398836E-04 0.00000000E+00 2.45266180E-04 0.00000000E+00-1.43967045E-04
 4  8 7.81722987E-05-2.01357920E-03 6.47731122E-04 0.00000000E+00 1.28416432E-04
 4  9 2.35887672E-03 0.00000000E+00 5.57276161E-04-4.59519023E-04 2.59120187E-04
 4 10 2.00398836E-04 0.00000000E+00-2.45266180E-04 0.00000000E+00
 5  1 0.00000000E+00 0.00000000E+00 0.00000000E+00 0.00000000E+00 9.96421020E-01
 5  2 0.00000000E+00 0.00000000E+00 9.36910552E-03 0.00000000E+00 0.00000000E+00
 5  3-7.55444620E-04 0.00000000E+00 0.00000000E+00 0.00000000E+00 0.00000000E+00
 5  4 0.00000000E+00 0.00000000E+00 1.18531445E-03 0.00000000E+00 7.33515595E-04
 5  5-5.92120182E-04-8.15924744E-04-1.48394219E-03 0.00000000E+00 3.02541104E-04
 5  6-2.71009723E-04 0.00000000E+00 3.06577140E-04-1.01779738E-03 5.72419729E-04
 5  7 4.45377654E-04 0.00000000E+00 5.39694684E-04 0.00000000E+00-7.33515595E-04
 5  8 5.92120182E-04 8.15924744E-04-1.48394219E-03 0.00000000E+00-3.02541104E-04
 5  9-2.71009723E-04 0.00000000E+00-3.06577140E-04 1.01779738E-03-5.72419729E-04
 5 10-4.45377654E-04 0.00000000E+00 5.39694684E-04 0.00000000E+00
 6  1 0.00000000E+00 0.00000000E+00 0.00000000E+00 0.00000000E+00 0.00000000E+00
 6  2 9.96974829E-01 0.00000000E+00 0.00000000E+00 8.65766335E-03 0.00000000E+00
 6  3 0.00000000E+00-1.56834493E-04 0.00000000E+00 0.00000000E+00 0.00000000E+00
 6  4 0.00000000E+00 0.00000000E+00 0.00000000E+00 8.72462688E-04 0.00000000E+00
 6  5 0.00000000E+00 0.00000000E+00 0.00000000E+00 1.49314307E-04 0.00000000E+00
 6  6 0.00000000E+00 9.07668941E-06 0.00000000E+00 0.00000000E+00 0.00000000E+00
 6  7 0.00000000E+00 2.74236553E-04 0.00000000E+00-8.19656628E-05 0.00000000E+00
 6  8 0.00000000E+00 0.00000000E+00 0.00000000E+00 1.49314307E-04 0.00000000E+00
 6  9 0.00000000E+00 9.07668941E-06 0.00000000E+00 0.00000000E+00 0.00000000E+00
 6 10 0.00000000E+00-2.74236553E-04 0.00000000E+00-8.19656628E-05
 7  1 3.59293928E-03-1.34842797E-02 4.64970918E-04-1.19703323E-03 0.00000000E+00
 7  2 0.00000000E+00 9.96933384E-01 0.00000000E+00 0.00000000E+00 8.46337628E-03
 7  3 0.00000000E+00 0.00000000E+00-1.87051751E-04-8.65009589E-04-3.22364774E-04
 7  4 1.18737436E-03 0.00000000E+00 0.00000000E+00 0.00000000E+00-1.37109537E-04
 7  5 7.01996641E-05 6.99761941E-04 4.11408201E-04 0.00000000E+00 6.87130226E-05
 7  6 3.36155736E-04 0.00000000E+00-7.01583047E-05 3.28519221E-04-1.04792807E-04
 7  7-2.23726414E-04 0.00000000E+00 1.54799202E-04 0.00000000E+00-1.37109537E-04
 7  8 7.01996641E-05 6.99761941E-04-4.11408201E-04 0.00000000E+00 6.87130226E-05
 7  9-3.36155736E-04 0.00000000E+00-7.01583047E-05 3.28519221E-04-1.04792807E-04
 7 10-2.23726414E-04 0.00000000E+00-1.54799202E-04 0.00000000E+00
 8  1 5.36069678E-02-1.58033541E-01 3.06392661E-01 1.47160047E-01 0.00000000E+00
 8  2 0.00000000E+00-3.11318740E-02 0.00000000E+00 0.00000000E+00 6.26322393E-02
 8  3 0.00000000E+00 0.00000000E+00 1.54318403E-03 8.47077281E-02-4.43924047E-02
 8  4-4.03153234E-02 0.00000000E+00 0.00000000E+00 0.00000000E+00-1.24226296E-01
 8  5 2.46731108E-01 2.50779701E-01 1.18988767E-01 0.00000000E+00-1.33068795E-02
 8  6 3.51862590E-02 0.00000000E+00 1.21144176E-03 1.11323283E-02-4.64997638E-03
 8  7-6.48235193E-03 0.00000000E+00 1.29462706E-03 0.00000000E+00-1.24226296E-01
 8  8 2.46731108E-01 2.50779701E-01-1.18988767E-01 0.00000000E+00-1.33068795E-02
 8  9-3.51862590E-02 0.00000000E+00 1.21144176E-03 1.11323283E-02-4.64997638E-03
 8 10-6.48235193E-03 0.00000000E+00-1.29462706E-03 0.00000000E+00
 9  1 0.00000000E+00 0.00000000E+00 0.00000000E+00 0.00000000E+00 1.54565327E-01
 9  2 0.00000000E+00 0.00000000E+00-2.84295893E-01 0.00000000E+00 0.00000000E+00
 9  3 2.50204220E-03 0.00000000E+00 0.00000000E+00 0.00000000E+00 0.00000000E+00
 9  4 0.00000000E+00 0.00000000E+00-3.76782662E-02 0.00000000E+00-1.43643141E-01
 9  5 2.85110570E-01 3.31852665E-01 1.19587792E-01 0.00000000E+00-1.58299475E-02
 9  6 3.66520014E-02 0.00000000E+00-7.49170200E-03 1.12713261E-02-5.51923279E-03
 9  7-5.75209333E-03 0.00000000E+00-3.89250967E-03 0.00000000E+00 1.43643141E-01
 9  8-2.85110570E-01-3.31852665E-01 1.19587792E-01 0.00000000E+00 1.58299475E-02
 9  9 3.66520014E-02 0.00000000E+00 7.49170200E-03-1.12713261E-02 5.51923279E-03
 9 10 5.75209333E-03 0.00000000E+00-3.89250967E-03 0.00000000E+00
10  1 5.93653753E-02-1.60718351E-01 3.84858096E-01 3.06389017E-01 0.00000000E+00
10  2 0.00000000E+00-8.99721277E-03 0.00000000E+00 0.00000000E+00 2.86001443E-02
10  3 0.00000000E+00 0.00000000E+00-6.33218832E-03-2.71629791E-02 1.54003690E-02
10  4 1.17626102E-02 0.00000000E+00 0.00000000E+00 0.00000000E+00 1.06319867E-01
10  5-2.18715762E-01-3.69390817E-01 2.24769668E-01 0.00000000E+00-3.12651372E-02
10  6 1.14005051E-01 0.00000000E+00-1.22899881E-02 1.38760166E-02-7.68044996E-03
10  7-6.19556659E-03 0.00000000E+00-4.20636295E-03 0.00000000E+00 1.06319867E-01
10  8-2.18715762E-01-3.69390817E-01-2.24769668E-01 0.00000000E+00-3.12651372E-02
10  9-1.14005051E-01 0.00000000E+00-1.22899881E-02 1.38760166E-02-7.68044996E-03
10 10-6.19556659E-03 0.00000000E+00 4.20636295E-03 0.00000000E+00
11  1 0.00000000E+00 0.00000000E+00 0.00000000E+00 0.00000000E+00 0.00000000E+00
11  2-1.98546728E-01 0.00000000E+00 0.00000000E+00 4.56665874E-01 0.00000000E+00
11  3 0.00000000E+00 2.17406234E-01 0.00000000E+00 0.00000000E+00 0.00000000E+00
11  4 0.00000000E+00 0.00000000E+00 0.00000000E+00 3.34916302E-02 0.00000000E+00
11  5 0.00000000E+00 0.00000000E+00 0.00000000E+00 3.25200224E-01 0.00000000E+00
11  6 0.00000000E+00 1.88499763E-01 0.00000000E+00 0.00000000E+00 0.00000000E+00
11  7 0.00000000E+00 2.51414782E-02 0.00000000E+00-3.02593359E-03 0.00000000E+00
11  8 0.00000000E+00 0.00000000E+00 0.00000000E+00 3.25200224E-01 0.00000000E+00
11  9 0.00000000E+00 1.88499763E-01 0.00000000E+00 0.00000000E+00 0.00000000E+00
11 10 0.00000000E+00-2.51414782E-02 0.00000000E+00-3.02593359E-03
12  1 0.00000000E+00 0.00000000E+00 0.00000000E+00 0.00000000E+00 1.59908972E-01
12  2 0.00000000E+00 0.00000000E+00-3.72046544E-01 0.00000000E+00 0.00000000E+00
12  3 3.53129446E-02 0.00000000E+00 0.00000000E+00 0.00000000E+00 0.00000000E+00
12  4 0.00000000E+00 0.00000000E+00-2.60418904E-02 0.00000000E+00 6.74486826E-02
12  5-1.42033188E-01-2.32236373E-01 3.84956188E-01 0.00000000E+00-7.89371752E-02
12  6 2.08073009E-01 0.00000000E+00-5.07382991E-02 1.54254841E-02-8.68967264E-03
12  7-6.73581141E-03 0.00000000E+00-7.34951854E-03 0.00000000E+00-6.74486826E-02
12  8 1.42033188E-01 2.32236373E-01 3.84956188E-01 0.00000000E+00 7.89371752E-02
12  9 2.08073009E-01 0.00000000E+00 5.07382991E-02-1.54254841E-02 8.68967264E-03
12 10 6.73581141E-03 0.00000000E+00-7.34951854E-03 0.00000000E+00
13  1-8.03391409E-03 2.42416373E-02-4.91021053E-02-7.92411572E-02 0.00000000E+00
13  2 0.00000000E+00-1.94141110E-01 0.00000000E+00 0.00000000E+00 4.44361384E-01
13  3 0.00000000E+00 0.00000000E+00 2.11161213E-01-4.26053655E-02-7.64519512E-03
13  4 5.02505606E-02 0.00000000E+00 0.00000000E+00 0.00000000E+00 3.36305521E-03
13  5-8.07872919E-03-5.06558089E-03 7.53790307E-02 0.00000000E+00 3.18280178E-01
13  6 5.37480233E-02 0.00000000E+00 1.84064584E-01 1.06243954E-02-2.97968851E-03
13  7-7.64470693E-03 0.00000000E+00 2.21892500E-02 0.00000000E+00 3.36305521E-03
13  8-8.07872919E-03-5.06558089E-03-7.53790307E-02 0.00000000E+00 3.18280178E-01
13  9-5.37480233E-02 0.00000000E+00 1.84064584E-01 1.06243954E-02-2.97968851E-03
13 10-7.64470693E-03 0.00000000E+00-2.21892500E-02 0.00000000E+00
14  1 0.00000000E+00 0.00000000E+00 0.00000000E+00 0.00000000E+00 0.00000000E+00
14  2 0.00000000E+00 0.00000000E+00 0.00000000E+00 0.00000000E+00 0.00000000E+00
14  3 0.00000000E+00 0.00000000E+00 0.00000000E+00 0.00000000E+00 0.00000000E+00
14  4 0.00000000E+00-1.49875104E-01 0.00000000E+00 0.00000000E+00 0.00000000E+00
14  5 0.00000000E+00 0.00000000E+00 0.00000000E+00 4.58128431E-01 0.00000000E+00
14  6 0.00000000E+00 3.12744964E-01 0.00000000E+00 0.00000000E+00 0.00000000E+00
14  7 0.00000000E+00 1.90546068E-02 0.00000000E+00-1.97952391E-03 0.00000000E+00
14  8 0.00000000E+00 0.00000000E+00 0.00000000E+00-4.58128431E-01 0.00000000E+00
14  9 0.00000000E+00-3.12744964E-01 0.00000000E+00 0.00000000E+00 0.00000000E+00
14 10 0.00000000E+00 1.90546068E-02 0.00000000E+00 1.97952391E-03
15  1 0.00000000E+00 0.00000000E+00 0.00000000E+00 0.00000000E+00-1.28119417E-02
15  2 0.00000000E+00 0.00000000E+00 2.49071471E-02 0.00000000E+00 0.00000000E+00
15  3 2.74282035E-02 0.00000000E+00 0.00000000E+00 0.00000000E+00 0.00000000E+00
15  4 0.00000000E+00 0.00000000E+00-1.46559336E-01 0.00000000E+00 5.66990789E-04
15  5-2.71209044E-03 2.73229578E-03 1.01752734E-01 0.00000000E+00 4.47253096E-01
15  6 6.69844670E-02 0.00000000E+00 3.05721197E-01 2.67523145E-03 4.95112969E-04
15  7-3.17034442E-03 0.00000000E+00 1.96559334E-02 0.00000000E+00-5.66990789E-04
15  8 2.71209044E-03-2.73229578E-03 1.01752734E-01 0.00000000E+00-4.47253096E-01
15  9 6.69844670E-02 0.00000000E+00-3.05721197E-01-2.67523145E-03-4.95112969E-04
15 10 3.17034442E-03 0.00000000E+00 1.96559334E-02 0.00000000E+00
16  1 2.92775472E-02-1.53178399E-01 1.02797308E-01 8.85345321E-01 0.00000000E+00
16  2 0.00000000E+00 8.98844912E-02 0.00000000E+00 0.00000000E+00-2.16875844E-01
16  3 0.00000000E+00 0.00000000E+00-1.15925387E-01-2.30709577E-01 1.20451468E-01
16  4 1.10258109E-01 0.00000000E+00 0.00000000E+00 0.00000000E+00 2.55135461E-02
16  5-5.82988934E-02-1.66657687E-01-3.22250792E-01 0.00000000E+00 2.25809668E-01
16  6-2.46108048E-01 0.00000000E+00 1.76363595E-01-3.91009000E-03 1.58534545E-03
16  7 2.32474455E-03 0.00000000E+00 5.37085358E-04 0.00000000E+00 2.55135461E-02
16  8-5.82988934E-02-1.66657687E-01 3.22250792E-01 0.00000000E+00 2.25809668E-01
16  9 2.46108048E-01 0.00000000E+00 1.76363595E-01-3.91009000E-03 1.58534545E-03
16 10 2.32474455E-03 0.00000000E+00-5.37085358E-04 0.00000000E+00
17  1 0.00000000E+00 0.00000000E+00 0.00000000E+00 0.00000000E+00 0.00000000E+00
17  2-2.15636295E-01 0.00000000E+00 0.00000000E+00 5.53382566E-01 0.00000000E+00
17  3 0.00000000E+00 5.44159523E-01 0.00000000E+00 0.00000000E+00 0.00000000E+00
17  4 0.00000000E+00 0.00000000E+00 0.00000000E+00-9.20390650E-03 0.00000000E+00
17  5 0.00000000E+00 0.00000000E+00 0.00000000E+00-3.93799201E-01 0.00000000E+00
17  6 0.00000000E+00-3.51499856E-01 0.00000000E+00 0.00000000E+00 0.00000000E+00
17  7 0.00000000E+00-6.30070735E-04 0.00000000E+00-9.67553839E-04 0.00000000E+00
17  8 0.00000000E+00 0.00000000E+00 0.00000000E+00-3.93799201E-01 0.00000000E+00
17  9 0.00000000E+00-3.51499856E-01 0.00000000E+00 0.00000000E+00 0.00000000E+00
17 10 0.00000000E+00 6.30070735E-04 0.00000000E+00-9.67553839E-04
18  1 1.19056199E-02-7.35021732E-02 3.10346602E-02 5.27999943E-01 0.00000000E+00
18  2 0.00000000E+00-1.96109872E-01 0.00000000E+00 0.00000000E+00 5.10799989E-01
18  3 0.00000000E+00 0.00000000E+00 5.70951183E-01-1.23770776E-01 7.47200092E-02
18  4 4.90507665E-02 0.00000000E+00 0.00000000E+00 0.00000000E+00 2.49742845E-02
18  5-5.26598344E-02-1.96729260E-01-2.35031207E-01 0.00000000E+00-3.18988833E-01
18  6-2.17304943E-01 0.00000000E+00-2.92225629E-01-1.63686528E-03 1.73231323E-03
18  7-9.54479475E-05 0.00000000E+00 2.94971282E-04 0.00000000E+00 2.49742845E-02
18  8-5.26598344E-02-1.96729260E-01 2.35031207E-01 0.00000000E+00-3.18988833E-01
18  9 2.17304943E-01 0.00000000E+00-2.92225629E-01-1.63686528E-03 1.73231323E-03
18 10-9.54479475E-05 0.00000000E+00-2.94971282E-04 0.00000000E+00
19  1 0.00000000E+00 0.00000000E+00 0.00000000E+00 0.00000000E+00-7.34538725E-02
19  2 0.00000000E+00 0.00000000E+00 1.95192504E-01 0.00000000E+00 0.00000000E+00
19  3 2.01866318E+00 0.00000000E+00 0.00000000E+00 0.00000000E+00 0.00000000E+00
19  4 0.00000000E+00 0.00000000E+00-9.26727582E-02 0.00000000E+00-8.21809469E-02
19  5 1.18090452E-01 1.14238842E+00 5.60596207E-02 0.00000000E+00-1.11305036E-01
19  6 3.57587604E-01 0.00000000E+00-1.63926601E-01 2.14356369E-02-9.65425830E-03
19  7-1.17813786E-02 0.00000000E+00-6.49429384E-04 0.00000000E+00 8.21809469E-02
19  8-1.18090452E-01-1.14238842E+00 5.60596207E-02 0.00000000E+00 1.11305036E-01
19  9 3.57587604E-01 0.00000000E+00 1.63926601E-01-2.14356369E-02 9.65425830E-03
19 10 1.17813786E-02 0.00000000E+00-6.49429384E-04 0.00000000E+00
20  1-2.70001081E-02-1.08349375E-01-4.24874191E-01 8.49265631E-01 0.00000000E+00
20  2 0.00000000E+00 2.70615541E-01 0.00000000E+00 0.00000000E+00-1.03677100E+00
20  3 0.00000000E+00 0.00000000E+00 1.25499216E+00 1.81758500E-01 1.60787904E-02
20  4-1.97837290E-01 0.00000000E+00 0.00000000E+00 0.00000000E+00 1.18125500E-02
20  5 5.12430550E-03-3.20019803E-01 8.62343571E-02 0.00000000E+00-7.43803279E-02
20  6-1.71342416E-01 0.00000000E+00-6.08084292E-02-4.11243708E-02 2.04882341E-02
20  7 2.06361368E-02 0.00000000E+00-1.97514255E-02 0.00000000E+00 1.18125500E-02
20  8 5.12430550E-03-3.20019803E-01-8.62343571E-02 0.00000000E+00-7.43803279E-02
20  9 1.71342416E-01 0.00000000E+00-6.08084292E-02-4.11243708E-02 2.04882341E-02
20 10 2.06361368E-02 0.00000000E+00 1.97514255E-02 0.00000000E+00
21  1 0.00000000E+00 0.00000000E+00 0.00000000E+00 0.00000000E+00 0.00000000E+00
21  2 2.85799935E-01 0.00000000E+00 0.00000000E+00-1.10712099E+00 0.00000000E+00
21  3 0.00000000E+00 1.26913193E+00 0.00000000E+00 0.00000000E+00 0.00000000E+00
21  4 0.00000000E+00 0.00000000E+00 0.00000000E+00-1.33981278E-01 0.00000000E+00
21  5 0.00000000E+00 0.00000000E+00 0.00000000E+00-6.19638333E-02 0.00000000E+00
21  6 0.00000000E+00-1.01121457E-01 0.00000000E+00 0.00000000E+00 0.00000000E+00
21  7 0.00000000E+00-3.38132282E-02 0.00000000E+00 1.20556781E-03 0.00000000E+00
21  8 0.00000000E+00 0.00000000E+00 0.00000000E+00-6.19638333E-02 0.00000000E+00
21  9 0.00000000E+00-1.01121457E-01 0.00000000E+00 0.00000000E+00 0.00000000E+00
21 10 0.00000000E+00 3.38132282E-02 0.00000000E+00 1.20556781E-03
22  1-1.10438468E-01-3.60941977E-01-1.64667342E+00 2.36354723E+00 0.00000000E+00
22  2 0.00000000E+00-8.26074578E-02 0.00000000E+00 0.00000000E+00 3.39778014E-01
22  3 0.00000000E+00 0.00000000E+00-2.66931958E-01 1.85564249E-01-1.42317594E-01
22  4-4.32466557E-02 0.00000000E+00 0.00000000E+00 0.00000000E+00 1.71501217E-02
22  5-9.88904533E-03-4.85247354E-01 1.98163572E-01 0.00000000E+00-3.68492339E-02
22  6-2.86294239E-01 0.00000000E+00 8.36814926E-02-6.20319550E-02 3.26748573E-02
22  7 2.93570978E-02 0.00000000E+00 3.18138484E-02 0.00000000E+00 1.71501217E-02
22  8-9.88904533E-03-4.85247354E-01-1.98163572E-01 0.00000000E+00-3.68492339E-02
22  9 2.86294239E-01 0.00000000E+00 8.36814926E-02-6.20319550E-02 3.26748573E-02
22 10 2.93570978E-02 0.00000000E+00-3.18138484E-02 0.00000000E+00
23  1 0.00000000E+00 0.00000000E+00 0.00000000E+00 0.00000000E+00 0.00000000E+00
23  2 4.32386630E-02 0.00000000E+00 0.00000000E+00-1.67758222E-01 0.00000000E+00
23  3 0.00000000E+00 1.69620467E-01 0.00000000E+00 0.00000000E+00 0.00000000E+00
23  4 0.00000000E+00 0.00000000E+00 0.00000000E+00 9.78123160E-01 0.00000000E+00
23  5 0.00000000E+00 0.00000000E+00 0.00000000E+00-9.75685819E-02 0.00000000E+00
23  6 0.00000000E+00 5.85609041E-03 0.00000000E+00 0.00000000E+00 0.00000000E+00
23  7 0.00000000E+00 1.08159196E-02 0.00000000E+00 4.11065154E-02 0.00000000E+00
23  8 0.00000000E+00 0.00000000E+00 0.00000000E+00-9.75685819E-02 0.00000000E+00
23  9 0.00000000E+00 5.85609041E-03 0.00000000E+00 0.00000000E+00 0.00000000E+00
23 10 0.00000000E+00-1.08159196E-02 0.00000000E+00 4.11065154E-02
24  1-4.39678674E-03-6.44922887E-03-5.66061911E-02-2.49660799E-02 0.00000000E+00
24  2 0.00000000E+00-4.21130469E-02 0.00000000E+00 0.00000000E+00 1.61655414E-01
24  3 0.00000000E+00 0.00000000E+00-1.76313277E-01-1.66563520E-02 8.54937169E-01
24  4-8.38280817E-01 0.00000000E+00 0.00000000E+00 0.00000000E+00-3.15483624E-03
24  5 7.51448076E-03 3.71991749E-02 1.76983187E-02 0.00000000E+00 9.67191569E-02
24  6 3.63378898E-02 0.00000000E+00-1.33289187E-02 1.02671829E-04 3.54863981E-02
24  7-3.55890700E-02 0.00000000E+00-1.14227586E-02 0.00000000E+00-3.15483624E-03
24  8 7.51448076E-03 3.71991749E-02-1.76983187E-02 0.00000000E+00 9.67191569E-02
24  9-3.63378898E-02 0.00000000E+00-1.33289187E-02 1.02671829E-04 3.54863981E-02
24 10-3.55890700E-02 0.00000000E+00 1.14227586E-02 0.00000000E+00
25  1 0.00000000E+00 0.00000000E+00 0.00000000E+00 0.00000000E+00-2.95208097E-01
25  2 0.00000000E+00 0.00000000E+00 1.06164641E+00 0.00000000E+00 0.00000000E+00
25  3-8.95482976E-01 0.00000000E+00 0.00000000E+00 0.00000000E+00 0.00000000E+00
25  4 0.00000000E+00 0.00000000E+00-5.38030852E-01 0.00000000E+00-1.34660185E-02
25  5 8.93175026E-02-2.57030591E-01 2.97399736E-01 0.00000000E+00-2.22349874E-01
25  6 5.94170252E-02 0.00000000E+00-5.21554431E-02-4.10553248E-02 3.07808282E-02
25  7 1.02744966E-02 0.00000000E+00 5.15813645E-02 0.00000000E+00 1.34660185E-02
25  8-8.93175026E-02 2.57030591E-01 2.97399736E-01 0.00000000E+00 2.22349874E-01
25  9 5.94170252E-02 0.00000000E+00 5.21554431E-02 4.10553248E-02-3.07808282E-02
25 10-1.02744966E-02 0.00000000E+00 5.15813645E-02 0.00000000E+00
26  1 0.00000000E+00 0.00000000E+00 0.00000000E+00 0.00000000E+00 0.00000000E+00
26  2 0.00000000E+00 0.00000000E+00 0.00000000E+00 0.00000000E+00 0.00000000E+00
26  3 0.00000000E+00 0.00000000E+00 0.00000000E+00 0.00000000E+00 0.00000000E+00
26  4 0.00000000E+00 8.67828844E-01 0.00000000E+00 0.00000000E+00 0.00000000E+00
26  5 0.00000000E+00 0.00000000E+00 0.00000000E+00 4.22186598E-01 0.00000000E+00
26  6 0.00000000E+00-8.89995452E-02 0.00000000E+00 0.00000000E+00 0.00000000E+00
26  7 0.00000000E+00-6.58535219E-02 0.00000000E+00 1.88051145E-02 0.00000000E+00
26  8 0.00000000E+00 0.00000000E+00 0.00000000E+00-4.22186598E-01 0.00000000E+00
26  9 0.00000000E+00 8.89995452E-02 0.00000000E+00 0.00000000E+00 0.00000000E+00
26 10 0.00000000E+00-6.58535219E-02 0.00000000E+00-1.88051145E-02
27  1-4.52197220E-02-1.59991621E-01-7.16223297E-01-1.05248988E+00 0.00000000E+00
27  2 0.00000000E+00 4.39595262E-02 0.00000000E+00 0.00000000E+00-2.35157181E-01
27  3 0.00000000E+00 0.00000000E+00-2.08345079E-02-5.91117766E-01 2.89097749E-01
27  4 3.02020017E-01 0.00000000E+00 0.00000000E+00 0.00000000E+00-6.10049871E-02
27  5 1.20819018E-01 6.28128774E-01-3.03564957E-01 0.00000000E+00 1.50722339E-02
27  6 1.18949288E+00 0.00000000E+00-2.01788489E-01 5.45370904E-03-3.14720907E-03
27  7-2.30649997E-03 0.00000000E+00-2.71684050E-03 0.00000000E+00-6.10049871E-02
27  8 1.20819018E-01 6.28128774E-01 3.03564957E-01 0.00000000E+00 1.50722339E-02
27  9-1.18949288E+00 0.00000000E+00-2.01788489E-01 5.45370904E-03-3.14720907E-03
27 10-2.30649997E-03 0.00000000E+00 2.71684050E-03 0.00000000E+00
28  1 0.00000000E+00 0.00000000E+00 0.00000000E+00 0.00000000E+00-2.10012168E-01
28  2 0.00000000E+00 0.00000000E+00 1.04677186E+00 0.00000000E+00 0.00000000E+00
28  3 1.38040141E-02 0.00000000E+00 0.00000000E+00 0.00000000E+00 0.00000000E+00
28  4 0.00000000E+00 0.00000000E+00 5.40606797E-01 0.00000000E+00-5.06921142E-02
28  5 1.29539867E-01 3.65725606E-01-9.20433546E-02 0.00000000E+00 2.57959679E-01
28  6 8.64097758E-01 0.00000000E+00-2.29688632E-01-4.67326130E-02 1.64431139E-02
28  7 3.02894991E-02 0.00000000E+00-1.80693162E-02 0.00000000E+00 5.06921142E-02
28  8-1.29539867E-01-3.65725606E-01-9.20433546E-02 0.00000000E+00-2.57959679E-01
28  9 8.64097758E-01 0.00000000E+00 2.29688632E-01 4.67326130E-02-1.64431139E-02
28 10-3.02894991E-02 0.00000000E+00-1.80693162E-02 0.00000000E+00
29  1 0.00000000E+00 0.00000000E+00 0.00000000E+00 0.00000000E+00 3.33960595E-03
29  2 0.00000000E+00 0.00000000E+00 1.30369235E-01 0.00000000E+00 0.00000000E+00
29  3-1.34581317E-01 0.00000000E+00 0.00000000E+00 0.00000000E+00 0.00000000E+00
29  4 0.00000000E+00 0.00000000E+00 2.02567519E-01 0.00000000E+00 4.73845833E-04
29  5-8.14881066E-02 8.86550350E-02-2.90315282E-01 0.00000000E+00-5.41237863E-01
29  6 4.62896457E-01 0.00000000E+00 6.89493286E-01-1.41327787E-02 4.20468629E-03
29  7 9.92809242E-03 0.00000000E+00-1.66072704E-02 0.00000000E+00-4.73845833E-04
29  8 8.14881066E-02-8.86550350E-02-2.90315282E-01 0.00000000E+00 5.41237863E-01
29  9 4.62896457E-01 0.00000000E+00-6.89493286E-01 1.41327787E-02-4.20468629E-03
29 10-9.92809242E-03 0.00000000E+00-1.66072704E-02 0.00000000E+00
30  1 0.00000000E+00 0.00000000E+00 0.00000000E+00 0.00000000E+00 0.00000000E+00
30  2 0.00000000E+00 0.00000000E+00 0.00000000E+00 0.00000000E+00 0.00000000E+00
30  3 0.00000000E+00 0.00000000E+00 0.00000000E+00 0.00000000E+00 0.00000000E+00
30  4 0.00000000E+00 5.47690050E-01 0.00000000E+00 0.00000000E+00 0.00000000E+00
30  5 0.00000000E+00 0.00000000E+00 0.00000000E+00-5.08332704E-01 0.00000000E+00
30  6 0.00000000E+00 8.12725341E-01 0.00000000E+00 0.00000000E+00 0.00000000E+00
30  7 0.00000000E+00-5.68233159E-02 0.00000000E+00 1.39412851E-02 0.00000000E+00
30  8 0.00000000E+00 0.00000000E+00 0.00000000E+00 5.08332704E-01 0.00000000E+00
30  9 0.00000000E+00-8.12725341E-01 0.00000000E+00 0.00000000E+00 0.00000000E+00
30 10 0.00000000E+00-5.68233159E-02 0.00000000E+00-1.39412851E-02
31  1 0.00000000E+00 0.00000000E+00 0.00000000E+00 0.00000000E+00-1.17213597E-01
31  2 0.00000000E+00 0.00000000E+00 2.04584145E-01 0.00000000E+00 0.00000000E+00
31  3 6.12441281E-02 0.00000000E+00 0.00000000E+00 0.00000000E+00 0.00000000E+00
31  4 0.00000000E+00 0.00000000E+00 6.87017606E-01 0.00000000E+00-1.29706133E-02
31  5 9.40350966E-02 7.68232904E-02 5.72788313E-01 0.00000000E+00-1.34187542E-01
31  6-4.42541550E-01 0.00000000E+00 3.73027586E-01-2.26062058E-02-7.29673042E-03
31  7 2.99029362E-02 0.00000000E+00-7.70285180E-02 0.00000000E+00 1.29706133E-02
31  8-9.40350966E-02-7.68232904E-02 5.72788313E-01 0.00000000E+00 1.34187542E-01
31  9-4.42541550E-01 0.00000000E+00-3.73027586E-01 2.26062058E-02 7.29673042E-03
31 10-2.99029362E-02 0.00000000E+00-7.70285180E-02 0.00000000E+00
32  1 4.50900352E-03 2.46217287E-02 8.28545595E-02-3.35226765E-02 0.00000000E+00
32  2 0.00000000E+00-2.82181222E-02 0.00000000E+00 0.00000000E+00 9.79298622E-02
32  3 0.00000000E+00 0.00000000E+00-7.96606555E-01 1.00884349E-01 5.47339291E-02
32  4-1.55618278E-01 0.00000000E+00 0.00000000E+00 0.00000000E+00-4.89000299E-03
32  5 8.54158600E-02-5.33423844E-02-1.27361110E-01 0.00000000E+00-6.05862209E-01
32  6 1.31040435E-01 0.00000000E+00 9.78230548E-01-6.40631006E-03 3.52733022E-03
32  7 2.87897984E-03 0.00000000E+00-3.88600451E-02 0.00000000E+00-4.89000299E-03
32  8 8.54158600E-02-5.33423844E-02 1.27361110E-01 0.00000000E+00-6.05862209E-01
32  9-1.31040435E-01 0.00000000E+00 9.78230548E-01-6.40631006E-03 3.52733022E-03
32 10 2.87897984E-03 0.00000000E+00 3.88600451E-02 0.00000000E+00
33  1 0.00000000E+00 0.00000000E+00 0.00000000E+00 0.00000000E+00 0.00000000E+00
33  2-2.66943155E-02 0.00000000E+00 0.00000000E+00 8.63975246E-02 0.00000000E+00
33  3 0.00000000E+00-8.07377564E-01 0.00000000E+00 0.00000000E+00 0.00000000E+00
33  4 0.00000000E+00 0.00000000E+00 0.00000000E+00-1.21188405E-01 0.00000000E+00
33  5 0.00000000E+00 0.00000000E+00 0.00000000E+00-6.25998733E-01 0.00000000E+00
33  6 0.00000000E+00 9.97316664E-01 0.00000000E+00 0.00000000E+00 0.00000000E+00
33  7 0.00000000E+00-4.00885219E-02 0.00000000E+00-5.81502086E-04 0.00000000E+00
33  8 0.00000000E+00 0.00000000E+00 0.00000000E+00-6.25998733E-01 0.00000000E+00
33  9 0.00000000E+00 9.97316664E-01 0.00000000E+00 0.00000000E+00 0.00000000E+00
33 10 0.00000000E+00 4.00885219E-02 0.00000000E+00-5.81502086E-04
34  1-4.60624287E-03-2.36676666E-01-3.42213029E-01 1.52722270E+00 0.00000000E+00
34  2 0.00000000E+00-4.75921532E-02 0.00000000E+00 0.00000000E+00 1.82500496E-01
34  3 0.00000000E+00 0.00000000E+00 1.46355525E-01 1.24458150E+00-6.55888760E-01
34  4-5.88692740E-01 0.00000000E+00 0.00000000E+00 0.00000000E+00 3.60041753E-02
34  5 1.35267214E-01-1.03262172E+00-5.75919442E-01 0.00000000E+00 1.84720828E-01
34  6-1.38592664E-01 0.00000000E+00-1.83447115E-02 2.90646449E-02-3.75013610E-02
34  7 8.43671603E-03 0.00000000E+00-9.30985031E-02 0.00000000E+00 3.60041753E-02
34  8 1.35267214E-01-1.03262172E+00 5.75919442E-01 0.00000000E+00 1.84720828E-01
34  9 1.38592664E-01 0.00000000E+00-1.83447115E-02 2.90646449E-02-3.75013610E-02
34 10 8.43671603E-03 0.00000000E+00 9.30985031E-02 0.00000000E+00
35  1 5.43275198E-03 1.69068482E-02 5.80145003E-02-1.62129918E+00 0.00000000E+00
35  2 0.00000000E+00-1.03744485E-02 0.00000000E+00 0.00000000E+00-2.23079879E-02
35  3 0.00000000E+00 0.00000000E+00-3.11975708E-01 2.07011510E-02-1.78184965E-03
35  4-1.89193013E-02 0.00000000E+00 0.00000000E+00 0.00000000E+00 1.43135347E-02
35  5-1.21742876E+00 1.74762441E+00-1.63048704E-01 0.00000000E+00-1.46213785E-02
35  6 6.83863444E-01 0.00000000E+00 3.80827991E-02-1.57391203E-01 6.84541252E-02
35  7 8.89370781E-02 0.00000000E+00-4.52539911E-02 0.00000000E+00 1.43135347E-02
35  8-1.21742876E+00 1.74762441E+00 1.63048704E-01 0.00000000E+00-1.46213785E-02
35  9-6.83863444E-01 0.00000000E+00 3.80827991E-02-1.57391203E-01 6.84541252E-02
35 10 8.89370781E-02 0.00000000E+00 4.52539911E-02 0.00000000E+00
36  1 0.00000000E+00 0.00000000E+00 0.00000000E+00 0.00000000E+00-1.96650260E-02
36  2 0.00000000E+00 0.00000000E+00 3.06604701E-01 0.00000000E+00 0.00000000E+00
36  3 1.80830417E+00 0.00000000E+00 0.00000000E+00 0.00000000E+00 0.00000000E+00
36  4 0.00000000E+00 0.00000000E+00 1.23712777E-01 0.00000000E+00-9.60156016E-03
36  5-1.29870536E+00 2.43913581E+00 3.94349230E-02 0.00000000E+00 5.52268816E-02
36  6 4.50838255E-01 0.00000000E+00-2.28652767E-01-2.05026978E-01 1.08342267E-01
36  7 9.66847113E-02 0.00000000E+00 1.07445452E-01 0.00000000E+00 9.60156016E-03
36  8 1.29870536E+00-2.43913581E+00 3.94349230E-02 0.00000000E+00-5.52268816E-02
36  9 4.50838255E-01 0.00000000E+00 2.28652767E-01 2.05026978E-01-1.08342267E-01
36 10-9.66847113E-02 0.00000000E+00 1.07445452E-01 0.00000000E+00
37  1 0.00000000E+00 0.00000000E+00 0.00000000E+00 0.00000000E+00 0.00000000E+00
37  2 0.00000000E+00 0.00000000E+00 0.00000000E+00 0.00000000E+00 0.00000000E+00
37  3 0.00000000E+00 0.00000000E+00 0.00000000E+00 0.00000000E+00 0.00000000E+00
37  4 0.00000000E+00 1.85583041E-02 0.00000000E+00 0.00000000E+00 0.00000000E+00
37  5 0.00000000E+00 0.00000000E+00 0.00000000E+00-3.80410284E-03 0.00000000E+00
37  6 0.00000000E+00 7.04560951E-03 0.00000000E+00 0.00000000E+00 0.00000000E+00
37  7 0.00000000E+00 1.80735151E-01 0.00000000E+00 6.83730486E-01 0.00000000E+00
37  8 0.00000000E+00 0.00000000E+00 0.00000000E+00 3.80410284E-03 0.00000000E+00
37  9 0.00000000E+00-7.04560951E-03 0.00000000E+00 0.00000000E+00 0.00000000E+00
37 10 0.00000000E+00 1.80735151E-01 0.00000000E+00-6.83730486E-01
38  1 0.00000000E+00 0.00000000E+00 0.00000000E+00 0.00000000E+00 2.79978688E-04
38  2 0.00000000E+00 0.00000000E+00-2.13972396E-03 0.00000000E+00 0.00000000E+00
38  3 2.62588740E-02 0.00000000E+00 0.00000000E+00 0.00000000E+00 0.00000000E+00
38  4 0.00000000E+00 0.00000000E+00-1.78470876E-02 0.00000000E+00 8.61054053E-05
38  5-1.57977730E-02 2.73920939E-02 4.82803826E-04 0.00000000E+00 5.05455802E-03
38  6 2.52768028E-04 0.00000000E+00-9.82447219E-03-4.46877646E-02 6.14583655E-01
38  7-5.69895890E-01 0.00000000E+00-1.74503791E-01 0.00000000E+00-8.61054053E-05
38  8 1.57977730E-02-2.73920939E-02 4.82803826E-04 0.00000000E+00-5.05455802E-03
38  9 2.52768028E-04 0.00000000E+00 9.82447219E-03 4.46877646E-02-6.14583655E-01
38 10 5.69895890E-01 0.00000000E+00-1.74503791E-01 0.00000000E+00
39  1 0.00000000E+00 0.00000000E+00 0.00000000E+00 0.00000000E+00 0.00000000E+00
39  2-2.65626345E-02 0.00000000E+00 0.00000000E+00 9.91171457E-02 0.00000000E+00
39  3 0.00000000E+00 1.85249135E-02 0.00000000E+00 0.00000000E+00 0.00000000E+00
39  4 0.00000000E+00 0.00000000E+00 0.00000000E+00-1.18748365E-01 0.00000000E+00
39  5 0.00000000E+00 0.00000000E+00 0.00000000E+00 2.26871092E-02 0.00000000E+00
39  6 0.00000000E+00-3.94779193E-02 0.00000000E+00 0.00000000E+00 0.00000000E+00
39  7 0.00000000E+00-1.20047525E-01 0.00000000E+00 6.99645982E-01 0.00000000E+00
39  8 0.00000000E+00 0.00000000E+00 0.00000000E+00 2.26871092E-02 0.00000000E+00
39  9 0.00000000E+00-3.94779193E-02 0.00000000E+00 0.00000000E+00 0.00000000E+00
39 10 0.00000000E+00 1.20047525E-01 0.00000000E+00 6.99645982E-01
40  1 1.48228009E-03 1.33854610E-02 3.56002416E-02-1.33090435E-02 0.00000000E+00
40  2 0.00000000E+00-1.08396563E-02 0.00000000E+00 0.00000000E+00 4.44102927E-02
40  3 0.00000000E+00 0.00000000E+00-2.27491051E-04-5.08343493E-02 1.52206995E-01
40  4-1.01372645E-01 0.00000000E+00 0.00000000E+00 0.00000000E+00-1.40384176E-03
40  5 3.60935998E-02-2.12829531E-02 2.68557492E-02 0.00000000E+00 2.15649101E-03
40  6-2.42284658E-02 0.00000000E+00-7.05227793E-03-3.15027432E-02-5.96663285E-01
40  7 6.28166028E-01 0.00000000E+00 3.40443720E-02 0.00000000E+00-1.40384176E-03
40  8 3.60935998E-02-2.12829531E-02-2.68557492E-02 0.00000000E+00 2.15649101E-03
40  9 2.42284658E-02 0.00000000E+00-7.05227793E-03-3.15027432E-02-5.96663285E-01
40 10 6.28166028E-01 0.00000000E+00-3.40443720E-02 0.00000000E+00
41  1 0.00000000E+00 0.00000000E+00 0.00000000E+00 0.00000000E+00 0.00000000E+00
41  2 7.32521876E-02 0.00000000E+00 0.00000000E+00-2.71443736E-01 0.00000000E+00
41  3 0.00000000E+00-1.09713828E-01 0.00000000E+00 0.00000000E+00 0.00000000E+00
41  4 0.00000000E+00 0.00000000E+00 0.00000000E+00-1.50899392E-01 0.00000000E+00
41  5 0.00000000E+00 0.00000000E+00 0.00000000E+00-7.26084614E-02 0.00000000E+00
41  6 0.00000000E+00 1.64944564E-01 0.00000000E+00 0.00000000E+00 0.00000000E+00
41  7 0.00000000E+00 7.18449603E-01 0.00000000E+00 1.15224305E-01 0.00000000E+00
41  8 0.00000000E+00 0.00000000E+00 0.00000000E+00-7.26084614E-02 0.00000000E+00
41  9 0.00000000E+00 1.64944564E-01 0.00000000E+00 0.00000000E+00 0.00000000E+00
41 10 0.00000000E+00-7.18449603E-01 0.00000000E+00 1.15224305E-01
42  1-6.91578799E-03-5.02390447E-02-1.53210600E-01-1.23367763E-01 0.00000000E+00
42  2 0.00000000E+00 7.42789110E-02 0.00000000E+00 0.00000000E+00-2.96720811E-01
42  3 0.00000000E+00 0.00000000E+00-1.48560481E-01 2.25677482E-01-5.13038721E-03
42  4-2.20547095E-01 0.00000000E+00 0.00000000E+00 0.00000000E+00 3.05799001E-03
42  5-2.33343281E-01 2.57227360E-01-1.19556549E-01 0.00000000E+00-5.10323064E-02
42  6 1.93963457E-01 0.00000000E+00 1.66691890E-01 3.09932606E-01-1.41853627E-01
42  7-1.68078979E-01 0.00000000E+00 6.52117609E-01 0.00000000E+00 3.05799001E-03
42  8-2.33343281E-01 2.57227360E-01 1.19556549E-01 0.00000000E+00-5.10323064E-02
42  9-1.93963457E-01 0.00000000E+00 1.66691890E-01 3.09932606E-01-1.41853627E-01
42 10-1.68078979E-01 0.00000000E+00-6.52117609E-01 0.00000000E+00
43  1 0.00000000E+00 0.00000000E+00 0.00000000E+00 0.00000000E+00 2.98373509E-02
43  2 0.00000000E+00 0.00000000E+00-2.24549362E-01 0.00000000E+00 0.00000000E+00
43  3-1.03658445E-01 0.00000000E+00 0.00000000E+00 0.00000000E+00 0.00000000E+00
43  4 0.00000000E+00 0.00000000E+00 6.13917673E-01 0.00000000E+00 1.15635636E-03
43  5 1.93672515E-01-2.68947143E-01 6.21915123E-02 0.00000000E+00-2.79444320E-02
43  6-1.05200547E-01 0.00000000E+00 2.33027175E-01 1.28694779E-01 1.00412607E-01
43  7-2.29107385E-01 0.00000000E+00 7.32161926E-01 0.00000000E+00-1.15635636E-03
43  8-1.93672515E-01 2.68947143E-01 6.21915123E-02 0.00000000E+00 2.79444320E-02
43  9-1.05200547E-01 0.00000000E+00-2.33027175E-01-1.28694779E-01-1.00412607E-01
43 10 2.29107385E-01 0.00000000E+00 7.32161926E-01 0.00000000E+00
44  1 0.00000000E+00 0.00000000E+00 0.00000000E+00 0.00000000E+00 0.00000000E+00
44  2 0.00000000E+00 0.00000000E+00 0.00000000E+00 0.00000000E+00 0.00000000E+00
44  3 0.00000000E+00 0.00000000E+00 0.00000000E+00 0.00000000E+00 0.00000000E+00
44  4 0.00000000E+00 6.67374197E-01 0.00000000E+00 0.00000000E+00 0.00000000E+00
44  5 0.00000000E+00 0.00000000E+00 0.00000000E+00-9.69456502E-03 0.00000000E+00
44  6 0.00000000E+00 2.17655095E-01 0.00000000E+00 0.00000000E+00 0.00000000E+00
44  7 0.00000000E+00 7.57813134E-01 0.00000000E+00-1.93847858E-01 0.00000000E+00
44  8 0.00000000E+00 0.00000000E+00 0.00000000E+00 9.69456502E-03 0.00000000E+00
44  9 0.00000000E+00-2.17655095E-01 0.00000000E+00 0.00000000E+00 0.00000000E+00
44 10 0.00000000E+00 7.57813134E-01 0.00000000E+00 1.93847858E-01
45  1 0.00000000E+00 0.00000000E+00 0.00000000E+00 0.00000000E+00-2.26979753E-01
45  2 0.00000000E+00 0.00000000E+00 1.50359103E+00 0.00000000E+00 0.00000000E+00
45  3 5.34147382E-01 0.00000000E+00 0.00000000E+00 0.00000000E+00 0.00000000E+00
45  4 0.00000000E+00 0.00000000E+00 3.64610486E-01 0.00000000E+00-3.71446256E-02
45  5-6.27308016E-01 1.49556424E+00 8.10699633E-02 0.00000000E+00 8.16609257E-03
45  6 7.82980670E-01 0.00000000E+00-1.19321123E-01 8.31165444E-01-3.99618209E-01
45  7-4.31547235E-01 0.00000000E+00-1.12165403E-01 0.00000000E+00 3.71446256E-02
45  8 6.27308016E-01-1.49556424E+00 8.10699633E-02 0.00000000E+00-8.16609257E-03
45  9 7.82980670E-01 0.00000000E+00 1.19321123E-01-8.31165444E-01 3.99618209E-01
45 10 4.31547235E-01 0.00000000E+00-1.12165403E-01 0.00000000E+00
46  1-5.98579776E-02-1.00359879E-01-8.87411738E-01-1.49988172E+00 0.00000000E+00
46  2 0.00000000E+00 3.78009968E-02 0.00000000E+00 0.00000000E+00-2.67245833E-01
46  3 0.00000000E+00 0.00000000E+00-8.52806242E-02-1.11937362E+00 5.69659438E-01
46  4 5.49714178E-01 0.00000000E+00 0.00000000E+00 0.00000000E+00-4.54961759E-02
46  5-5.09176490E-01 1.58452974E+00 2.08770648E-01 0.00000000E+00-5.48911829E-02
46  6 8.84766967E-01 0.00000000E+00-1.79078208E-01 8.23612932E-01-4.59232946E-01
46  7-3.64379986E-01 0.00000000E+00-3.99025345E-01 0.00000000E+00-4.54961759E-02
46  8-5.09176490E-01 1.58452974E+00-2.08770648E-01 0.00000000E+00-5.48911829E-02
46  9-8.84766967E-01 0.00000000E+00-1.79078208E-01 8.23612932E-01-4.59232946E-01
46 10-3.64379986E-01 0.00000000E+00 3.99025345E-01 0.00000000E+00
 $END   
 POPULATION ANALYSIS
S           15.42726   0.57274  15.37648   0.62352
O            8.28637  -0.28637   8.31176  -0.31176
O            8.28637  -0.28637   8.31176  -0.31176
 MOMENTS AT POINT    1 X,Y,Z=  0.000000  0.000000  0.000000
 DIPOLE       0.000000  0.000000  0.161473
