 $DATA  
Title                                                                           
CNV      2

S          16.0      0.0000000000      0.0000000000     -0.2536413253
   PC1     0
        
O           8.0      1.0875693444      0.0000000000      0.2535005888
   PC1     0
        
 $END      
 $ZMAT   IZMAT(1)=
         1,   3,   1,
         1,   2,   1,
         2,   2,   1,   3,
 $END
--- CLOSED SHELL ORBITALS --- GENERATED AT Thu Feb 26 00:13:09 2015
Title                                                                           
E(R-PBE)=     -547.9396276858, E(NUC)=  128.4613462920,   16 ITERS
 $VEC   
 1  1 1.00298523E+00-1.01445197E-02 2.12090242E-03-2.90584963E-04 0.00000000E+00
 1  2 0.00000000E+00 5.32382933E-05 0.00000000E+00 0.00000000E+00 2.34925579E-04
 1  3 0.00000000E+00 0.00000000E+00 4.24328811E-05 3.09455277E-04-1.83505076E-04
 1  4-1.25950201E-04 0.00000000E+00 0.00000000E+00 0.00000000E+00 8.52087970E-06
 1  5-3.12716353E-05-4.64645089E-04-1.53807050E-04 0.00000000E+00 8.62738469E-05
 1  6-3.07657762E-04 0.00000000E+00 1.86227420E-04-4.95999865E-05 5.72094858E-05
 1  7-7.60949932E-06 0.00000000E+00 9.22696759E-05 0.00000000E+00 8.52087970E-06
 1  8-3.12716353E-05-4.64645089E-04 1.53807050E-04 0.00000000E+00 8.62738469E-05
 1  9 3.07657762E-04 0.00000000E+00 1.86227420E-04-4.95999865E-05 5.72094858E-05
 1 10-7.60949932E-06 0.00000000E+00-9.22696759E-05 0.00000000E+00
 2  1 0.00000000E+00 0.00000000E+00 0.00000000E+00 0.00000000E+00-4.07945755E-04
 2  2 0.00000000E+00 0.00000000E+00 1.62858098E-03 0.00000000E+00 0.00000000E+00
 2  3-6.04739365E-03 0.00000000E+00 0.00000000E+00 0.00000000E+00 0.00000000E+00
 2  4 0.00000000E+00 0.00000000E+00 2.41135744E-03 0.00000000E+00 7.03179830E-01
 2  5 2.71470486E-02-1.26648810E-02 2.08120370E-03 0.00000000E+00-8.23922611E-04
 2  6-1.38220417E-03 0.00000000E+00 1.86888285E-03 5.25053099E-04-5.28140008E-05
 2  7-4.72239098E-04 0.00000000E+00-7.85627141E-05 0.00000000E+00-7.03179830E-01
 2  8-2.71470486E-02 1.26648810E-02 2.08120370E-03 0.00000000E+00 8.23922611E-04
 2  9-1.38220417E-03 0.00000000E+00-1.86888285E-03-5.25053099E-04 5.28140008E-05
 2 10 4.72239098E-04 0.00000000E+00-7.85627141E-05 0.00000000E+00
 3  1-7.59062906E-05 4.88829371E-04-6.89895272E-04 1.19272330E-02 0.00000000E+00
 3  2 0.00000000E+00-6.63158731E-06 0.00000000E+00 0.00000000E+00 5.65019330E-04
 3  3 0.00000000E+00 0.00000000E+00 4.48494381E-03-1.82153894E-03 6.38966366E-04
 3  4 1.18257258E-03 0.00000000E+00 0.00000000E+00 0.00000000E+00 7.03217138E-01
 3  5 2.71780418E-02-1.48205724E-02 1.68127009E-03 0.00000000E+00-6.88304026E-04
 3  6-3.82737582E-03 0.00000000E+00 8.61147911E-05-1.81201541E-04-1.53960219E-04
 3  7 3.35161759E-04 0.00000000E+00-3.65649281E-04 0.00000000E+00 7.03217138E-01
 3  8 2.71780418E-02-1.48205724E-02-1.68127009E-03 0.00000000E+00-6.88304026E-04
 3  9 3.82737582E-03 0.00000000E+00 8.61147911E-05-1.81201541E-04-1.53960219E-04
 3 10 3.35161759E-04 0.00000000E+00 3.65649281E-04 0.00000000E+00
 4  1-2.73761419E-01 1.03923667E+00 4.37596679E-02-7.56937938E-03 0.00000000E+00
 4  2 0.00000000E+00 1.57432318E-02 0.00000000E+00 0.00000000E+00 3.05494888E-03
 4  3 0.00000000E+00 0.00000000E+00-1.13786484E-04 2.88686654E-03-1.57866853E-03
 4  4-1.30819801E-03 0.00000000E+00 0.00000000E+00 0.00000000E+00-1.14398227E-03
 4  5 3.39944226E-04-2.91440945E-03 7.19145933E-04 0.00000000E+00-2.12670585E-04
 4  6-2.57036645E-03 0.00000000E+00 1.60400124E-03 1.13335457E-03-6.05908330E-04
 4  7-5.27446237E-04 0.00000000E+00-6.97128757E-04 0.00000000E+00-1.14398227E-03
 4  8 3.39944226E-04-2.91440945E-03-7.19145933E-04 0.00000000E+00-2.12670585E-04
 4  9 2.57036645E-03 0.00000000E+00 1.60400124E-03 1.13335457E-03-6.05908330E-04
 4 10-5.27446237E-04 0.00000000E+00 6.97128757E-04 0.00000000E+00
 5  1 0.00000000E+00 0.00000000E+00 0.00000000E+00 0.00000000E+00 9.94334547E-01
 5  2 0.00000000E+00 0.00000000E+00 1.34372990E-02 0.00000000E+00 0.00000000E+00
 5  3-1.49578384E-04 0.00000000E+00 0.00000000E+00 0.00000000E+00 0.00000000E+00
 5  4 0.00000000E+00 0.00000000E+00 3.07914700E-03 0.00000000E+00 2.30895573E-03
 5  5-2.46980150E-03 1.15936454E-03-3.38779431E-03 0.00000000E+00 2.04015732E-03
 5  6 8.81488255E-04 0.00000000E+00-7.73411780E-05-1.18282068E-03 1.13653646E-03
 5  7 4.62842121E-05 0.00000000E+00 1.75963790E-03 0.00000000E+00-2.30895573E-03
 5  8 2.46980150E-03-1.15936454E-03-3.38779431E-03 0.00000000E+00-2.04015732E-03
 5  9 8.81488255E-04 0.00000000E+00 7.73411780E-05 1.18282068E-03-1.13653646E-03
 5 10-4.62842121E-05 0.00000000E+00 1.75963790E-03 0.00000000E+00
 6  1 0.00000000E+00 0.00000000E+00 0.00000000E+00 0.00000000E+00 0.00000000E+00
 6  2 9.96300804E-01 0.00000000E+00 0.00000000E+00 1.05769223E-02 0.00000000E+00
 6  3 0.00000000E+00-6.26249717E-04 0.00000000E+00 0.00000000E+00 0.00000000E+00
 6  4 0.00000000E+00 0.00000000E+00 0.00000000E+00 1.26065659E-03 0.00000000E+00
 6  5 0.00000000E+00 0.00000000E+00 0.00000000E+00 6.12907642E-04 0.00000000E+00
 6  6 0.00000000E+00-1.85960200E-04 0.00000000E+00 0.00000000E+00 0.00000000E+00
 6  7 0.00000000E+00 4.98629911E-04 0.00000000E+00-3.27944448E-04 0.00000000E+00
 6  8 0.00000000E+00 0.00000000E+00 0.00000000E+00 6.12907642E-04 0.00000000E+00
 6  9 0.00000000E+00-1.85960200E-04 0.00000000E+00 0.00000000E+00 0.00000000E+00
 6 10 0.00000000E+00-4.98629911E-04 0.00000000E+00-3.27944448E-04
 7  1 4.78926118E-03-1.79224730E-02 1.12075483E-03-3.57875875E-04 0.00000000E+00
 7  2 0.00000000E+00 9.95923024E-01 0.00000000E+00 0.00000000E+00 1.05582594E-02
 7  3 0.00000000E+00 0.00000000E+00-4.49917271E-04-6.36969931E-04-8.91943124E-04
 7  4 1.52891306E-03 0.00000000E+00 0.00000000E+00 0.00000000E+00-1.02375412E-03
 7  5 1.41226391E-03 6.41867839E-05 2.10890514E-03 0.00000000E+00-4.02707290E-04
 7  6-3.25353245E-04 0.00000000E+00-2.01498132E-04 9.71869420E-04-3.87249345E-04
 7  7-5.84620074E-04 0.00000000E+00-3.68934245E-04 0.00000000E+00-1.02375412E-03
 7  8 1.41226391E-03 6.41867839E-05-2.10890514E-03 0.00000000E+00-4.02707290E-04
 7  9 3.25353245E-04 0.00000000E+00-2.01498132E-04 9.71869420E-04-3.87249345E-04
 7 10-5.84620074E-04 0.00000000E+00 3.68934245E-04 0.00000000E+00
 8  1 6.08078917E-02-1.89008547E-01 3.19129283E-01 7.97619867E-02 0.00000000E+00
 8  2 0.00000000E+00-8.30048258E-02 0.00000000E+00 0.00000000E+00 1.29019916E-01
 8  3 0.00000000E+00 0.00000000E+00-1.29364953E-02 6.52658543E-02-4.34118106E-02
 8  4-2.18540437E-02 0.00000000E+00 0.00000000E+00 0.00000000E+00-1.26257655E-01
 8  5 2.36343736E-01 2.24633042E-01 1.46447837E-01 0.00000000E+00-5.38311699E-02
 8  6 3.71712758E-02 0.00000000E+00-5.68826141E-03 1.93245517E-02-9.33066075E-03
 8  7-9.99389092E-03 0.00000000E+00-1.16190728E-02 0.00000000E+00-1.26257655E-01
 8  8 2.36343736E-01 2.24633042E-01-1.46447837E-01 0.00000000E+00-5.38311699E-02
 8  9-3.71712758E-02 0.00000000E+00-5.68826141E-03 1.93245517E-02-9.33066075E-03
 8 10-9.99389092E-03 0.00000000E+00 1.16190728E-02 0.00000000E+00
 9  1 0.00000000E+00 0.00000000E+00 0.00000000E+00 0.00000000E+00-2.03931163E-01
 9  2 0.00000000E+00 0.00000000E+00 3.40181930E-01 0.00000000E+00 0.00000000E+00
 9  3 8.10476418E-03 0.00000000E+00 0.00000000E+00 0.00000000E+00 0.00000000E+00
 9  4 0.00000000E+00 0.00000000E+00 9.49771598E-02 0.00000000E+00 1.47129285E-01
 9  5-2.76551211E-01-2.61797431E-01-1.33331191E-01 0.00000000E+00 6.92195736E-02
 9  6-1.57452528E-02 0.00000000E+00 1.42134863E-02-1.12599127E-02 9.59280378E-03
 9  7 1.66710894E-03 0.00000000E+00 1.60256588E-02 0.00000000E+00-1.47129285E-01
 9  8 2.76551211E-01 2.61797431E-01-1.33331191E-01 0.00000000E+00-6.92195736E-02
 9  9-1.57452528E-02 0.00000000E+00-1.42134863E-02 1.12599127E-02-9.59280378E-03
 9 10-1.66710894E-03 0.00000000E+00 1.60256588E-02 0.00000000E+00
10  1 0.00000000E+00 0.00000000E+00 0.00000000E+00 0.00000000E+00 0.00000000E+00
10  2-2.06434741E-01 0.00000000E+00 0.00000000E+00 4.55967158E-01 0.00000000E+00
10  3 0.00000000E+00 1.49232192E-01 0.00000000E+00 0.00000000E+00 0.00000000E+00
10  4 0.00000000E+00 0.00000000E+00 0.00000000E+00 6.73768968E-02 0.00000000E+00
10  5 0.00000000E+00 0.00000000E+00 0.00000000E+00 3.34635939E-01 0.00000000E+00
10  6 0.00000000E+00 1.73755995E-01 0.00000000E+00 0.00000000E+00 0.00000000E+00
10  7 0.00000000E+00 2.87582024E-02 0.00000000E+00-1.22990210E-02 0.00000000E+00
10  8 0.00000000E+00 0.00000000E+00 0.00000000E+00 3.34635939E-01 0.00000000E+00
10  9 0.00000000E+00 1.73755995E-01 0.00000000E+00 0.00000000E+00 0.00000000E+00
10 10 0.00000000E+00-2.87582024E-02 0.00000000E+00-1.22990210E-02
11  1-4.54464733E-02 1.25012424E-01-2.89294300E-01-2.40631285E-01 0.00000000E+00
11  2 0.00000000E+00-1.39893329E-01 0.00000000E+00 0.00000000E+00 3.03817977E-01
11  3 0.00000000E+00 0.00000000E+00 1.30556768E-01-5.75098009E-02-1.74630030E-02
11  4 7.49728040E-02 0.00000000E+00 0.00000000E+00 0.00000000E+00-6.14860912E-02
11  5 1.28110844E-01 2.27640391E-01-4.57347754E-02 0.00000000E+00 2.83030002E-01
11  6-2.05076389E-02 0.00000000E+00 1.37460892E-01 4.84652511E-03 4.29274885E-03
11  7-9.13927396E-03 0.00000000E+00 1.79850263E-02 0.00000000E+00-6.14860912E-02
11  8 1.28110844E-01 2.27640391E-01 4.57347754E-02 0.00000000E+00 2.83030002E-01
11  9 2.05076389E-02 0.00000000E+00 1.37460892E-01 4.84652511E-03 4.29274885E-03
11 10-9.13927396E-03 0.00000000E+00-1.79850263E-02 0.00000000E+00
12  1 2.71638068E-02-6.29867561E-02 1.86017977E-01-1.55355575E-02 0.00000000E+00
12  2 0.00000000E+00-1.26855880E-01 0.00000000E+00 0.00000000E+00 2.74960581E-01
12  3 0.00000000E+00 0.00000000E+00 3.70351580E-02-8.43397731E-02 8.23842354E-03
12  4 7.61013496E-02 0.00000000E+00 0.00000000E+00 0.00000000E+00 7.95675332E-02
12  5-1.59417776E-01-2.71458471E-01 3.34745888E-01 0.00000000E+00 1.04986478E-01
12  6 1.86621089E-01 0.00000000E+00 5.71615511E-02 2.28201841E-02-9.42726204E-03
12  7-1.33929221E-02 0.00000000E+00 3.07384489E-04 0.00000000E+00 7.95675332E-02
12  8-1.59417776E-01-2.71458471E-01-3.34745888E-01 0.00000000E+00 1.04986478E-01
12  9-1.86621089E-01 0.00000000E+00 5.71615511E-02 2.28201841E-02-9.42726204E-03
12 10-1.33929221E-02 0.00000000E+00-3.07384489E-04 0.00000000E+00
13  1 0.00000000E+00 0.00000000E+00 0.00000000E+00 0.00000000E+00-1.59537853E-01
13  2 0.00000000E+00 0.00000000E+00 3.34606084E-01 0.00000000E+00 0.00000000E+00
13  3-3.25532297E-02 0.00000000E+00 0.00000000E+00 0.00000000E+00 0.00000000E+00
13  4 0.00000000E+00 0.00000000E+00 1.50034308E-02 0.00000000E+00-6.67728334E-02
13  5 1.38135229E-01 2.74994749E-01-3.01986285E-01 0.00000000E+00 2.72088329E-01
13  6-1.41878665E-01 0.00000000E+00 1.53913479E-01-1.09122679E-02 1.30278327E-02
13  7-2.11556483E-03 0.00000000E+00 2.27872534E-02 0.00000000E+00 6.67728334E-02
13  8-1.38135229E-01-2.74994749E-01-3.01986285E-01 0.00000000E+00-2.72088329E-01
13  9-1.41878665E-01 0.00000000E+00-1.53913479E-01 1.09122679E-02-1.30278327E-02
13 10 2.11556483E-03 0.00000000E+00 2.27872534E-02 0.00000000E+00
14  1 0.00000000E+00 0.00000000E+00 0.00000000E+00 0.00000000E+00 0.00000000E+00
14  2 0.00000000E+00 0.00000000E+00 0.00000000E+00 0.00000000E+00 0.00000000E+00
14  3 0.00000000E+00 0.00000000E+00 0.00000000E+00 0.00000000E+00 0.00000000E+00
14  4 0.00000000E+00-1.83700156E-01 0.00000000E+00 0.00000000E+00 0.00000000E+00
14  5 0.00000000E+00 0.00000000E+00 0.00000000E+00 4.57993492E-01 0.00000000E+00
14  6 0.00000000E+00 2.91893430E-01 0.00000000E+00 0.00000000E+00 0.00000000E+00
14  7 0.00000000E+00 2.39057799E-02 0.00000000E+00-9.45593604E-03 0.00000000E+00
14  8 0.00000000E+00 0.00000000E+00 0.00000000E+00-4.57993492E-01 0.00000000E+00
14  9 0.00000000E+00-2.91893430E-01 0.00000000E+00 0.00000000E+00 0.00000000E+00
14 10 0.00000000E+00 2.39057799E-02 0.00000000E+00 9.45593604E-03
15  1 0.00000000E+00 0.00000000E+00 0.00000000E+00 0.00000000E+00 2.99425571E-03
15  2 0.00000000E+00 0.00000000E+00-4.99323938E-03 0.00000000E+00 0.00000000E+00
15  3 8.16777088E-02 0.00000000E+00 0.00000000E+00 0.00000000E+00 0.00000000E+00
15  4 0.00000000E+00 0.00000000E+00-1.69351386E-01 0.00000000E+00 1.99327659E-03
15  5-1.61785232E-02-1.57153809E-02 3.21448395E-01 0.00000000E+00 3.43956659E-01
15  6 1.88474106E-01 0.00000000E+00 2.28614484E-01 2.64820339E-02-5.19655642E-03
15  7-2.12854775E-02 0.00000000E+00 1.38596662E-02 0.00000000E+00-1.99327659E-03
15  8 1.61785232E-02 1.57153809E-02 3.21448395E-01 0.00000000E+00-3.43956659E-01
15  9 1.88474106E-01 0.00000000E+00-2.28614484E-01-2.64820339E-02 5.19655642E-03
15 10 2.12854775E-02 0.00000000E+00 1.38596662E-02 0.00000000E+00
16  1 2.37721578E-02-1.25307712E-01 9.01409578E-02 9.15362313E-01 0.00000000E+00
16  2 0.00000000E+00 1.45611910E-01 0.00000000E+00 0.00000000E+00-3.23130006E-01
16  3 0.00000000E+00 0.00000000E+00-1.60607638E-01-2.02206370E-01 9.65237274E-02
16  4 1.05682643E-01 0.00000000E+00 0.00000000E+00 0.00000000E+00 2.92304569E-02
16  5-4.78045575E-02-1.87798485E-01-1.29479495E-01 0.00000000E+00 3.24307692E-01
16  6-9.81742103E-02 0.00000000E+00 2.56932000E-01-1.40062419E-02 9.53234108E-03
16  7 4.47390082E-03 0.00000000E+00 1.58611700E-02 0.00000000E+00 2.92304569E-02
16  8-4.78045575E-02-1.87798485E-01 1.29479495E-01 0.00000000E+00 3.24307692E-01
16  9 9.81742103E-02 0.00000000E+00 2.56932000E-01-1.40062419E-02 9.53234108E-03
16 10 4.47390082E-03 0.00000000E+00-1.58611700E-02 0.00000000E+00
17  1 0.00000000E+00 0.00000000E+00 0.00000000E+00 0.00000000E+00 0.00000000E+00
17  2-2.00035316E-01 0.00000000E+00 0.00000000E+00 5.29964243E-01 0.00000000E+00
17  3 0.00000000E+00 7.52030636E-01 0.00000000E+00 0.00000000E+00 0.00000000E+00
17  4 0.00000000E+00 0.00000000E+00 0.00000000E+00-1.08317526E-01 0.00000000E+00
17  5 0.00000000E+00 0.00000000E+00 0.00000000E+00-3.71178905E-01 0.00000000E+00
17  6 0.00000000E+00-4.14671152E-01 0.00000000E+00 0.00000000E+00 0.00000000E+00
17  7 0.00000000E+00-5.54227478E-03 0.00000000E+00-2.11705998E-03 0.00000000E+00
17  8 0.00000000E+00 0.00000000E+00 0.00000000E+00-3.71178905E-01 0.00000000E+00
17  9 0.00000000E+00-4.14671152E-01 0.00000000E+00 0.00000000E+00 0.00000000E+00
17 10 0.00000000E+00 5.54227478E-03 0.00000000E+00-2.11705998E-03
18  1 4.03792712E-03-1.28918159E-01-1.10127256E-01 1.57085781E+00 0.00000000E+00
18  2 0.00000000E+00-9.58605782E-02 0.00000000E+00 0.00000000E+00 2.97086055E-01
18  3 0.00000000E+00 0.00000000E+00 1.19188066E+00-1.26809838E-01 2.39849850E-01
18  4-1.13040012E-01 0.00000000E+00 0.00000000E+00 0.00000000E+00 6.41584896E-02
18  5-9.66122282E-02-8.06026551E-01-2.10433941E-01 0.00000000E+00-1.52903427E-01
18  6-4.03456610E-01 0.00000000E+00-2.01632584E-01-1.79529338E-02 2.03297782E-02
18  7-2.37684438E-03 0.00000000E+00 1.12027311E-02 0.00000000E+00 6.41584896E-02
18  8-9.66122282E-02-8.06026551E-01 2.10433941E-01 0.00000000E+00-1.52903427E-01
18  9 4.03456610E-01 0.00000000E+00-2.01632584E-01-1.79529338E-02 2.03297782E-02
18 10-2.37684438E-03 0.00000000E+00-1.12027311E-02 0.00000000E+00
19  1 0.00000000E+00 0.00000000E+00 0.00000000E+00 0.00000000E+00-5.64008181E-02
19  2 0.00000000E+00 0.00000000E+00 1.85886830E-01 0.00000000E+00 0.00000000E+00
19  3 1.80167269E+00 0.00000000E+00 0.00000000E+00 0.00000000E+00 0.00000000E+00
19  4 0.00000000E+00 0.00000000E+00-1.41637056E-01 0.00000000E+00-6.76663711E-02
19  5 8.41856581E-02 1.00389151E+00-5.29932720E-02 0.00000000E+00-1.92933223E-01
19  6 2.00208141E-02 0.00000000E+00-2.98021608E-01 1.27625218E-02-7.37547126E-03
19  7-5.38705058E-03 0.00000000E+00-1.64659854E-02 0.00000000E+00 6.76663711E-02
19  8-8.41856581E-02-1.00389151E+00-5.29932720E-02 0.00000000E+00 1.92933223E-01
19  9 2.00208141E-02 0.00000000E+00 2.98021608E-01-1.27625218E-02 7.37547126E-03
19 10 5.38705058E-03 0.00000000E+00-1.64659854E-02 0.00000000E+00
20  1 0.00000000E+00 0.00000000E+00 0.00000000E+00 0.00000000E+00 0.00000000E+00
20  2 2.94392191E-01 0.00000000E+00 0.00000000E+00-1.11398629E+00 0.00000000E+00
20  3 0.00000000E+00 1.17682645E+00 0.00000000E+00 0.00000000E+00 0.00000000E+00
20  4 0.00000000E+00 0.00000000E+00 0.00000000E+00-1.24310967E-01 0.00000000E+00
20  5 0.00000000E+00 0.00000000E+00 0.00000000E+00 1.40195970E-02 0.00000000E+00
20  6 0.00000000E+00-2.10162188E-02 0.00000000E+00 0.00000000E+00 0.00000000E+00
20  7 0.00000000E+00-3.91039665E-02 0.00000000E+00 1.27310620E-02 0.00000000E+00
20  8 0.00000000E+00 0.00000000E+00 0.00000000E+00 1.40195970E-02 0.00000000E+00
20  9 0.00000000E+00-2.10162188E-02 0.00000000E+00 0.00000000E+00 0.00000000E+00
20 10 0.00000000E+00 3.91039665E-02 0.00000000E+00 1.27310620E-02
21  1-3.23284572E-02-1.10804728E-01-4.90769297E-01 3.99438412E-01 0.00000000E+00
21  2 0.00000000E+00-2.87080684E-01 0.00000000E+00 0.00000000E+00 1.06608890E+00
21  3 0.00000000E+00 0.00000000E+00-1.01035997E+00-2.76030879E-01 1.72961965E-01
21  4 1.03068914E-01 0.00000000E+00 0.00000000E+00 0.00000000E+00 4.60249421E-03
21  5-5.39162027E-02 1.69598726E-01-9.35495206E-02 0.00000000E+00-1.27136495E-02
21  6-6.84787525E-03 0.00000000E+00-7.09548028E-02 2.76849826E-02 5.82786007E-04
21  7-2.82677686E-02 0.00000000E+00 2.00507516E-02 0.00000000E+00 4.60249421E-03
21  8-5.39162027E-02 1.69598726E-01 9.35495206E-02 0.00000000E+00-1.27136495E-02
21  9 6.84787525E-03 0.00000000E+00-7.09548028E-02 2.76849826E-02 5.82786007E-04
21 10-2.82677686E-02 0.00000000E+00-2.00507516E-02 0.00000000E+00
22  1-7.47862755E-02-1.49615651E-01-9.89791496E-01 2.73727428E+00 0.00000000E+00
22  2 0.00000000E+00-6.62215301E-03 0.00000000E+00 0.00000000E+00 1.72505653E-01
22  3 0.00000000E+00 0.00000000E+00 2.88865060E-01 5.58189851E-01-5.12288562E-01
22  4-4.59012893E-02 0.00000000E+00 0.00000000E+00 0.00000000E+00 2.63697567E-02
22  5 1.03588141E-02-1.05402071E+00 2.74014635E-01 0.00000000E+00-1.43762823E-01
22  6-5.77293749E-01 0.00000000E+00 3.85330385E-01-4.29249209E-02 2.16852842E-02
22  7 2.12396367E-02 0.00000000E+00 4.87502956E-02 0.00000000E+00 2.63697567E-02
22  8 1.03588141E-02-1.05402071E+00-2.74014635E-01 0.00000000E+00-1.43762823E-01
22  9 5.77293749E-01 0.00000000E+00 3.85330385E-01-4.29249209E-02 2.16852842E-02
22 10 2.12396367E-02 0.00000000E+00-4.87502956E-02 0.00000000E+00
23  1 0.00000000E+00 0.00000000E+00 0.00000000E+00 0.00000000E+00 1.24269409E-01
23  2 0.00000000E+00 0.00000000E+00-1.77156048E-01 0.00000000E+00 0.00000000E+00
23  3 8.63287445E-01 0.00000000E+00 0.00000000E+00 0.00000000E+00 0.00000000E+00
23  4 0.00000000E+00 0.00000000E+00 7.74916157E-01 0.00000000E+00-1.76504919E-02
23  5-4.01387491E-02 7.93452775E-01-2.36860682E-01 0.00000000E+00 2.20983690E-01
23  6 6.68195860E-01 0.00000000E+00-8.76679074E-02 1.73514028E-02-2.88261861E-02
23  7 1.14747832E-02 0.00000000E+00-3.95506984E-02 0.00000000E+00 1.76504919E-02
23  8 4.01387491E-02-7.93452775E-01-2.36860682E-01 0.00000000E+00-2.20983690E-01
23  9 6.68195860E-01 0.00000000E+00 8.76679074E-02-1.73514028E-02 2.88261861E-02
23 10-1.14747832E-02 0.00000000E+00-3.95506984E-02 0.00000000E+00
24  1 0.00000000E+00 0.00000000E+00 0.00000000E+00 0.00000000E+00 0.00000000E+00
24  2 2.03563848E-02 0.00000000E+00 0.00000000E+00-1.01223815E-01 0.00000000E+00
24  3 0.00000000E+00 3.03036855E-01 0.00000000E+00 0.00000000E+00 0.00000000E+00
24  4 0.00000000E+00 0.00000000E+00 0.00000000E+00 9.68745739E-01 0.00000000E+00
24  5 0.00000000E+00 0.00000000E+00 0.00000000E+00-2.58318482E-01 0.00000000E+00
24  6 0.00000000E+00-6.83057166E-02 0.00000000E+00 0.00000000E+00 0.00000000E+00
24  7 0.00000000E+00 3.02493650E-02 0.00000000E+00 5.06093729E-02 0.00000000E+00
24  8 0.00000000E+00 0.00000000E+00 0.00000000E+00-2.58318482E-01 0.00000000E+00
24  9 0.00000000E+00-6.83057166E-02 0.00000000E+00 0.00000000E+00 0.00000000E+00
24 10 0.00000000E+00-3.02493650E-02 0.00000000E+00 5.06093729E-02
25  1 5.67191756E-02 1.89796141E-01 8.63850122E-01-5.88537214E-05 0.00000000E+00
25  2 0.00000000E+00-6.19959489E-02 0.00000000E+00 0.00000000E+00 2.84296308E-01
25  3 0.00000000E+00 0.00000000E+00 3.16153828E-01-1.93817771E-01-6.46086266E-01
25  4 8.39904037E-01 0.00000000E+00 0.00000000E+00 0.00000000E+00 3.45725788E-02
25  5-1.13878831E-01-2.64334946E-01-1.08209592E-01 0.00000000E+00-1.60789577E-01
25  6-4.77978137E-01 0.00000000E+00-2.50688056E-02 3.44783694E-02-4.65808996E-02
25  7 1.21025302E-02 0.00000000E+00 3.27984482E-02 0.00000000E+00 3.45725788E-02
25  8-1.13878831E-01-2.64334946E-01 1.08209592E-01 0.00000000E+00-1.60789577E-01
25  9 4.77978137E-01 0.00000000E+00-2.50688056E-02 3.44783694E-02-4.65808996E-02
25 10 1.21025302E-02 0.00000000E+00-3.27984482E-02 0.00000000E+00
26  1 7.08456457E-02 3.94691830E-01 1.27597553E+00 4.10653089E-01 0.00000000E+00
26  2 0.00000000E+00-7.15430564E-02 0.00000000E+00 0.00000000E+00 4.68796591E-01
26  3 0.00000000E+00 0.00000000E+00-2.45452678E-02 1.80621093E-01 2.05062813E-01
26  4-3.85683906E-01 0.00000000E+00 0.00000000E+00 0.00000000E+00 4.15838542E-02
26  5 3.80127076E-03-6.16965536E-01 3.11127245E-01 0.00000000E+00 1.40280219E-01
26  6-1.00149194E+00 0.00000000E+00 3.12801325E-01 4.53834726E-03 1.87615882E-02
26  7-2.32999355E-02 0.00000000E+00-2.15407028E-02 0.00000000E+00 4.15838542E-02
26  8 3.80127076E-03-6.16965536E-01-3.11127245E-01 0.00000000E+00 1.40280219E-01
26  9 1.00149194E+00 0.00000000E+00 3.12801325E-01 4.53834726E-03 1.87615882E-02
26 10-2.32999355E-02 0.00000000E+00 2.15407028E-02 0.00000000E+00
27  1 0.00000000E+00 0.00000000E+00 0.00000000E+00 0.00000000E+00-2.41624050E-01
27  2 0.00000000E+00 0.00000000E+00 1.27717133E+00 0.00000000E+00 0.00000000E+00
27  3-3.06681482E-01 0.00000000E+00 0.00000000E+00 0.00000000E+00 0.00000000E+00
27  4 0.00000000E+00 0.00000000E+00-1.80968375E-01 0.00000000E+00-4.89558110E-02
27  5 8.60767244E-02 4.35544790E-01-8.80106238E-02 0.00000000E+00 1.91012783E-01
27  6 8.55166826E-01 0.00000000E+00-7.17880629E-01 7.24923976E-03 1.76812191E-02
27  7-2.49304588E-02 0.00000000E+00 3.34131813E-02 0.00000000E+00 4.89558110E-02
27  8-8.60767244E-02-4.35544790E-01-8.80106238E-02 0.00000000E+00-1.91012783E-01
27  9 8.55166826E-01 0.00000000E+00 7.17880629E-01-7.24923976E-03-1.76812191E-02
27 10 2.49304588E-02 0.00000000E+00 3.34131813E-02 0.00000000E+00
28  1 0.00000000E+00 0.00000000E+00 0.00000000E+00 0.00000000E+00 0.00000000E+00
28  2 0.00000000E+00 0.00000000E+00 0.00000000E+00 0.00000000E+00 0.00000000E+00
28  3 0.00000000E+00 0.00000000E+00 0.00000000E+00 0.00000000E+00 0.00000000E+00
28  4 0.00000000E+00 9.06816430E-01 0.00000000E+00 0.00000000E+00 0.00000000E+00
28  5 0.00000000E+00 0.00000000E+00 0.00000000E+00-1.87131882E-01 0.00000000E+00
28  6 0.00000000E+00 7.63291515E-01 0.00000000E+00 0.00000000E+00 0.00000000E+00
28  7 0.00000000E+00-4.03788365E-02 0.00000000E+00 4.00960079E-02 0.00000000E+00
28  8 0.00000000E+00 0.00000000E+00 0.00000000E+00 1.87131882E-01 0.00000000E+00
28  9 0.00000000E+00-7.63291515E-01 0.00000000E+00 0.00000000E+00 0.00000000E+00
28 10 0.00000000E+00-4.03788365E-02 0.00000000E+00-4.00960079E-02
29  1 0.00000000E+00 0.00000000E+00 0.00000000E+00 0.00000000E+00 0.00000000E+00
29  2 0.00000000E+00 0.00000000E+00 0.00000000E+00 0.00000000E+00 0.00000000E+00
29  3 0.00000000E+00 0.00000000E+00 0.00000000E+00 0.00000000E+00 0.00000000E+00
29  4 0.00000000E+00 5.72511618E-01 0.00000000E+00 0.00000000E+00 0.00000000E+00
29  5 0.00000000E+00 0.00000000E+00 0.00000000E+00 6.47663049E-01 0.00000000E+00
29  6 0.00000000E+00-4.50153312E-01 0.00000000E+00 0.00000000E+00 0.00000000E+00
29  7 0.00000000E+00-1.16420884E-02 0.00000000E+00 4.03788227E-02 0.00000000E+00
29  8 0.00000000E+00 0.00000000E+00 0.00000000E+00-6.47663049E-01 0.00000000E+00
29  9 0.00000000E+00 4.50153312E-01 0.00000000E+00 0.00000000E+00 0.00000000E+00
29 10 0.00000000E+00-1.16420884E-02 0.00000000E+00-4.03788227E-02
30  1 3.43059791E-02 1.71910323E-01 5.95607641E-01-2.83765814E-01 0.00000000E+00
30  2 0.00000000E+00-6.80638074E-02 0.00000000E+00 0.00000000E+00 2.40155506E-01
30  3 0.00000000E+00 0.00000000E+00-9.90595714E-01 2.02356304E-01 1.14912231E-01
30  4-3.17268535E-01 0.00000000E+00 0.00000000E+00 0.00000000E+00 2.03210722E-03
30  5 3.12091363E-02 2.11333975E-03-2.89399279E-01 0.00000000E+00-4.81464350E-01
30  6 1.61355847E-01 0.00000000E+00 1.02363882E+00 1.23147177E-02-1.00678861E-02
30  7-2.24683155E-03 0.00000000E+00-2.01994556E-02 0.00000000E+00 2.03210722E-03
30  8 3.12091363E-02 2.11333975E-03 2.89399279E-01 0.00000000E+00-4.81464350E-01
30  9-1.61355847E-01 0.00000000E+00 1.02363882E+00 1.23147177E-02-1.00678861E-02
30 10-2.24683155E-03 0.00000000E+00 2.01994556E-02 0.00000000E+00
31  1 0.00000000E+00 0.00000000E+00 0.00000000E+00 0.00000000E+00 1.28607978E-01
31  2 0.00000000E+00 0.00000000E+00-6.04440911E-01 0.00000000E+00 0.00000000E+00
31  3 7.47266684E-01 0.00000000E+00 0.00000000E+00 0.00000000E+00 0.00000000E+00
31  4 0.00000000E+00 0.00000000E+00-5.48329198E-02 0.00000000E+00 5.85374090E-03
31  5 3.62329815E-02-3.60974129E-02 1.85506480E-01 0.00000000E+00 5.75000483E-01
31  6-7.30326802E-01 0.00000000E+00-6.41469204E-01 4.93660394E-02-3.31645000E-02
31  7-1.62015393E-02 0.00000000E+00 8.27256993E-03 0.00000000E+00-5.85374090E-03
31  8-3.62329815E-02 3.60974129E-02 1.85506480E-01 0.00000000E+00-5.75000483E-01
31  9-7.30326802E-01 0.00000000E+00 6.41469204E-01-4.93660394E-02 3.31645000E-02
31 10 1.62015393E-02 0.00000000E+00 8.27256993E-03 0.00000000E+00
32  1 0.00000000E+00 0.00000000E+00 0.00000000E+00 0.00000000E+00 0.00000000E+00
32  2-3.73044124E-02 0.00000000E+00 0.00000000E+00 6.92882088E-02 0.00000000E+00
32  3 0.00000000E+00-1.04806787E+00 0.00000000E+00 0.00000000E+00 0.00000000E+00
32  4 0.00000000E+00 0.00000000E+00 0.00000000E+00-2.74046858E-01 0.00000000E+00
32  5 0.00000000E+00 0.00000000E+00 0.00000000E+00-5.95016009E-01 0.00000000E+00
32  6 0.00000000E+00 1.11109445E+00 0.00000000E+00 0.00000000E+00 0.00000000E+00
32  7 0.00000000E+00-3.88206251E-02 0.00000000E+00 1.12516780E-02 0.00000000E+00
32  8 0.00000000E+00 0.00000000E+00 0.00000000E+00-5.95016009E-01 0.00000000E+00
32  9 0.00000000E+00 1.11109445E+00 0.00000000E+00 0.00000000E+00 0.00000000E+00
32 10 0.00000000E+00 3.88206251E-02 0.00000000E+00 1.12516780E-02
33  1 3.56339448E-02-1.07566467E-01 2.87425484E-01 1.14758809E+00 0.00000000E+00
33  2 0.00000000E+00-1.43742297E-01 0.00000000E+00 0.00000000E+00 6.36612743E-01
33  3 0.00000000E+00 0.00000000E+00 2.07683156E-01 1.11466573E+00-7.17477159E-01
33  4-3.97188568E-01 0.00000000E+00 0.00000000E+00 0.00000000E+00 2.67757826E-02
33  5-2.36928062E-01-8.59698480E-01-5.13540953E-01 0.00000000E+00 4.38640856E-01
33  6-9.61437067E-02 0.00000000E+00-2.67040349E-02 2.37581513E-03-1.33785206E-01
33  7 1.31409391E-01 0.00000000E+00-8.51444540E-02 0.00000000E+00 2.67757826E-02
33  8-2.36928062E-01-8.59698480E-01 5.13540953E-01 0.00000000E+00 4.38640856E-01
33  9 9.61437067E-02 0.00000000E+00-2.67040349E-02 2.37581513E-03-1.33785206E-01
33 10 1.31409391E-01 0.00000000E+00 8.51444540E-02 0.00000000E+00
34  1 0.00000000E+00 0.00000000E+00 0.00000000E+00 0.00000000E+00-2.46199469E-01
34  2 0.00000000E+00 0.00000000E+00 1.11104841E+00 0.00000000E+00 0.00000000E+00
34  3 1.02547791E+00 0.00000000E+00 0.00000000E+00 0.00000000E+00 0.00000000E+00
34  4 0.00000000E+00 0.00000000E+00 8.52687079E-01 0.00000000E+00-2.48063813E-02
34  5-2.50755418E-01 1.57829288E+00 6.61817494E-01 0.00000000E+00-1.01475184E-01
34  6 1.73896248E-02 0.00000000E+00-2.39993815E-01-1.55175041E-01-1.17424882E-02
34  7 1.66917529E-01 0.00000000E+00 1.16462666E-01 0.00000000E+00 2.48063813E-02
34  8 2.50755418E-01-1.57829288E+00 6.61817494E-01 0.00000000E+00 1.01475184E-01
34  9 1.73896248E-02 0.00000000E+00 2.39993815E-01 1.55175041E-01 1.17424882E-02
34 10-1.66917529E-01 0.00000000E+00 1.16462666E-01 0.00000000E+00
35  1 0.00000000E+00 0.00000000E+00 0.00000000E+00 0.00000000E+00 9.39316468E-02
35  2 0.00000000E+00 0.00000000E+00-8.12278891E-02 0.00000000E+00 0.00000000E+00
35  3 1.12913301E+00 0.00000000E+00 0.00000000E+00 0.00000000E+00 0.00000000E+00
35  4 0.00000000E+00 0.00000000E+00-2.34318841E-01 0.00000000E+00 8.99276542E-03
35  5-1.26429424E+00 1.86044152E+00-1.70586045E-01 0.00000000E+00 7.44078879E-02
35  6 2.79682173E-01 0.00000000E+00-3.41729932E-01 3.07753427E-02 1.73881205E-01
35  7-2.04656547E-01 0.00000000E+00 9.39204763E-02 0.00000000E+00-8.99276542E-03
35  8 1.26429424E+00-1.86044152E+00-1.70586045E-01 0.00000000E+00-7.44078879E-02
35  9 2.79682173E-01 0.00000000E+00 3.41729932E-01-3.07753427E-02-1.73881205E-01
35 10 2.04656547E-01 0.00000000E+00 9.39204763E-02 0.00000000E+00
36  1-3.16918157E-03 1.52361124E-02-1.44116357E-02 2.66749575E+00 0.00000000E+00
36  2 0.00000000E+00-1.63229243E-02 0.00000000E+00 0.00000000E+00 2.43344025E-01
36  3 0.00000000E+00 0.00000000E+00 9.43281816E-01 1.34445578E-01-1.81360150E-01
36  4 4.69145717E-02 0.00000000E+00 0.00000000E+00 0.00000000E+00 8.09772418E-03
36  5 1.27691575E+00-2.56703880E+00-5.80712863E-02 0.00000000E+00 7.33174380E-02
36  6-7.09489996E-01 0.00000000E+00 1.60656626E-02 1.92259122E-01-3.58177595E-02
36  7-1.56441362E-01 0.00000000E+00-5.41671656E-02 0.00000000E+00 8.09772418E-03
36  8 1.27691575E+00-2.56703880E+00 5.80712863E-02 0.00000000E+00 7.33174380E-02
36  9 7.09489996E-01 0.00000000E+00 1.60656626E-02 1.92259122E-01-3.58177595E-02
36 10-1.56441362E-01 0.00000000E+00 5.41671656E-02 0.00000000E+00
37  1 0.00000000E+00 0.00000000E+00 0.00000000E+00 0.00000000E+00 0.00000000E+00
37  2 0.00000000E+00 0.00000000E+00 0.00000000E+00 0.00000000E+00 0.00000000E+00
37  3 0.00000000E+00 0.00000000E+00 0.00000000E+00 0.00000000E+00 0.00000000E+00
37  4 0.00000000E+00 5.21242524E-02 0.00000000E+00 0.00000000E+00 0.00000000E+00
37  5 0.00000000E+00 0.00000000E+00 0.00000000E+00-2.82507130E-02 0.00000000E+00
37  6 0.00000000E+00 5.32461997E-02 0.00000000E+00 0.00000000E+00 0.00000000E+00
37  7 0.00000000E+00 4.64474530E-01 0.00000000E+00 5.35783827E-01 0.00000000E+00
37  8 0.00000000E+00 0.00000000E+00 0.00000000E+00 2.82507130E-02 0.00000000E+00
37  9 0.00000000E+00-5.32461997E-02 0.00000000E+00 0.00000000E+00 0.00000000E+00
37 10 0.00000000E+00 4.64474530E-01 0.00000000E+00-5.35783827E-01
38  1 0.00000000E+00 0.00000000E+00 0.00000000E+00 0.00000000E+00-4.23893550E-02
38  2 0.00000000E+00 0.00000000E+00 8.47992031E-02 0.00000000E+00 0.00000000E+00
38  3 1.99292692E-02 0.00000000E+00 0.00000000E+00 0.00000000E+00 0.00000000E+00
38  4 0.00000000E+00 0.00000000E+00 4.11923366E-02 0.00000000E+00-3.51003164E-03
38  5 1.67287654E-01-1.42065692E-01 1.15649223E-01 0.00000000E+00 2.66813579E-02
38  6-1.54854095E-01 0.00000000E+00-4.81990415E-02-3.26276715E-01 5.85982221E-01
38  7-2.59705506E-01 0.00000000E+00-3.85559639E-01 0.00000000E+00 3.51003164E-03
38  8-1.67287654E-01 1.42065692E-01 1.15649223E-01 0.00000000E+00-2.66813579E-02
38  9-1.54854095E-01 0.00000000E+00 4.81990415E-02 3.26276715E-01-5.85982221E-01
38 10 2.59705506E-01 0.00000000E+00-3.85559639E-01 0.00000000E+00
39  1 0.00000000E+00 0.00000000E+00 0.00000000E+00 0.00000000E+00 0.00000000E+00
39  2-3.65478141E-02 0.00000000E+00 0.00000000E+00 1.89243260E-01 0.00000000E+00
39  3 0.00000000E+00 1.10355696E-03 0.00000000E+00 0.00000000E+00 0.00000000E+00
39  4 0.00000000E+00 0.00000000E+00 0.00000000E+00-1.36368625E-01 0.00000000E+00
39  5 0.00000000E+00 0.00000000E+00 0.00000000E+00 4.28570844E-02 0.00000000E+00
39  6 0.00000000E+00-6.66088233E-02 0.00000000E+00 0.00000000E+00 0.00000000E+00
39  7 0.00000000E+00 3.96737503E-02 0.00000000E+00 7.12904739E-01 0.00000000E+00
39  8 0.00000000E+00 0.00000000E+00 0.00000000E+00 4.28570844E-02 0.00000000E+00
39  9 0.00000000E+00-6.66088233E-02 0.00000000E+00 0.00000000E+00 0.00000000E+00
39 10 0.00000000E+00-3.96737503E-02 0.00000000E+00 7.12904739E-01
40  1 3.12492182E-03-5.77929179E-02-3.72772993E-02-1.75505100E-02 0.00000000E+00
40  2 0.00000000E+00-1.84331935E-02 0.00000000E+00 0.00000000E+00 4.02237618E-02
40  3 0.00000000E+00 0.00000000E+00-9.66078373E-03 2.27571968E-01-3.57404792E-01
40  4 1.29832824E-01 0.00000000E+00 0.00000000E+00 0.00000000E+00 1.90194138E-03
40  5-2.09920496E-01 1.19197772E-01-1.15453854E-01 0.00000000E+00 5.30658232E-02
40  6 9.11367783E-02 0.00000000E+00-2.96049753E-02-8.09148228E-02 5.92499580E-01
40  7-5.11584757E-01 0.00000000E+00-2.92459128E-01 0.00000000E+00 1.90194138E-03
40  8-2.09920496E-01 1.19197772E-01 1.15453854E-01 0.00000000E+00 5.30658232E-02
40  9-9.11367783E-02 0.00000000E+00-2.96049753E-02-8.09148228E-02 5.92499580E-01
40 10-5.11584757E-01 0.00000000E+00 2.92459128E-01 0.00000000E+00
41  1 0.00000000E+00 0.00000000E+00 0.00000000E+00 0.00000000E+00-2.39262560E-02
41  2 0.00000000E+00 0.00000000E+00-1.43843285E-01 0.00000000E+00 0.00000000E+00
41  3-1.73358270E-01 0.00000000E+00 0.00000000E+00 0.00000000E+00 0.00000000E+00
41  4 0.00000000E+00 0.00000000E+00 7.88826817E-01 0.00000000E+00 6.74785354E-03
41  5 4.93898579E-01-4.46738475E-01 1.92717397E-01 0.00000000E+00-9.40203593E-02
41  6-7.77188233E-02 0.00000000E+00 3.48698624E-01 3.73133480E-01 2.38070688E-01
41  7-6.11204169E-01 0.00000000E+00 4.35550483E-01 0.00000000E+00-6.74785354E-03
41  8-4.93898579E-01 4.46738475E-01 1.92717397E-01 0.00000000E+00 9.40203593E-02
41  9-7.77188233E-02 0.00000000E+00-3.48698624E-01-3.73133480E-01-2.38070688E-01
41 10 6.11204169E-01 0.00000000E+00 4.35550483E-01 0.00000000E+00
42  1 0.00000000E+00 0.00000000E+00 0.00000000E+00 0.00000000E+00 0.00000000E+00
42  2 1.01559325E-01 0.00000000E+00 0.00000000E+00-5.27234980E-01 0.00000000E+00
42  3 0.00000000E+00-1.82152543E-01 0.00000000E+00 0.00000000E+00 0.00000000E+00
42  4 0.00000000E+00 0.00000000E+00 0.00000000E+00-4.38244166E-01 0.00000000E+00
42  5 0.00000000E+00 0.00000000E+00 0.00000000E+00-4.00310134E-02 0.00000000E+00
42  6 0.00000000E+00 3.16222357E-01 0.00000000E+00 0.00000000E+00 0.00000000E+00
42  7 0.00000000E+00 7.92789369E-01 0.00000000E+00-6.74109966E-02 0.00000000E+00
42  8 0.00000000E+00 0.00000000E+00 0.00000000E+00-4.00310134E-02 0.00000000E+00
42  9 0.00000000E+00 3.16222357E-01 0.00000000E+00 0.00000000E+00 0.00000000E+00
42 10 0.00000000E+00-7.92789369E-01 0.00000000E+00-6.74109966E-02
43  1 0.00000000E+00 0.00000000E+00 0.00000000E+00 0.00000000E+00 0.00000000E+00
43  2 0.00000000E+00 0.00000000E+00 0.00000000E+00 0.00000000E+00 0.00000000E+00
43  3 0.00000000E+00 0.00000000E+00 0.00000000E+00 0.00000000E+00 0.00000000E+00
43  4 0.00000000E+00 8.80088572E-01 0.00000000E+00 0.00000000E+00 0.00000000E+00
43  5 0.00000000E+00 0.00000000E+00 0.00000000E+00 5.94244757E-02 0.00000000E+00
43  6 0.00000000E+00 3.10441971E-01 0.00000000E+00 0.00000000E+00 0.00000000E+00
43  7 0.00000000E+00 6.68800811E-01 0.00000000E+00-5.31947075E-01 0.00000000E+00
43  8 0.00000000E+00 0.00000000E+00 0.00000000E+00-5.94244757E-02 0.00000000E+00
43  9 0.00000000E+00-3.10441971E-01 0.00000000E+00 0.00000000E+00 0.00000000E+00
43 10 0.00000000E+00 6.68800811E-01 0.00000000E+00 5.31947075E-01
44  1-3.51888811E-02-3.37930668E-01-9.02234556E-01-1.09204568E+00 0.00000000E+00
44  2 0.00000000E+00 1.12479295E-01 0.00000000E+00 0.00000000E+00-9.27031236E-01
44  3 0.00000000E+00 0.00000000E+00-4.31925467E-01 3.19947594E-01 1.86143432E-01
44  4-5.06091027E-01 0.00000000E+00 0.00000000E+00 0.00000000E+00-3.21790533E-02
44  5-5.88335957E-01 1.41792314E+00 5.78122141E-02 0.00000000E+00 2.04981412E-02
44  6 7.44872880E-01 0.00000000E+00 4.49406931E-02 8.32273651E-01-2.95854903E-01
44  7-5.36418748E-01 0.00000000E+00 1.47100423E-01 0.00000000E+00-3.21790533E-02
44  8-5.88335957E-01 1.41792314E+00-5.78122141E-02 0.00000000E+00 2.04981412E-02
44  9-7.44872880E-01 0.00000000E+00 4.49406931E-02 8.32273651E-01-2.95854903E-01
44 10-5.36418748E-01 0.00000000E+00-1.47100423E-01 0.00000000E+00
45  1-7.40699049E-02-4.82807560E-01-1.58614608E+00-1.29365837E+00 0.00000000E+00
45  2 0.00000000E+00 2.28636366E-02 0.00000000E+00 0.00000000E+00-5.76662329E-01
45  3 0.00000000E+00 0.00000000E+00-1.68712365E-02-1.18479929E+00 5.27133655E-01
45  4 6.57665638E-01 0.00000000E+00 0.00000000E+00 0.00000000E+00-3.30957020E-02
45  5-2.17321756E-01 1.63819604E+00 3.29279665E-01 0.00000000E+00-2.30403671E-01
45  6 6.79335572E-01 0.00000000E+00-5.76439954E-01 2.44787047E-01-4.10281350E-01
45  7 1.65494304E-01 0.00000000E+00-8.52732486E-01 0.00000000E+00-3.30957020E-02
45  8-2.17321756E-01 1.63819604E+00-3.29279665E-01 0.00000000E+00-2.30403671E-01
45  9-6.79335572E-01 0.00000000E+00-5.76439954E-01 2.44787047E-01-4.10281350E-01
45 10 1.65494304E-01 0.00000000E+00 8.52732486E-01 0.00000000E+00
46  1 0.00000000E+00 0.00000000E+00 0.00000000E+00 0.00000000E+00-2.03721951E-01
46  2 0.00000000E+00 0.00000000E+00 2.23024533E+00 0.00000000E+00 0.00000000E+00
46  3 3.95879560E-01 0.00000000E+00 0.00000000E+00 0.00000000E+00 0.00000000E+00
46  4 0.00000000E+00 0.00000000E+00 8.68378117E-01 0.00000000E+00-4.19853805E-02
46  5-3.14397799E-01 1.92839599E+00 4.19142957E-01 0.00000000E+00-1.57250734E-01
46  6 9.49580539E-01 0.00000000E+00-3.91241386E-01 7.48381967E-01-4.09480587E-01
46  7-3.38901380E-01 0.00000000E+00-5.88715091E-01 0.00000000E+00 4.19853805E-02
46  8 3.14397799E-01-1.92839599E+00 4.19142957E-01 0.00000000E+00 1.57250734E-01
46  9 9.49580539E-01 0.00000000E+00 3.91241386E-01-7.48381967E-01 4.09480587E-01
46 10 3.38901380E-01 0.00000000E+00-5.88715091E-01 0.00000000E+00
 $END   
 POPULATION ANALYSIS
S           15.50388   0.49612  15.39421   0.60579
O            8.24806  -0.24806   8.30289  -0.30289
O            8.24806  -0.24806   8.30289  -0.30289
 MOMENTS AT POINT    1 X,Y,Z=  0.000000  0.000000  0.000000
 DIPOLE       0.000000  0.000000 -0.349247
