 $DATA  
Title                                                                           
CNV      2

S          16.0      0.0000000000      0.0000000000     -0.2325045482
   PC1     0
        
O           8.0      0.9969385657      0.0000000000      0.2323755398
   PC1     0
        
 $END      
 $ZMAT   IZMAT(1)=
         1,   3,   1,
         1,   2,   1,
         2,   2,   1,   3,
 $END
--- CLOSED SHELL ORBITALS --- GENERATED AT Thu Feb 26 00:11:47 2015
Title                                                                           
E(R-PBE)=     -547.5097721147, E(NUC)=  140.1396505003,   16 ITERS
 $VEC   
 1  1 1.00297704E+00-1.00726842E-02 2.18421883E-03-1.91673080E-04 0.00000000E+00
 1  2 0.00000000E+00 4.56367484E-05 0.00000000E+00 0.00000000E+00 2.43510122E-04
 1  3 0.00000000E+00 0.00000000E+00 3.66570074E-05 3.52852247E-04-1.99162899E-04
 1  4-1.53689348E-04 0.00000000E+00 0.00000000E+00 0.00000000E+00-9.41728492E-06
 1  5-9.75479873E-05-5.30338967E-04-1.57536620E-04 0.00000000E+00 1.00508768E-04
 1  6-3.06896028E-04 0.00000000E+00 2.04791886E-04 1.74377573E-05 1.87326536E-05
 1  7-3.61704110E-05 0.00000000E+00 4.46099508E-05 0.00000000E+00-9.41728492E-06
 1  8-9.75479873E-05-5.30338967E-04 1.57536620E-04 0.00000000E+00 1.00508768E-04
 1  9 3.06896028E-04 0.00000000E+00 2.04791886E-04 1.74377573E-05 1.87326536E-05
 1 10-3.61704110E-05 0.00000000E+00-4.46099508E-05 0.00000000E+00
 2  1 0.00000000E+00 0.00000000E+00 0.00000000E+00 0.00000000E+00-3.67965055E-04
 2  2 0.00000000E+00 0.00000000E+00 4.51653065E-03 0.00000000E+00 0.00000000E+00
 2  3-5.86078176E-03 0.00000000E+00 0.00000000E+00 0.00000000E+00 0.00000000E+00
 2  4 0.00000000E+00 0.00000000E+00 3.91835789E-03 0.00000000E+00 7.03172780E-01
 2  5 2.84142456E-02-1.17197251E-02 3.09896333E-03 0.00000000E+00-1.12810237E-03
 2  6-7.01233123E-04 0.00000000E+00 1.66938304E-03 8.14812788E-04-1.25000247E-04
 2  7-6.89812542E-04 0.00000000E+00-3.33487157E-04 0.00000000E+00-7.03172780E-01
 2  8-2.84142456E-02 1.17197251E-02 3.09896333E-03 0.00000000E+00 1.12810237E-03
 2  9-7.01233123E-04 0.00000000E+00-1.66938304E-03-8.14812788E-04 1.25000247E-04
 2 10 6.89812542E-04 0.00000000E+00-3.33487157E-04 0.00000000E+00
 3  1-1.01980817E-04 6.44355433E-05-1.99364833E-03 1.14115953E-02 0.00000000E+00
 3  2 0.00000000E+00-7.64110831E-05 0.00000000E+00 0.00000000E+00-3.21480674E-04
 3  3 0.00000000E+00 0.00000000E+00 4.50204391E-03-3.18109440E-03 1.46936620E-03
 3  4 1.71172820E-03 0.00000000E+00 0.00000000E+00 0.00000000E+00 7.03164319E-01
 3  5 2.80101669E-02-1.41225137E-02 2.41303439E-03 0.00000000E+00-1.19234935E-03
 3  6-3.18089345E-03 0.00000000E+00-3.15566567E-04 1.25164074E-04-4.61249238E-04
 3  7 3.36085164E-04 0.00000000E+00-6.82229558E-04 0.00000000E+00 7.03164319E-01
 3  8 2.80101669E-02-1.41225137E-02-2.41303439E-03 0.00000000E+00-1.19234935E-03
 3  9 3.18089345E-03 0.00000000E+00-3.15566567E-04 1.25164074E-04-4.61249238E-04
 3 10 3.36085164E-04 0.00000000E+00 6.82229558E-04 0.00000000E+00
 4  1-2.73529209E-01 1.03824374E+00 4.47156582E-02-6.19699534E-03 0.00000000E+00
 4  2 0.00000000E+00 1.77742254E-02 0.00000000E+00 0.00000000E+00 3.29593128E-03
 4  3 0.00000000E+00 0.00000000E+00 1.91482993E-05 3.41090009E-03-1.83867034E-03
 4  4-1.57222975E-03 0.00000000E+00 0.00000000E+00 0.00000000E+00-2.37708369E-03
 4  5 1.20025580E-03-3.94810410E-03 2.59944557E-03 0.00000000E+00-9.66102798E-04
 4  6-2.90240667E-03 0.00000000E+00 1.85566023E-03 2.24634029E-03-1.30257193E-03
 4  7-9.43768359E-04 0.00000000E+00-1.61826186E-03 0.00000000E+00-2.37708369E-03
 4  8 1.20025580E-03-3.94810410E-03-2.59944557E-03 0.00000000E+00-9.66102798E-04
 4  9 2.90240667E-03 0.00000000E+00 1.85566023E-03 2.24634029E-03-1.30257193E-03
 4 10-9.43768359E-04 0.00000000E+00 1.61826186E-03 0.00000000E+00
 5  1 0.00000000E+00 0.00000000E+00 0.00000000E+00 0.00000000E+00 9.91931676E-01
 5  2 0.00000000E+00 0.00000000E+00 1.50361944E-02 0.00000000E+00 0.00000000E+00
 5  3-3.70655747E-05 0.00000000E+00 0.00000000E+00 0.00000000E+00 0.00000000E+00
 5  4 0.00000000E+00 0.00000000E+00 4.11271350E-03 0.00000000E+00 4.51541012E-03
 5  5-4.37036071E-03 1.57368125E-03-6.27474306E-03 0.00000000E+00 3.82157381E-03
 5  6 1.11682196E-03 0.00000000E+00-9.21433075E-05-2.33539772E-03 2.09886036E-03
 5  7 2.36537363E-04 0.00000000E+00 3.09844110E-03 0.00000000E+00-4.51541012E-03
 5  8 4.37036071E-03-1.57368125E-03-6.27474306E-03 0.00000000E+00-3.82157381E-03
 5  9 1.11682196E-03 0.00000000E+00 9.21433075E-05 2.33539772E-03-2.09886036E-03
 5 10-2.36537363E-04 0.00000000E+00 3.09844110E-03 0.00000000E+00
 6  1 0.00000000E+00 0.00000000E+00 0.00000000E+00 0.00000000E+00 0.00000000E+00
 6  2 9.95796481E-01 0.00000000E+00 0.00000000E+00 1.17853859E-02 0.00000000E+00
 6  3 0.00000000E+00-8.63999569E-04 0.00000000E+00 0.00000000E+00 0.00000000E+00
 6  4 0.00000000E+00 0.00000000E+00 0.00000000E+00 1.51018106E-03 0.00000000E+00
 6  5 0.00000000E+00 0.00000000E+00 0.00000000E+00 1.21472295E-03 0.00000000E+00
 6  6 0.00000000E+00-3.92553987E-04 0.00000000E+00 0.00000000E+00 0.00000000E+00
 6  7 0.00000000E+00 8.50413728E-04 0.00000000E+00-5.40806494E-04 0.00000000E+00
 6  8 0.00000000E+00 0.00000000E+00 0.00000000E+00 1.21472295E-03 0.00000000E+00
 6  9 0.00000000E+00-3.92553987E-04 0.00000000E+00 0.00000000E+00 0.00000000E+00
 6 10 0.00000000E+00-8.50413728E-04 0.00000000E+00-5.40806494E-04
 7  1 5.67874146E-03-2.15179060E-02 1.23728411E-03 6.56239707E-04 0.00000000E+00
 7  2 0.00000000E+00 9.94990026E-01 0.00000000E+00 0.00000000E+00 1.19181888E-02
 7  3 0.00000000E+00 0.00000000E+00-4.20929653E-04-5.97006266E-04-1.19836561E-03
 7  4 1.79537188E-03 0.00000000E+00 0.00000000E+00 0.00000000E+00-1.97029967E-03
 7  5 2.59525834E-03-6.03591227E-04 3.71145913E-03 0.00000000E+00-5.59664067E-04
 7  6-7.60352717E-04 0.00000000E+00-2.88895631E-04 1.69899967E-03-6.75984280E-04
 7  7-1.02301539E-03 0.00000000E+00-6.00340227E-04 0.00000000E+00-1.97029967E-03
 7  8 2.59525834E-03-6.03591227E-04-3.71145913E-03 0.00000000E+00-5.59664067E-04
 7  9 7.60352717E-04 0.00000000E+00-2.88895631E-04 1.69899967E-03-6.75984280E-04
 7 10-1.02301539E-03 0.00000000E+00 6.00340227E-04 0.00000000E+00
 8  1 6.56634896E-02-2.24209087E-01 3.08492682E-01 6.43510130E-02 0.00000000E+00
 8  2 0.00000000E+00-9.80435293E-02 0.00000000E+00 0.00000000E+00 1.29099131E-01
 8  3 0.00000000E+00 0.00000000E+00-1.42813184E-02 6.51438857E-02-4.37746451E-02
 8  4-2.13692406E-02 0.00000000E+00 0.00000000E+00 0.00000000E+00-1.31872000E-01
 8  5 2.37571308E-01 2.13747291E-01 1.61662795E-01 0.00000000E+00-5.72522926E-02
 8  6 3.58251556E-02 0.00000000E+00-5.17588454E-03 2.39743012E-02-1.23261003E-02
 8  7-1.16482009E-02 0.00000000E+00-1.59815562E-02 0.00000000E+00-1.31872000E-01
 8  8 2.37571308E-01 2.13747291E-01-1.61662795E-01 0.00000000E+00-5.72522926E-02
 8  9-3.58251556E-02 0.00000000E+00-5.17588454E-03 2.39743012E-02-1.23261003E-02
 8 10-1.16482009E-02 0.00000000E+00 1.59815562E-02 0.00000000E+00
 9  1 0.00000000E+00 0.00000000E+00 0.00000000E+00 0.00000000E+00-2.40593379E-01
 9  2 0.00000000E+00 0.00000000E+00 3.51358368E-01 0.00000000E+00 0.00000000E+00
 9  3 5.96283519E-03 0.00000000E+00 0.00000000E+00 0.00000000E+00 0.00000000E+00
 9  4 0.00000000E+00 0.00000000E+00 9.93071459E-02 0.00000000E+00 1.53282403E-01
 9  5-2.73874864E-01-2.45328217E-01-1.47293245E-01 0.00000000E+00 7.95362321E-02
 9  6-1.35993562E-02 0.00000000E+00 1.38289378E-02-1.81430141E-02 1.48286237E-02
 9  7 3.31439035E-03 0.00000000E+00 2.22808770E-02 0.00000000E+00-1.53282403E-01
 9  8 2.73874864E-01 2.45328217E-01-1.47293245E-01 0.00000000E+00-7.95362321E-02
 9  9-1.35993562E-02 0.00000000E+00-1.38289378E-02 1.81430141E-02-1.48286237E-02
 9 10-3.31439035E-03 0.00000000E+00 2.22808770E-02 0.00000000E+00
10  1 0.00000000E+00 0.00000000E+00 0.00000000E+00 0.00000000E+00 0.00000000E+00
10  2-2.13223801E-01 0.00000000E+00 0.00000000E+00 4.49487109E-01 0.00000000E+00
10  3 0.00000000E+00 1.14767172E-01 0.00000000E+00 0.00000000E+00 0.00000000E+00
10  4 0.00000000E+00 0.00000000E+00 0.00000000E+00 7.23319199E-02 0.00000000E+00
10  5 0.00000000E+00 0.00000000E+00 0.00000000E+00 3.44279407E-01 0.00000000E+00
10  6 0.00000000E+00 1.64981309E-01 0.00000000E+00 0.00000000E+00 0.00000000E+00
10  7 0.00000000E+00 3.16881481E-02 0.00000000E+00-1.39926310E-02 0.00000000E+00
10  8 0.00000000E+00 0.00000000E+00 0.00000000E+00 3.44279407E-01 0.00000000E+00
10  9 0.00000000E+00 1.64981309E-01 0.00000000E+00 0.00000000E+00 0.00000000E+00
10 10 0.00000000E+00-3.16881481E-02 0.00000000E+00-1.39926310E-02
11  1-2.46200348E-02 7.53209740E-02-1.45629835E-01-1.64240163E-01 0.00000000E+00
11  2 0.00000000E+00-1.85203416E-01 0.00000000E+00 0.00000000E+00 3.91376075E-01
11  3 0.00000000E+00 0.00000000E+00 1.07910323E-01-1.07609350E-01-8.14946836E-03
11  4 1.15758818E-01 0.00000000E+00 0.00000000E+00 0.00000000E+00-1.01905245E-02
11  5 2.96528997E-02 4.99014020E-02 1.11961963E-01 0.00000000E+00 3.18951608E-01
11  6 5.31836246E-02 0.00000000E+00 1.45683649E-01 1.33965379E-02 1.30848514E-03
11  7-1.47050231E-02 0.00000000E+00 2.03240007E-02 0.00000000E+00-1.01905245E-02
11  8 2.96528997E-02 4.99014020E-02-1.11961963E-01 0.00000000E+00 3.18951608E-01
11  9-5.31836246E-02 0.00000000E+00 1.45683649E-01 1.33965379E-02 1.30848514E-03
11 10-1.47050231E-02 0.00000000E+00-2.03240007E-02 0.00000000E+00
12  1 4.26917769E-02-1.17315584E-01 2.65960588E-01 2.50791344E-02 0.00000000E+00
12  2 0.00000000E+00-4.90522324E-02 0.00000000E+00 0.00000000E+00 8.55687339E-02
12  3 0.00000000E+00 0.00000000E+00-4.54294393E-02-4.05988045E-02 1.19286956E-02
12  4 2.86701089E-02 0.00000000E+00 0.00000000E+00 0.00000000E+00 9.28706071E-02
12  5-1.87104377E-01-3.28784870E-01 3.44772485E-01 0.00000000E+00-6.87472378E-02
12  6 1.87893063E-01 0.00000000E+00-3.37286950E-02 2.08360080E-02-1.23562860E-02
12  7-8.47972195E-03 0.00000000E+00-1.09312747E-02 0.00000000E+00 9.28706071E-02
12  8-1.87104377E-01-3.28784870E-01-3.44772485E-01 0.00000000E+00-6.87472378E-02
12  9-1.87893063E-01 0.00000000E+00-3.37286950E-02 2.08360080E-02-1.23562860E-02
12 10-8.47972195E-03 0.00000000E+00 1.09312747E-02 0.00000000E+00
13  1 0.00000000E+00 0.00000000E+00 0.00000000E+00 0.00000000E+00-1.66619629E-01
13  2 0.00000000E+00 0.00000000E+00 3.04987522E-01 0.00000000E+00 0.00000000E+00
13  3-4.37847977E-02 0.00000000E+00 0.00000000E+00 0.00000000E+00 0.00000000E+00
13  4 0.00000000E+00 0.00000000E+00-6.72546657E-03 0.00000000E+00-6.27864203E-02
13  5 1.29031890E-01 2.71065687E-01-2.80825459E-01 0.00000000E+00 3.15953719E-01
13  6-1.24478126E-01 0.00000000E+00 1.75206308E-01-1.09035340E-02 1.48496188E-02
13  7-3.94608479E-03 0.00000000E+00 2.84148600E-02 0.00000000E+00 6.27864203E-02
13  8-1.29031890E-01-2.71065687E-01-2.80825459E-01 0.00000000E+00-3.15953719E-01
13  9-1.24478126E-01 0.00000000E+00-1.75206308E-01 1.09035340E-02-1.48496188E-02
13 10 3.94608479E-03 0.00000000E+00 2.84148600E-02 0.00000000E+00
14  1 0.00000000E+00 0.00000000E+00 0.00000000E+00 0.00000000E+00 0.00000000E+00
14  2 0.00000000E+00 0.00000000E+00 0.00000000E+00 0.00000000E+00 0.00000000E+00
14  3 0.00000000E+00 0.00000000E+00 0.00000000E+00 0.00000000E+00 0.00000000E+00
14  4 0.00000000E+00-1.99977798E-01 0.00000000E+00 0.00000000E+00 0.00000000E+00
14  5 0.00000000E+00 0.00000000E+00 0.00000000E+00 4.59686128E-01 0.00000000E+00
14  6 0.00000000E+00 2.74062857E-01 0.00000000E+00 0.00000000E+00 0.00000000E+00
14  7 0.00000000E+00 2.83431581E-02 0.00000000E+00-1.02910238E-02 0.00000000E+00
14  8 0.00000000E+00 0.00000000E+00 0.00000000E+00-4.59686128E-01 0.00000000E+00
14  9 0.00000000E+00-2.74062857E-01 0.00000000E+00 0.00000000E+00 0.00000000E+00
14 10 0.00000000E+00 2.83431581E-02 0.00000000E+00 1.02910238E-02
15  1 0.00000000E+00 0.00000000E+00 0.00000000E+00 0.00000000E+00 2.26358655E-02
15  2 0.00000000E+00 0.00000000E+00-1.85685225E-02 0.00000000E+00 0.00000000E+00
15  3 7.53955242E-02 0.00000000E+00 0.00000000E+00 0.00000000E+00 0.00000000E+00
15  4 0.00000000E+00 0.00000000E+00-1.80928889E-01 0.00000000E+00 2.87963649E-03
15  5-2.59223770E-02-3.23971375E-02 3.60917499E-01 0.00000000E+00 3.14122387E-01
15  6 2.03689984E-01 0.00000000E+00 2.00368709E-01 3.77558218E-02-1.14885498E-02
15  7-2.62672720E-02 0.00000000E+00 8.62865044E-03 0.00000000E+00-2.87963649E-03
15  8 2.59223770E-02 3.23971375E-02 3.60917499E-01 0.00000000E+00-3.14122387E-01
15  9 2.03689984E-01 0.00000000E+00-2.00368709E-01-3.77558218E-02 1.14885498E-02
15 10 2.62672720E-02 0.00000000E+00 8.62865044E-03 0.00000000E+00
16  1 2.32663036E-02-1.02352813E-01 1.20658620E-01 1.02741960E+00 0.00000000E+00
16  2 0.00000000E+00 1.54837845E-01 0.00000000E+00 0.00000000E+00-3.20204068E-01
16  3 0.00000000E+00 0.00000000E+00-1.85279735E-01-2.12659856E-01 1.01699176E-01
16  4 1.10960679E-01 0.00000000E+00 0.00000000E+00 0.00000000E+00 4.23064825E-02
16  5-6.31230156E-02-2.64479931E-01-1.18365452E-01 0.00000000E+00 2.97628467E-01
16  6-9.15484683E-02 0.00000000E+00 2.45829456E-01-2.31852360E-02 1.55371475E-02
16  7 7.64808853E-03 0.00000000E+00 2.41637665E-02 0.00000000E+00 4.23064825E-02
16  8-6.31230156E-02-2.64479931E-01 1.18365452E-01 0.00000000E+00 2.97628467E-01
16  9 9.15484683E-02 0.00000000E+00 2.45829456E-01-2.31852360E-02 1.55371475E-02
16 10 7.64808853E-03 0.00000000E+00-2.41637665E-02 0.00000000E+00
17  1 0.00000000E+00 0.00000000E+00 0.00000000E+00 0.00000000E+00 0.00000000E+00
17  2-1.79250217E-01 0.00000000E+00 0.00000000E+00 4.89670327E-01 0.00000000E+00
17  3 0.00000000E+00 9.09304078E-01 0.00000000E+00 0.00000000E+00 0.00000000E+00
17  4 0.00000000E+00 0.00000000E+00 0.00000000E+00-1.42085723E-01 0.00000000E+00
17  5 0.00000000E+00 0.00000000E+00 0.00000000E+00-3.56329969E-01 0.00000000E+00
17  6 0.00000000E+00-4.53418974E-01 0.00000000E+00 0.00000000E+00 0.00000000E+00
17  7 0.00000000E+00-8.92743695E-03 0.00000000E+00-2.63656374E-03 0.00000000E+00
17  8 0.00000000E+00 0.00000000E+00 0.00000000E+00-3.56329969E-01 0.00000000E+00
17  9 0.00000000E+00-4.53418974E-01 0.00000000E+00 0.00000000E+00 0.00000000E+00
17 10 0.00000000E+00 8.92743695E-03 0.00000000E+00-2.63656374E-03
18  1-2.39471269E-04-9.00873524E-02-1.03006214E-01 1.75361791E+00 0.00000000E+00
18  2 0.00000000E+00-5.98692467E-02 0.00000000E+00 0.00000000E+00 2.28821997E-01
18  3 0.00000000E+00 0.00000000E+00 1.35039391E+00-7.50902675E-02 2.33697216E-01
18  4-1.58606949E-01 0.00000000E+00 0.00000000E+00 0.00000000E+00 6.61643525E-02
18  5-8.46466774E-02-9.61462296E-01-1.47321417E-01 0.00000000E+00-1.51701343E-01
18  6-3.79141219E-01 0.00000000E+00-2.24109062E-01-2.65751782E-02 2.73601700E-02
18  7-7.84991782E-04 0.00000000E+00 1.34234340E-02 0.00000000E+00 6.61643525E-02
18  8-8.46466774E-02-9.61462296E-01 1.47321417E-01 0.00000000E+00-1.51701343E-01
18  9 3.79141219E-01 0.00000000E+00-2.24109062E-01-2.65751782E-02 2.73601700E-02
18 10-7.84991782E-04 0.00000000E+00-1.34234340E-02 0.00000000E+00
19  1 0.00000000E+00 0.00000000E+00 0.00000000E+00 0.00000000E+00-3.24239483E-02
19  2 0.00000000E+00 0.00000000E+00 1.64719330E-01 0.00000000E+00 0.00000000E+00
19  3 1.91562570E+00 0.00000000E+00 0.00000000E+00 0.00000000E+00 0.00000000E+00
19  4 0.00000000E+00 0.00000000E+00-9.45989920E-02 0.00000000E+00-6.82866860E-02
19  5 8.05660222E-02 1.09606384E+00-8.78512015E-02 0.00000000E+00-1.68934739E-01
19  6-4.52070800E-02 0.00000000E+00-2.87620331E-01 1.43003220E-02-1.00322435E-02
19  7-4.26807846E-03 0.00000000E+00-2.24232882E-02 0.00000000E+00 6.82866860E-02
19  8-8.05660222E-02-1.09606384E+00-8.78512015E-02 0.00000000E+00 1.68934739E-01
19  9-4.52070800E-02 0.00000000E+00 2.87620331E-01-1.43003220E-02 1.00322435E-02
19 10 4.26807846E-03 0.00000000E+00-2.24232882E-02 0.00000000E+00
20  1 0.00000000E+00 0.00000000E+00 0.00000000E+00 0.00000000E+00 0.00000000E+00
20  2-3.06324413E-01 0.00000000E+00 0.00000000E+00 1.14501069E+00 0.00000000E+00
20  3 0.00000000E+00-1.08552839E+00 0.00000000E+00 0.00000000E+00 0.00000000E+00
20  4 0.00000000E+00 0.00000000E+00 0.00000000E+00 4.47707493E-02 0.00000000E+00
20  5 0.00000000E+00 0.00000000E+00 0.00000000E+00-3.77544876E-02 0.00000000E+00
20  6 0.00000000E+00-5.17867664E-02 0.00000000E+00 0.00000000E+00 0.00000000E+00
20  7 0.00000000E+00 3.89658537E-02 0.00000000E+00-1.66658142E-02 0.00000000E+00
20  8 0.00000000E+00 0.00000000E+00 0.00000000E+00-3.77544876E-02 0.00000000E+00
20  9 0.00000000E+00-5.17867664E-02 0.00000000E+00 0.00000000E+00 0.00000000E+00
20 10 0.00000000E+00-3.89658537E-02 0.00000000E+00-1.66658142E-02
21  1-4.06991496E-02-1.15029767E-01-5.81912721E-01 8.57357266E-01 0.00000000E+00
21  2 0.00000000E+00-2.87672079E-01 0.00000000E+00 0.00000000E+00 1.10146245E+00
21  3 0.00000000E+00 0.00000000E+00-8.15030847E-01-1.93959101E-01 2.04967212E-01
21  4-1.10081112E-02 0.00000000E+00 0.00000000E+00 0.00000000E+00 1.36653884E-02
21  5-4.79680196E-02-6.61196318E-02-4.61141389E-02 0.00000000E+00-2.69997067E-02
21  6-1.41665417E-01 0.00000000E+00-8.87491279E-02 1.49490418E-02 1.44571510E-02
21  7-2.94061928E-02 0.00000000E+00 2.94825915E-02 0.00000000E+00 1.36653884E-02
21  8-4.79680196E-02-6.61196318E-02 4.61141389E-02 0.00000000E+00-2.69997067E-02
21  9 1.41665417E-01 0.00000000E+00-8.87491279E-02 1.49490418E-02 1.44571510E-02
21 10-2.94061928E-02 0.00000000E+00-2.94825915E-02 0.00000000E+00
22  1-3.97751511E-02 5.11122584E-02-3.65258864E-01 2.65337771E+00 0.00000000E+00
22  2 0.00000000E+00-1.52422157E-02 0.00000000E+00 0.00000000E+00 2.30476114E-01
22  3 0.00000000E+00 0.00000000E+00 2.51542343E-01 6.12206408E-01-6.31095512E-01
22  4 1.88891040E-02 0.00000000E+00 0.00000000E+00 0.00000000E+00 2.30771705E-02
22  5 8.08121463E-03-1.28066000E+00 2.63688813E-01 0.00000000E+00-1.48883081E-01
22  6-7.12178198E-01 0.00000000E+00 5.06906936E-01-2.33992303E-02 4.15471449E-03
22  7 1.92445158E-02 0.00000000E+00 4.06871190E-02 0.00000000E+00 2.30771705E-02
22  8 8.08121463E-03-1.28066000E+00-2.63688813E-01 0.00000000E+00-1.48883081E-01
22  9 7.12178198E-01 0.00000000E+00 5.06906936E-01-2.33992303E-02 4.15471449E-03
22 10 1.92445158E-02 0.00000000E+00-4.06871190E-02 0.00000000E+00
23  1 0.00000000E+00 0.00000000E+00 0.00000000E+00 0.00000000E+00 3.49101073E-02
23  2 0.00000000E+00 0.00000000E+00 2.63512607E-01 0.00000000E+00 0.00000000E+00
23  3 4.82416719E-01 0.00000000E+00 0.00000000E+00 0.00000000E+00 0.00000000E+00
23  4 0.00000000E+00 0.00000000E+00 7.06276056E-01 0.00000000E+00-1.78886514E-02
23  5-3.49577306E-02 9.38198347E-01-2.22625605E-01 0.00000000E+00 2.38480117E-01
23  6 1.00010812E+00 0.00000000E+00-1.75711498E-01 1.23733008E-02-1.84387790E-02
23  7 6.06547821E-03 0.00000000E+00-2.29094090E-02 0.00000000E+00 1.78886514E-02
23  8 3.49577306E-02-9.38198347E-01-2.22625605E-01 0.00000000E+00-2.38480117E-01
23  9 1.00010812E+00 0.00000000E+00 1.75711498E-01-1.23733008E-02 1.84387790E-02
23 10-6.06547821E-03 0.00000000E+00-2.29094090E-02 0.00000000E+00
24  1 0.00000000E+00 0.00000000E+00 0.00000000E+00 0.00000000E+00 0.00000000E+00
24  2-1.33496830E-02 0.00000000E+00 0.00000000E+00 3.87622472E-02 0.00000000E+00
24  3 0.00000000E+00 3.31149907E-01 0.00000000E+00 0.00000000E+00 0.00000000E+00
24  4 0.00000000E+00 0.00000000E+00 0.00000000E+00 9.86347238E-01 0.00000000E+00
24  5 0.00000000E+00 0.00000000E+00 0.00000000E+00-2.71794097E-01 0.00000000E+00
24  6 0.00000000E+00-1.60974015E-01 0.00000000E+00 0.00000000E+00 0.00000000E+00
24  7 0.00000000E+00 3.45653994E-02 0.00000000E+00 6.13637136E-02 0.00000000E+00
24  8 0.00000000E+00 0.00000000E+00 0.00000000E+00-2.71794097E-01 0.00000000E+00
24  9 0.00000000E+00-1.60974015E-01 0.00000000E+00 0.00000000E+00 0.00000000E+00
24 10 0.00000000E+00-3.45653994E-02 0.00000000E+00 6.13637136E-02
25  1 9.45527539E-02 5.15108045E-01 1.67904324E+00 1.30525302E-02 0.00000000E+00
25  2 0.00000000E+00-5.75700162E-02 0.00000000E+00 0.00000000E+00 4.18235135E-01
25  3 0.00000000E+00 0.00000000E+00 2.72094170E-01-1.80805324E-01 9.64001865E-02
25  4 8.44051377E-02 0.00000000E+00 0.00000000E+00 0.00000000E+00 4.82870452E-02
25  5-2.20402478E-02-5.71354337E-01 2.38519219E-01 0.00000000E+00 1.39731935E-01
25  6-1.06454103E+00 0.00000000E+00 3.76330242E-02 6.50353275E-03 8.97979159E-03
25  7-1.54833243E-02 0.00000000E+00-9.55291293E-03 0.00000000E+00 4.82870452E-02
25  8-2.20402478E-02-5.71354337E-01-2.38519219E-01 0.00000000E+00 1.39731935E-01
25  9 1.06454103E+00 0.00000000E+00 3.76330242E-02 6.50353275E-03 8.97979159E-03
25 10-1.54833243E-02 0.00000000E+00 9.55291293E-03 0.00000000E+00
26  1 0.00000000E+00 0.00000000E+00 0.00000000E+00 0.00000000E+00-2.11297252E-01
26  2 0.00000000E+00 0.00000000E+00 1.11393203E+00 0.00000000E+00 0.00000000E+00
26  3-2.81498122E-01 0.00000000E+00 0.00000000E+00 0.00000000E+00 0.00000000E+00
26  4 0.00000000E+00 0.00000000E+00-4.74886767E-01 0.00000000E+00-4.66249735E-02
26  5 6.75186843E-02 3.56962691E-01-2.73527806E-02 0.00000000E+00 2.08390417E-01
26  6 5.56576360E-01 0.00000000E+00-8.64820777E-01 2.92801426E-02 7.66495823E-03
26  7-3.69451009E-02 0.00000000E+00 2.20837776E-02 0.00000000E+00 4.66249735E-02
26  8-6.75186843E-02-3.56962691E-01-2.73527806E-02 0.00000000E+00-2.08390417E-01
26  9 5.56576360E-01 0.00000000E+00 8.64820777E-01-2.92801426E-02-7.66495823E-03
26 10 3.69451009E-02 0.00000000E+00 2.20837776E-02 0.00000000E+00
27  1 0.00000000E+00 0.00000000E+00 0.00000000E+00 0.00000000E+00 0.00000000E+00
27  2 0.00000000E+00 0.00000000E+00 0.00000000E+00 0.00000000E+00 0.00000000E+00
27  3 0.00000000E+00 0.00000000E+00 0.00000000E+00 0.00000000E+00 0.00000000E+00
27  4 0.00000000E+00 7.23045895E-01 0.00000000E+00 0.00000000E+00 0.00000000E+00
27  5 0.00000000E+00 0.00000000E+00 0.00000000E+00-3.20472416E-01 0.00000000E+00
27  6 0.00000000E+00 9.13312656E-01 0.00000000E+00 0.00000000E+00 0.00000000E+00
27  7 0.00000000E+00-2.31166453E-02 0.00000000E+00 1.93691382E-02 0.00000000E+00
27  8 0.00000000E+00 0.00000000E+00 0.00000000E+00 3.20472416E-01 0.00000000E+00
27  9 0.00000000E+00-9.13312656E-01 0.00000000E+00 0.00000000E+00 0.00000000E+00
27 10 0.00000000E+00-2.31166453E-02 0.00000000E+00-1.93691382E-02
28  1 9.38146443E-03-7.76053149E-02 1.35875232E-02-1.88663475E-01 0.00000000E+00
28  2 0.00000000E+00-4.10718584E-02 0.00000000E+00 0.00000000E+00 1.36932313E-01
28  3 0.00000000E+00 0.00000000E+00 5.80868463E-01-3.99434895E-01-5.88991786E-01
28  4 9.88426681E-01 0.00000000E+00 0.00000000E+00 0.00000000E+00 1.66267612E-02
28  5-1.38825433E-01 1.13781982E-01-1.96122389E-01 0.00000000E+00-1.06304655E-01
28  6-1.94403249E-03 0.00000000E+00-5.44173500E-01 2.80129691E-02-5.23183282E-02
28  7 2.43053591E-02 0.00000000E+00 4.74897262E-02 0.00000000E+00 1.66267612E-02
28  8-1.38825433E-01 1.13781982E-01 1.96122389E-01 0.00000000E+00-1.06304655E-01
28  9 1.94403249E-03 0.00000000E+00-5.44173500E-01 2.80129691E-02-5.23183282E-02
28 10 2.43053591E-02 0.00000000E+00-4.74897262E-02 0.00000000E+00
29  1 6.02288519E-02 2.90250341E-01 1.03212546E+00-5.32816787E-01 0.00000000E+00
29  2 0.00000000E+00-9.73299403E-02 0.00000000E+00 0.00000000E+00 3.43140006E-01
29  3 0.00000000E+00 0.00000000E+00-9.92779309E-01-2.41926332E-02 6.89334755E-02
29  4-4.47408424E-02 0.00000000E+00 0.00000000E+00 0.00000000E+00 1.51361336E-02
29  5-5.36615460E-02 4.04536086E-02-3.38192309E-01 0.00000000E+00-5.03199347E-01
29  6-2.79596997E-03 0.00000000E+00 9.74053726E-01 4.07901307E-02-2.53336459E-02
29  7-1.54564848E-02 0.00000000E+00 8.48317668E-03 0.00000000E+00 1.51361336E-02
29  8-5.36615460E-02 4.04536086E-02 3.38192309E-01 0.00000000E+00-5.03199347E-01
29  9 2.79596997E-03 0.00000000E+00 9.74053726E-01 4.07901307E-02-2.53336459E-02
29 10-1.54564848E-02 0.00000000E+00-8.48317668E-03 0.00000000E+00
30  1 0.00000000E+00 0.00000000E+00 0.00000000E+00 0.00000000E+00 0.00000000E+00
30  2 4.16741842E-02 0.00000000E+00 0.00000000E+00-5.33088584E-02 0.00000000E+00
30  3 0.00000000E+00 1.18529349E+00 0.00000000E+00 0.00000000E+00 0.00000000E+00
30  4 0.00000000E+00 0.00000000E+00 0.00000000E+00 2.46553689E-01 0.00000000E+00
30  5 0.00000000E+00 0.00000000E+00 0.00000000E+00 5.99723535E-01 0.00000000E+00
30  6 0.00000000E+00-1.17832890E+00 0.00000000E+00 0.00000000E+00 0.00000000E+00
30  7 0.00000000E+00 2.68813813E-02 0.00000000E+00-1.59175617E-02 0.00000000E+00
30  8 0.00000000E+00 0.00000000E+00 0.00000000E+00 5.99723535E-01 0.00000000E+00
30  9 0.00000000E+00-1.17832890E+00 0.00000000E+00 0.00000000E+00 0.00000000E+00
30 10 0.00000000E+00-2.68813813E-02 0.00000000E+00-1.59175617E-02
31  1 0.00000000E+00 0.00000000E+00 0.00000000E+00 0.00000000E+00 0.00000000E+00
31  2 0.00000000E+00 0.00000000E+00 0.00000000E+00 0.00000000E+00 0.00000000E+00
31  3 0.00000000E+00 0.00000000E+00 0.00000000E+00 0.00000000E+00 0.00000000E+00
31  4 0.00000000E+00 8.46063200E-01 0.00000000E+00 0.00000000E+00 0.00000000E+00
31  5 0.00000000E+00 0.00000000E+00 0.00000000E+00 6.06198346E-01 0.00000000E+00
31  6 0.00000000E+00-1.94063359E-01 0.00000000E+00 0.00000000E+00 0.00000000E+00
31  7 0.00000000E+00-1.78741828E-02 0.00000000E+00 6.94168848E-02 0.00000000E+00
31  8 0.00000000E+00 0.00000000E+00 0.00000000E+00-6.06198346E-01 0.00000000E+00
31  9 0.00000000E+00 1.94063359E-01 0.00000000E+00 0.00000000E+00 0.00000000E+00
31 10 0.00000000E+00-1.78741828E-02 0.00000000E+00-6.94168848E-02
32  1 0.00000000E+00 0.00000000E+00 0.00000000E+00 0.00000000E+00 1.66926768E-01
32  2 0.00000000E+00 0.00000000E+00-8.19426371E-01 0.00000000E+00 0.00000000E+00
32  3 9.68991626E-01 0.00000000E+00 0.00000000E+00 0.00000000E+00 0.00000000E+00
32  4 0.00000000E+00 0.00000000E+00 1.87808625E-01 0.00000000E+00 1.52161728E-02
32  5 7.19920306E-03-4.27027459E-02 1.96761298E-01 0.00000000E+00 5.68449970E-01
32  6-8.90973991E-01 0.00000000E+00-5.09928945E-01 4.06550024E-02-4.54510942E-02
32  7 4.79609177E-03 0.00000000E+00 1.06525250E-02 0.00000000E+00-1.52161728E-02
32  8-7.19920306E-03 4.27027459E-02 1.96761298E-01 0.00000000E+00-5.68449970E-01
32  9-8.90973991E-01 0.00000000E+00 5.09928945E-01-4.06550024E-02 4.54510942E-02
32 10-4.79609177E-03 0.00000000E+00 1.06525250E-02 0.00000000E+00
33  1 0.00000000E+00 0.00000000E+00 0.00000000E+00 0.00000000E+00-1.70703186E-01
33  2 0.00000000E+00 0.00000000E+00 1.01455599E+00 0.00000000E+00 0.00000000E+00
33  3 1.47228067E+00 0.00000000E+00 0.00000000E+00 0.00000000E+00 0.00000000E+00
33  4 0.00000000E+00 0.00000000E+00 4.60829137E-01 0.00000000E+00-8.36560738E-03
33  5-9.06093985E-01 2.49986995E+00 4.51941828E-01 0.00000000E+00-7.44526380E-02
33  6 1.73850774E-01 0.00000000E+00-3.92356376E-01-1.22197874E-01 7.61624097E-02
33  7 4.60354647E-02 0.00000000E+00 1.79448035E-01 0.00000000E+00 8.36560738E-03
33  8 9.06093985E-01-2.49986995E+00 4.51941828E-01 0.00000000E+00 7.44526380E-02
33  9 1.73850774E-01 0.00000000E+00 3.92356376E-01 1.22197874E-01-7.61624097E-02
33 10-4.60354647E-02 0.00000000E+00 1.79448035E-01 0.00000000E+00
34  1 4.37183231E-02 7.93535034E-02 6.06737596E-01 2.82410800E+00 0.00000000E+00
34  2 0.00000000E+00-1.28991222E-01 0.00000000E+00 0.00000000E+00 7.47109659E-01
34  3 0.00000000E+00 0.00000000E+00 8.44248943E-01 7.91803997E-01-5.64757237E-01
34  4-2.27046761E-01 0.00000000E+00 0.00000000E+00 0.00000000E+00 1.52221138E-02
34  5 7.02605124E-01-2.67456166E+00-4.41602640E-01 0.00000000E+00 3.60296777E-01
34  6-5.88721116E-01 0.00000000E+00-9.42099218E-03 1.67354367E-01-1.76904563E-01
34  7 9.55019580E-03 0.00000000E+00-1.13362627E-01 0.00000000E+00 1.52221138E-02
34  8 7.02605124E-01-2.67456166E+00 4.41602640E-01 0.00000000E+00 3.60296777E-01
34  9 5.88721116E-01 0.00000000E+00-9.42099218E-03 1.67354367E-01-1.76904563E-01
34 10 9.55019580E-03 0.00000000E+00 1.13362627E-01 0.00000000E+00
35  1 3.26676453E-02-1.00888901E-01 2.79277948E-01-1.06416394E+00 0.00000000E+00
35  2 0.00000000E+00-9.11525915E-02 0.00000000E+00 0.00000000E+00 3.55977464E-01
35  3 0.00000000E+00 0.00000000E+00-5.05245958E-01 6.90420243E-01-3.22795483E-01
35  4-3.67624761E-01 0.00000000E+00 0.00000000E+00 0.00000000E+00 8.46555034E-04
35  5-1.09553631E+00 1.17898351E+00-2.81743604E-01 0.00000000E+00 2.63212131E-01
35  6 3.57108913E-01 0.00000000E+00-2.46698089E-02-7.92334491E-02-2.14321546E-01
35  7 2.93554995E-01 0.00000000E+00-3.72562302E-02 0.00000000E+00 8.46555034E-04
35  8-1.09553631E+00 1.17898351E+00 2.81743604E-01 0.00000000E+00 2.63212131E-01
35  9-3.57108913E-01 0.00000000E+00-2.46698089E-02-7.92334491E-02-2.14321546E-01
35 10 2.93554995E-01 0.00000000E+00 3.72562302E-02 0.00000000E+00
36  1 0.00000000E+00 0.00000000E+00 0.00000000E+00 0.00000000E+00-1.86196185E-01
36  2 0.00000000E+00 0.00000000E+00 6.94993905E-01 0.00000000E+00 0.00000000E+00
36  3-3.45791390E-01 0.00000000E+00 0.00000000E+00 0.00000000E+00 0.00000000E+00
36  4 0.00000000E+00 0.00000000E+00 4.66904487E-01 0.00000000E+00-5.38531017E-03
36  5 7.48742066E-01-4.96635305E-01 3.49289899E-01 0.00000000E+00-1.12584895E-01
36  6-8.33437091E-02 0.00000000E+00 1.15873516E-01-4.32252805E-02-3.96675880E-01
36  7 4.39901160E-01 0.00000000E+00 1.88530626E-01 0.00000000E+00 5.38531017E-03
36  8-7.48742066E-01 4.96635305E-01 3.49289899E-01 0.00000000E+00 1.12584895E-01
36  9-8.33437091E-02 0.00000000E+00-1.15873516E-01 4.32252805E-02 3.96675880E-01
36 10-4.39901160E-01 0.00000000E+00 1.88530626E-01 0.00000000E+00
37  1 0.00000000E+00 0.00000000E+00 0.00000000E+00 0.00000000E+00 0.00000000E+00
37  2 0.00000000E+00 0.00000000E+00 0.00000000E+00 0.00000000E+00 0.00000000E+00
37  3 0.00000000E+00 0.00000000E+00 0.00000000E+00 0.00000000E+00 0.00000000E+00
37  4 0.00000000E+00 5.94156900E-02 0.00000000E+00 0.00000000E+00 0.00000000E+00
37  5 0.00000000E+00 0.00000000E+00 0.00000000E+00-4.28803382E-02 0.00000000E+00
37  6 0.00000000E+00 8.20366547E-02 0.00000000E+00 0.00000000E+00 0.00000000E+00
37  7 0.00000000E+00 4.96174280E-01 0.00000000E+00 5.09847229E-01 0.00000000E+00
37  8 0.00000000E+00 0.00000000E+00 0.00000000E+00 4.28803382E-02 0.00000000E+00
37  9 0.00000000E+00-8.20366547E-02 0.00000000E+00 0.00000000E+00 0.00000000E+00
37 10 0.00000000E+00 4.96174280E-01 0.00000000E+00-5.09847229E-01
38  1 0.00000000E+00 0.00000000E+00 0.00000000E+00 0.00000000E+00 0.00000000E+00
38  2-3.40613602E-02 0.00000000E+00 0.00000000E+00 2.36272932E-01 0.00000000E+00
38  3 0.00000000E+00-4.93889724E-03 0.00000000E+00 0.00000000E+00 0.00000000E+00
38  4 0.00000000E+00 0.00000000E+00 0.00000000E+00-1.99509149E-01 0.00000000E+00
38  5 0.00000000E+00 0.00000000E+00 0.00000000E+00 5.50864628E-02 0.00000000E+00
38  6 0.00000000E+00-8.36766366E-02 0.00000000E+00 0.00000000E+00 0.00000000E+00
38  7 0.00000000E+00 3.40675092E-02 0.00000000E+00 7.19554618E-01 0.00000000E+00
38  8 0.00000000E+00 0.00000000E+00 0.00000000E+00 5.50864628E-02 0.00000000E+00
38  9 0.00000000E+00-8.36766366E-02 0.00000000E+00 0.00000000E+00 0.00000000E+00
38 10 0.00000000E+00-3.40675092E-02 0.00000000E+00 7.19554618E-01
39  1 0.00000000E+00 0.00000000E+00 0.00000000E+00 0.00000000E+00-1.51090735E-01
39  2 0.00000000E+00 0.00000000E+00 4.46291705E-01 0.00000000E+00 0.00000000E+00
39  3-3.22165192E-02 0.00000000E+00 0.00000000E+00 0.00000000E+00 0.00000000E+00
39  4 0.00000000E+00 0.00000000E+00 1.90159129E-01 0.00000000E+00-4.31835283E-03
39  5 5.17040976E-01-3.62746495E-01 3.00052156E-01 0.00000000E+00-3.95079932E-04
39  6-3.09932128E-01 0.00000000E+00-7.68241624E-02-5.03661728E-01 4.50668683E-01
39  7 5.29930453E-02 0.00000000E+00-3.47475745E-01 0.00000000E+00 4.31835283E-03
39  8-5.17040976E-01 3.62746495E-01 3.00052156E-01 0.00000000E+00 3.95079932E-04
39  9-3.09932128E-01 0.00000000E+00 7.68241624E-02 5.03661728E-01-4.50668683E-01
39 10-5.29930453E-02 0.00000000E+00-3.47475745E-01 0.00000000E+00
40  1-1.34379865E-02 1.02202727E-01-3.77454823E-02 2.78476426E-02 0.00000000E+00
40  2 0.00000000E+00 5.38923330E-02 0.00000000E+00 0.00000000E+00-1.96778989E-01
40  3 0.00000000E+00 0.00000000E+00 2.74277685E-02-4.21932794E-01 5.51834578E-01
40  4-1.29901783E-01 0.00000000E+00 0.00000000E+00 0.00000000E+00 3.30587272E-03
40  5 4.17399824E-01-1.85950685E-01 2.10401752E-01 0.00000000E+00-1.15651226E-01
40  6-1.36094991E-01 0.00000000E+00 6.24508738E-02 8.13349482E-02-5.45423401E-01
40  7 4.64088453E-01 0.00000000E+00 3.54731595E-01 0.00000000E+00 3.30587272E-03
40  8 4.17399824E-01-1.85950685E-01-2.10401752E-01 0.00000000E+00-1.15651226E-01
40  9 1.36094991E-01 0.00000000E+00 6.24508738E-02 8.13349482E-02-5.45423401E-01
40 10 4.64088453E-01 0.00000000E+00-3.54731595E-01 0.00000000E+00
41  1 0.00000000E+00 0.00000000E+00 0.00000000E+00 0.00000000E+00 0.00000000E+00
41  2 1.06255175E-01 0.00000000E+00 0.00000000E+00-7.21631089E-01 0.00000000E+00
41  3 0.00000000E+00-2.17413968E-01 0.00000000E+00 0.00000000E+00 0.00000000E+00
41  4 0.00000000E+00 0.00000000E+00 0.00000000E+00-5.29589135E-01 0.00000000E+00
41  5 0.00000000E+00 0.00000000E+00 0.00000000E+00 1.55310730E-03 0.00000000E+00
41  6 0.00000000E+00 3.99440893E-01 0.00000000E+00 0.00000000E+00 0.00000000E+00
41  7 0.00000000E+00 8.41418036E-01 0.00000000E+00-7.18415133E-02 0.00000000E+00
41  8 0.00000000E+00 0.00000000E+00 0.00000000E+00 1.55310730E-03 0.00000000E+00
41  9 0.00000000E+00 3.99440893E-01 0.00000000E+00 0.00000000E+00 0.00000000E+00
41 10 0.00000000E+00-8.41418036E-01 0.00000000E+00-7.18415133E-02
42  1 0.00000000E+00 0.00000000E+00 0.00000000E+00 0.00000000E+00-7.79423986E-02
42  2 0.00000000E+00 0.00000000E+00-3.12939490E-01 0.00000000E+00 0.00000000E+00
42  3-2.49191963E-01 0.00000000E+00 0.00000000E+00 0.00000000E+00 0.00000000E+00
42  4 0.00000000E+00 0.00000000E+00 9.26299192E-01 0.00000000E+00 2.68493009E-02
42  5 7.60037112E-01-8.73600979E-01 2.29641850E-01 0.00000000E+00-4.49394482E-02
42  6-2.68470560E-01 0.00000000E+00 4.76964672E-01 1.79144944E-01 3.66389448E-01
42  7-5.45534392E-01 0.00000000E+00 5.27787649E-01 0.00000000E+00-2.68493009E-02
42  8-7.60037112E-01 8.73600979E-01 2.29641850E-01 0.00000000E+00 4.49394482E-02
42  9-2.68470560E-01 0.00000000E+00-4.76964672E-01-1.79144944E-01-3.66389448E-01
42 10 5.45534392E-01 0.00000000E+00 5.27787649E-01 0.00000000E+00
43  1 0.00000000E+00 0.00000000E+00 0.00000000E+00 0.00000000E+00 0.00000000E+00
43  2 0.00000000E+00 0.00000000E+00 0.00000000E+00 0.00000000E+00 0.00000000E+00
43  3 0.00000000E+00 0.00000000E+00 0.00000000E+00 0.00000000E+00 0.00000000E+00
43  4 0.00000000E+00 1.06970012E+00 0.00000000E+00 0.00000000E+00 0.00000000E+00
43  5 0.00000000E+00 0.00000000E+00 0.00000000E+00 1.38980835E-01 0.00000000E+00
43  6 0.00000000E+00 3.90832618E-01 0.00000000E+00 0.00000000E+00 0.00000000E+00
43  7 0.00000000E+00 6.94453348E-01 0.00000000E+00-5.91551969E-01 0.00000000E+00
43  8 0.00000000E+00 0.00000000E+00 0.00000000E+00-1.38980835E-01 0.00000000E+00
43  9 0.00000000E+00-3.90832618E-01 0.00000000E+00 0.00000000E+00 0.00000000E+00
43 10 0.00000000E+00 6.94453348E-01 0.00000000E+00 5.91551969E-01
44  1-9.04153025E-02-9.60245634E-01-2.39409657E+00-1.73555031E+00 0.00000000E+00
44  2 0.00000000E+00 6.09053866E-02 0.00000000E+00 0.00000000E+00-1.20624436E+00
44  3 0.00000000E+00 0.00000000E+00-2.42175212E-01-7.04872073E-01 5.39330852E-01
44  4 1.65541221E-01 0.00000000E+00 0.00000000E+00 0.00000000E+00-3.89038376E-02
44  5-3.76886597E-01 2.39520572E+00 4.27189516E-01 0.00000000E+00-2.17046338E-01
44  6 1.05073735E+00 0.00000000E+00-4.52090345E-01 7.52672637E-01-5.16010329E-01
44  7-2.36662308E-01 0.00000000E+00-5.40453278E-01 0.00000000E+00-3.89038376E-02
44  8-3.76886597E-01 2.39520572E+00-4.27189516E-01 0.00000000E+00-2.17046338E-01
44  9-1.05073735E+00 0.00000000E+00-4.52090345E-01 7.52672637E-01-5.16010329E-01
44 10-2.36662308E-01 0.00000000E+00 5.40453278E-01 0.00000000E+00
45  1 0.00000000E+00 0.00000000E+00 0.00000000E+00 0.00000000E+00-1.83020212E-01
45  2 0.00000000E+00 0.00000000E+00 2.67845355E+00 0.00000000E+00 0.00000000E+00
45  3 3.11417418E-01 0.00000000E+00 0.00000000E+00 0.00000000E+00 0.00000000E+00
45  4 0.00000000E+00 0.00000000E+00 1.14386863E+00 0.00000000E+00-2.34102808E-02
45  5 5.59335080E-02 2.09545182E+00 6.47750775E-01 0.00000000E+00-2.31697657E-01
45  6 1.01538246E+00 0.00000000E+00-3.42244419E-01 7.35981560E-01-3.29100204E-01
45  7-4.06881355E-01 0.00000000E+00-5.33376342E-01 0.00000000E+00 2.34102808E-02
45  8-5.59335080E-02-2.09545182E+00 6.47750775E-01 0.00000000E+00 2.31697657E-01
45  9 1.01538246E+00 0.00000000E+00 3.42244419E-01-7.35981560E-01 3.29100204E-01
45 10 4.06881355E-01 0.00000000E+00-5.33376342E-01 0.00000000E+00
46  1 2.89167768E-02 1.00469210E-01 5.01117173E-01 2.11306391E-02 0.00000000E+00
46  2 0.00000000E+00 7.63493948E-02 0.00000000E+00 0.00000000E+00-4.89117664E-01
46  3 0.00000000E+00 0.00000000E+00-3.76058064E-01 1.30718805E+00-2.82889712E-01
46  4-1.02429834E+00 0.00000000E+00 0.00000000E+00 0.00000000E+00-2.21199515E-02
46  5-4.52123255E-01 4.15818097E-04-1.73116699E-01 0.00000000E+00 2.96000329E-01
46  6 1.62265397E-01 0.00000000E+00 5.08612277E-01 5.40935957E-01 3.82901202E-02
46  7-5.79226077E-01 0.00000000E+00 6.90884131E-01 0.00000000E+00-2.21199515E-02
46  8-4.52123255E-01 4.15818097E-04 1.73116699E-01 0.00000000E+00 2.96000329E-01
46  9-1.62265397E-01 0.00000000E+00 5.08612277E-01 5.40935957E-01 3.82901202E-02
46 10-5.79226077E-01 0.00000000E+00-6.90884131E-01 0.00000000E+00
 $END   
 POPULATION ANALYSIS
S           15.62278   0.37722  15.44988   0.55012
O            8.18861  -0.18861   8.27506  -0.27506
O            8.18861  -0.18861   8.27506  -0.27506
 MOMENTS AT POINT    1 X,Y,Z=  0.000000  0.000000  0.000000
 DIPOLE       0.000000  0.000000  0.032552
