 $DATA  
Title                                                                           
CNV      2

S          16.0      0.0000000000      0.0000000000     -0.6108176896
   PC1     0
        
O           8.0      1.4554844419      0.0000000000      0.6104787688
   PC1     0
        
 $END      
 $ZMAT   IZMAT(1)=
         1,   3,   1,
         1,   2,   1,
         2,   2,   1,   3,
 $END
--- CLOSED SHELL ORBITALS --- GENERATED AT Thu Feb 26 00:21:33 2015
Title                                                                           
E(R-PBE)=     -548.1132984549, E(NUC)=   82.9340603356,   29 ITERS
 $VEC   
 1  1 1.00297844E+00-1.02501034E-02 1.81955985E-03-1.08580452E-03 0.00000000E+00
 1  2 0.00000000E+00 4.92310697E-05 0.00000000E+00 0.00000000E+00 1.24452050E-05
 1  3 0.00000000E+00 0.00000000E+00-1.41593195E-04-1.83560799E-05 3.20477902E-05
 1  4-1.36917103E-05 0.00000000E+00 0.00000000E+00 0.00000000E+00-4.34566144E-06
 1  5-4.59365522E-05 1.78958941E-04 5.02865993E-06 0.00000000E+00-1.00931816E-05
 1  6 5.42414070E-05 0.00000000E+00-1.70527722E-05-7.24196801E-06 1.50593628E-05
 1  7-7.81739479E-06 0.00000000E+00 2.60651262E-05 0.00000000E+00-4.34566144E-06
 1  8-4.59365522E-05 1.78958941E-04-5.02865993E-06 0.00000000E+00-1.00931816E-05
 1  9-5.42414070E-05 0.00000000E+00-1.70527722E-05-7.24196801E-06 1.50593628E-05
 1 10-7.81739479E-06 0.00000000E+00-2.60651262E-05 0.00000000E+00
 2  1-9.56546472E-05-1.27432341E-03-2.62219587E-03 7.12179614E-03 0.00000000E+00
 2  2 0.00000000E+00-9.20583684E-05 0.00000000E+00 0.00000000E+00 2.66851428E-04
 2  3 0.00000000E+00 0.00000000E+00 3.77598640E-03 7.65374923E-04-1.15183918E-03
 2  4 3.86464258E-04 0.00000000E+00 0.00000000E+00 0.00000000E+00 7.03250188E-01
 2  5 2.50504362E-02-1.05619476E-02 6.25031074E-04 0.00000000E+00-4.90888854E-04
 2  6-2.30562707E-03 0.00000000E+00 1.40945300E-03-2.22995822E-04 1.82315196E-04
 2  7 4.06806258E-05 0.00000000E+00 2.66141906E-04 0.00000000E+00 7.03250188E-01
 2  8 2.50504362E-02-1.05619476E-02-6.25031074E-04 0.00000000E+00-4.90888854E-04
 2  9 2.30562707E-03 0.00000000E+00 1.40945300E-03-2.22995822E-04 1.82315196E-04
 2 10 4.06806258E-05 0.00000000E+00-2.66141906E-04 0.00000000E+00
 3  1 0.00000000E+00 0.00000000E+00 0.00000000E+00 0.00000000E+00 1.01985595E-04
 3  2 0.00000000E+00 0.00000000E+00-4.01098746E-04 0.00000000E+00 0.00000000E+00
 3  3-3.13127496E-03 0.00000000E+00 0.00000000E+00 0.00000000E+00 0.00000000E+00
 3  4 0.00000000E+00 0.00000000E+00-1.38095302E-03 0.00000000E+00 7.03208494E-01
 3  5 2.45801749E-02-9.23714383E-03 5.57721688E-04 0.00000000E+00-5.48936632E-04
 3  6-1.27903346E-03 0.00000000E+00 1.46751675E-03-4.88125315E-05 1.52156267E-04
 3  7-1.03343735E-04 0.00000000E+00 2.09685958E-04 0.00000000E+00-7.03208494E-01
 3  8-2.45801749E-02 9.23714383E-03 5.57721688E-04 0.00000000E+00 5.48936632E-04
 3  9-1.27903346E-03 0.00000000E+00-1.46751675E-03 4.88125315E-05-1.52156267E-04
 3 10 1.03343735E-04 0.00000000E+00 2.09685958E-04 0.00000000E+00
 4  1-2.74118498E-01 1.03975793E+00 4.08009578E-02-1.36051676E-02 0.00000000E+00
 4  2 0.00000000E+00 6.41289455E-03 0.00000000E+00 0.00000000E+00 3.76465916E-04
 4  3 0.00000000E+00 0.00000000E+00-1.22714399E-03 1.02229164E-05 1.17903155E-04
 4  4-1.28126072E-04 0.00000000E+00 0.00000000E+00 0.00000000E+00-1.71847958E-05
 4  5-2.63749536E-04 1.46661932E-03-1.09538412E-06 0.00000000E+00-5.05207260E-05
 4  6 3.10888551E-04 0.00000000E+00-4.65122437E-06-1.53817170E-04 2.44526297E-04
 4  7-9.07091273E-05 0.00000000E+00 4.20218320E-04 0.00000000E+00-1.71847958E-05
 4  8-2.63749536E-04 1.46661932E-03 1.09538412E-06 0.00000000E+00-5.05207260E-05
 4  9-3.10888551E-04 0.00000000E+00-4.65122437E-06-1.53817170E-04 2.44526297E-04
 4 10-9.07091273E-05 0.00000000E+00-4.20218320E-04 0.00000000E+00
 5  1 0.00000000E+00 0.00000000E+00 0.00000000E+00 0.00000000E+00 9.96876914E-01
 5  2 0.00000000E+00 0.00000000E+00 8.96498720E-03 0.00000000E+00 0.00000000E+00
 5  3-1.49546358E-04 0.00000000E+00 0.00000000E+00 0.00000000E+00 0.00000000E+00
 5  4 0.00000000E+00 0.00000000E+00 2.68356433E-04 0.00000000E+00 1.22796472E-05
 5  5 2.40408424E-05 2.94702543E-05 3.15691921E-05 0.00000000E+00-2.59701546E-05
 5  6-1.25824331E-05 0.00000000E+00-1.47652651E-05-2.56076061E-05 1.77745173E-05
 5  7 7.83308878E-06 0.00000000E+00 2.67180929E-05 0.00000000E+00-1.22796472E-05
 5  8-2.40408424E-05-2.94702543E-05 3.15691921E-05 0.00000000E+00 2.59701546E-05
 5  9-1.25824331E-05 0.00000000E+00 1.47652651E-05 2.56076061E-05-1.77745173E-05
 5 10-7.83308878E-06 0.00000000E+00 2.67180929E-05 0.00000000E+00
 6  1 0.00000000E+00 0.00000000E+00 0.00000000E+00 0.00000000E+00 0.00000000E+00
 6  2 9.96921315E-01 0.00000000E+00 0.00000000E+00 8.84838447E-03 0.00000000E+00
 6  3 0.00000000E+00-1.83583898E-04 0.00000000E+00 0.00000000E+00 0.00000000E+00
 6  4 0.00000000E+00 0.00000000E+00 0.00000000E+00 2.09940611E-04 0.00000000E+00
 6  5 0.00000000E+00 0.00000000E+00 0.00000000E+00 2.86627230E-06 0.00000000E+00
 6  6 0.00000000E+00-3.87103174E-05 0.00000000E+00 0.00000000E+00 0.00000000E+00
 6  7 0.00000000E+00-2.25502579E-05 0.00000000E+00 1.78954705E-05 0.00000000E+00
 6  8 0.00000000E+00 0.00000000E+00 0.00000000E+00 2.86627230E-06 0.00000000E+00
 6  9 0.00000000E+00-3.87103174E-05 0.00000000E+00 0.00000000E+00 0.00000000E+00
 6 10 0.00000000E+00 2.25502579E-05 0.00000000E+00 1.78954705E-05
 7  1 1.69444187E-03-6.74358575E-03-6.24212838E-04 2.48659154E-04 0.00000000E+00
 7  2 0.00000000E+00 9.96906850E-01 0.00000000E+00 0.00000000E+00 8.80680730E-03
 7  3 0.00000000E+00 0.00000000E+00-1.22673653E-04-1.20149893E-04-1.37638345E-04
 7  4 2.57788238E-04 0.00000000E+00 0.00000000E+00 0.00000000E+00-1.23457070E-05
 7  5-4.11763839E-05-3.05866365E-06-2.42376777E-05 0.00000000E+00 3.16704053E-05
 7  6-3.52718672E-06 0.00000000E+00-6.90447252E-05-2.85087524E-06-2.86544573E-05
 7  7 3.15053325E-05 0.00000000E+00-5.55067859E-05 0.00000000E+00-1.23457070E-05
 7  8-4.11763839E-05-3.05866365E-06 2.42376777E-05 0.00000000E+00 3.16704053E-05
 7  9 3.52718672E-06 0.00000000E+00-6.90447252E-05-2.85087524E-06-2.86544573E-05
 7 10 3.15053325E-05 0.00000000E+00 5.55067859E-05 0.00000000E+00
 8  1 3.76705002E-02-1.11487657E-01 2.21299265E-01 1.83695254E-01 0.00000000E+00
 8  2 0.00000000E+00-3.67183106E-02 0.00000000E+00 0.00000000E+00 7.53424195E-02
 8  3 0.00000000E+00 0.00000000E+00 1.55853507E-02 1.42731629E-02-1.77460004E-02
 8  4 3.47283750E-03 0.00000000E+00 0.00000000E+00 0.00000000E+00-1.37025170E-01
 8  5 2.75450641E-01 3.46552968E-01 4.93477774E-02 0.00000000E+00-4.09513234E-02
 8  6 2.63285975E-02 0.00000000E+00-2.31785116E-02 3.20782619E-03-3.23673413E-03
 8  7 2.89079422E-05 0.00000000E+00-9.82265526E-03 0.00000000E+00-1.37025170E-01
 8  8 2.75450641E-01 3.46552968E-01-4.93477774E-02 0.00000000E+00-4.09513234E-02
 8  9-2.63285975E-02 0.00000000E+00-2.31785116E-02 3.20782619E-03-3.23673413E-03
 8 10 2.89079422E-05 0.00000000E+00 9.82265526E-03 0.00000000E+00
 9  1 0.00000000E+00 0.00000000E+00 0.00000000E+00 0.00000000E+00 5.24023040E-02
 9  2 0.00000000E+00 0.00000000E+00-1.07930881E-01 0.00000000E+00 0.00000000E+00
 9  3-3.10263909E-02 0.00000000E+00 0.00000000E+00 0.00000000E+00 0.00000000E+00
 9  4 0.00000000E+00 0.00000000E+00-3.41894143E-02 0.00000000E+00-1.57443536E-01
 9  5 3.20435401E-01 4.08783089E-01 3.53695469E-02 0.00000000E+00-3.61942291E-02
 9  6 2.00325572E-02 0.00000000E+00-2.19088485E-02 1.10362922E-03-1.51934039E-03
 9  7 4.15711169E-04 0.00000000E+00-8.55986313E-03 0.00000000E+00 1.57443536E-01
 9  8-3.20435401E-01-4.08783089E-01 3.53695469E-02 0.00000000E+00 3.61942291E-02
 9  9 2.00325572E-02 0.00000000E+00 2.19088485E-02-1.10362922E-03 1.51934039E-03
 9 10-4.15711169E-04 0.00000000E+00-8.55986313E-03 0.00000000E+00
10  1 7.80045625E-02-2.24882771E-01 4.82129901E-01 4.65672257E-01 0.00000000E+00
10  2 0.00000000E+00 2.23710291E-02 0.00000000E+00 0.00000000E+00-4.61212375E-02
10  3 0.00000000E+00 0.00000000E+00-3.78067309E-02-3.04437885E-03 5.82866451E-03
10  4-2.78428566E-03 0.00000000E+00 0.00000000E+00 0.00000000E+00 8.43602542E-02
10  5-1.76912428E-01-2.52743205E-01 5.47052584E-02 0.00000000E+00-4.87536263E-02
10  6 2.45340583E-02 0.00000000E+00-2.11994520E-02 2.12091722E-03-3.72243014E-03
10  7 1.60151291E-03 0.00000000E+00-3.66334863E-03 0.00000000E+00 8.43602542E-02
10  8-1.76912428E-01-2.52743205E-01-5.47052584E-02 0.00000000E+00-4.87536263E-02
10  9-2.45340583E-02 0.00000000E+00-2.11994520E-02 2.12091722E-03-3.72243014E-03
10 10 1.60151291E-03 0.00000000E+00 3.66334863E-03 0.00000000E+00
11  1 0.00000000E+00 0.00000000E+00 0.00000000E+00 0.00000000E+00-1.93176445E-01
11  2 0.00000000E+00 0.00000000E+00 4.55134637E-01 0.00000000E+00 0.00000000E+00
11  3 2.11916676E-01 0.00000000E+00 0.00000000E+00 0.00000000E+00 0.00000000E+00
11  4 0.00000000E+00 0.00000000E+00 3.66659978E-02 0.00000000E+00-4.25581947E-02
11  5 9.03773202E-02 1.60396232E-01-2.08709652E-01 0.00000000E+00 2.63979472E-01
11  6-1.30224820E-01 0.00000000E+00 1.62505104E-01-8.52487253E-04 7.11290105E-03
11  7-6.26041380E-03 0.00000000E+00 1.13400641E-02 0.00000000E+00 4.25581947E-02
11  8-9.03773202E-02-1.60396232E-01-2.08709652E-01 0.00000000E+00-2.63979472E-01
11  9-1.30224820E-01 0.00000000E+00-1.62505104E-01 8.52487253E-04-7.11290105E-03
11 10 6.26041380E-03 0.00000000E+00 1.13400641E-02 0.00000000E+00
12  1-1.02992585E-02 4.63834723E-02-4.37323637E-02-1.95289994E-01 0.00000000E+00
12  2 0.00000000E+00-2.11690317E-01 0.00000000E+00 0.00000000E+00 4.99445038E-01
12  3 0.00000000E+00 0.00000000E+00 2.67794314E-01 2.13285997E-03-1.91119154E-02
12  4 1.69790555E-02 0.00000000E+00 0.00000000E+00 0.00000000E+00 2.95924407E-02
12  5-6.37022098E-02-1.12029792E-01 2.88479265E-01 0.00000000E+00-8.46660833E-02
12  6 1.84870365E-01 0.00000000E+00-5.65018896E-02 1.05297509E-02-6.17881059E-03
12  7-4.35094027E-03 0.00000000E+00-7.89920085E-03 0.00000000E+00 2.95924407E-02
12  8-6.37022098E-02-1.12029792E-01-2.88479265E-01 0.00000000E+00-8.46660833E-02
12  9-1.84870365E-01 0.00000000E+00-5.65018896E-02 1.05297509E-02-6.17881059E-03
12 10-4.35094027E-03 0.00000000E+00 7.89920085E-03 0.00000000E+00
13  1 0.00000000E+00 0.00000000E+00 0.00000000E+00 0.00000000E+00 0.00000000E+00
13  2-2.19762484E-01 0.00000000E+00 0.00000000E+00 5.19533420E-01 0.00000000E+00
13  3 0.00000000E+00 3.57997993E-01 0.00000000E+00 0.00000000E+00 0.00000000E+00
13  4 0.00000000E+00 0.00000000E+00 0.00000000E+00 2.18964312E-02 0.00000000E+00
13  5 0.00000000E+00 0.00000000E+00 0.00000000E+00 2.66351244E-01 0.00000000E+00
13  6 0.00000000E+00 1.68382591E-01 0.00000000E+00 0.00000000E+00 0.00000000E+00
13  7 0.00000000E+00 9.06411647E-03 0.00000000E+00-7.79268113E-03 0.00000000E+00
13  8 0.00000000E+00 0.00000000E+00 0.00000000E+00 2.66351244E-01 0.00000000E+00
13  9 0.00000000E+00 1.68382591E-01 0.00000000E+00 0.00000000E+00 0.00000000E+00
13 10 0.00000000E+00-9.06411647E-03 0.00000000E+00-7.79268113E-03
14  1 0.00000000E+00 0.00000000E+00 0.00000000E+00 0.00000000E+00 0.00000000E+00
14  2 0.00000000E+00 0.00000000E+00 0.00000000E+00 0.00000000E+00 0.00000000E+00
14  3 0.00000000E+00 0.00000000E+00 0.00000000E+00 0.00000000E+00 0.00000000E+00
14  4 0.00000000E+00-5.43604605E-02 0.00000000E+00 0.00000000E+00 0.00000000E+00
14  5 0.00000000E+00 0.00000000E+00 0.00000000E+00 4.80917745E-01 0.00000000E+00
14  6 0.00000000E+00 3.36339716E-01 0.00000000E+00 0.00000000E+00 0.00000000E+00
14  7 0.00000000E+00 7.21346767E-03 0.00000000E+00-7.55639594E-03 0.00000000E+00
14  8 0.00000000E+00 0.00000000E+00 0.00000000E+00-4.80917745E-01 0.00000000E+00
14  9 0.00000000E+00-3.36339716E-01 0.00000000E+00 0.00000000E+00 0.00000000E+00
14 10 0.00000000E+00 7.21346767E-03 0.00000000E+00 7.55639594E-03
15  1 9.72307193E-03-3.50894772E-02 5.41541234E-02 1.45854500E-01 0.00000000E+00
15  2 0.00000000E+00 2.86227743E-02 0.00000000E+00 0.00000000E+00-7.18427917E-02
15  3 0.00000000E+00 0.00000000E+00 3.20403532E-03-7.24691165E-02 2.14764081E-02
15  4 5.09927083E-02 0.00000000E+00 0.00000000E+00 0.00000000E+00-8.00648892E-04
15  5 4.93849459E-03-1.31636352E-02 1.45222993E-01 0.00000000E+00 4.45056560E-01
15  6 1.02516843E-01 0.00000000E+00 3.24583952E-01 7.43517401E-03 2.43055253E-03
15  7-9.86572654E-03 0.00000000E+00 5.55627859E-03 0.00000000E+00-8.00648892E-04
15  8 4.93849459E-03-1.31636352E-02-1.45222993E-01 0.00000000E+00 4.45056560E-01
15  9-1.02516843E-01 0.00000000E+00 3.24583952E-01 7.43517401E-03 2.43055253E-03
15 10-9.86572654E-03 0.00000000E+00-5.55627859E-03 0.00000000E+00
16  1 0.00000000E+00 0.00000000E+00 0.00000000E+00 0.00000000E+00-1.88863627E-02
16  2 0.00000000E+00 0.00000000E+00 3.83118215E-02 0.00000000E+00 0.00000000E+00
16  3 1.22366070E-01 0.00000000E+00 0.00000000E+00 0.00000000E+00 0.00000000E+00
16  4 0.00000000E+00 0.00000000E+00-4.92286894E-02 0.00000000E+00-3.55612065E-03
16  5 4.71018491E-03 3.75607181E-02 4.14565164E-01 0.00000000E+00 2.52363015E-01
16  6 2.90901080E-01 0.00000000E+00 1.60793042E-01 8.08761696E-03-8.75364195E-04
16  7-7.21225277E-03 0.00000000E+00-3.28476664E-03 0.00000000E+00 3.55612065E-03
16  8-4.71018491E-03-3.75607181E-02 4.14565164E-01 0.00000000E+00-2.52363015E-01
16  9 2.90901080E-01 0.00000000E+00-1.60793042E-01-8.08761696E-03 8.75364195E-04
16 10 7.21225277E-03 0.00000000E+00-3.28476664E-03 0.00000000E+00
17  1 0.00000000E+00 0.00000000E+00 0.00000000E+00 0.00000000E+00 0.00000000E+00
17  2-1.85841396E-01 0.00000000E+00 0.00000000E+00 4.59734322E-01 0.00000000E+00
17  3 0.00000000E+00 3.26421579E-01 0.00000000E+00 0.00000000E+00 0.00000000E+00
17  4 0.00000000E+00 0.00000000E+00 0.00000000E+00-4.17714968E-02 0.00000000E+00
17  5 0.00000000E+00 0.00000000E+00 0.00000000E+00-4.06416537E-01 0.00000000E+00
17  6 0.00000000E+00-2.97281028E-01 0.00000000E+00 0.00000000E+00 0.00000000E+00
17  7 0.00000000E+00-1.71602489E-03 0.00000000E+00 1.41681689E-03 0.00000000E+00
17  8 0.00000000E+00 0.00000000E+00 0.00000000E+00-4.06416537E-01 0.00000000E+00
17  9 0.00000000E+00-2.97281028E-01 0.00000000E+00 0.00000000E+00 0.00000000E+00
17 10 0.00000000E+00 1.71602489E-03 0.00000000E+00 1.41681689E-03
18  1 0.00000000E+00 0.00000000E+00 0.00000000E+00 0.00000000E+00-2.16763668E-01
18  2 0.00000000E+00 0.00000000E+00 5.42533230E-01 0.00000000E+00 0.00000000E+00
18  3 5.77413171E-01 0.00000000E+00 0.00000000E+00 0.00000000E+00 0.00000000E+00
18  4 0.00000000E+00 0.00000000E+00-1.19828768E-01 0.00000000E+00-2.70522964E-02
18  5 4.71467792E-02 2.04612942E-01 1.37234441E-01 0.00000000E+00-3.37855931E-01
18  6 1.29614040E-01 0.00000000E+00-2.80071959E-01 2.26125744E-03 3.61572663E-04
18  7-2.62283010E-03 0.00000000E+00-4.74501191E-04 0.00000000E+00 2.70522964E-02
18  8-4.71467792E-02-2.04612942E-01 1.37234441E-01 0.00000000E+00 3.37855931E-01
18  9 1.29614040E-01 0.00000000E+00 2.80071959E-01-2.26125744E-03-3.61572663E-04
18 10 2.62283010E-03 0.00000000E+00-4.74501191E-04 0.00000000E+00
19  1 2.79422288E-02-6.90275490E-02 2.01851831E-01 2.94151277E-01 0.00000000E+00
19  2 0.00000000E+00-1.98098896E-01 0.00000000E+00 0.00000000E+00 4.99400643E-01
19  3 0.00000000E+00 0.00000000E+00 5.23975976E-01-4.04626746E-02 8.54925490E-02
19  4-4.50298743E-02 0.00000000E+00 0.00000000E+00 0.00000000E+00 3.01933865E-02
19  5-5.59667549E-02-2.05826367E-01-3.67997610E-01 0.00000000E+00 1.39219256E-01
19  6-3.18599892E-01 0.00000000E+00 1.15567731E-01 2.63104767E-03 2.18825745E-04
19  7-2.84987341E-03 0.00000000E+00-6.80373438E-04 0.00000000E+00 3.01933865E-02
19  8-5.59667549E-02-2.05826367E-01 3.67997610E-01 0.00000000E+00 1.39219256E-01
19  9 3.18599892E-01 0.00000000E+00 1.15567731E-01 2.63104767E-03 2.18825745E-04
19 10-2.84987341E-03 0.00000000E+00 6.80373438E-04 0.00000000E+00
20  1 0.00000000E+00 0.00000000E+00 0.00000000E+00 0.00000000E+00 2.71179987E-01
20  2 0.00000000E+00 0.00000000E+00-1.05245362E+00 0.00000000E+00 0.00000000E+00
20  3 1.36383496E+00 0.00000000E+00 0.00000000E+00 0.00000000E+00 0.00000000E+00
20  4 0.00000000E+00 0.00000000E+00-2.07493021E-01 0.00000000E+00-1.08784977E-02
20  5-3.36933569E-02 3.53560615E-01-1.90641211E-01 0.00000000E+00 5.29993302E-02
20  6 1.09242589E-01 0.00000000E+00-1.70081089E-01 1.69894917E-02-2.00755470E-02
20  7 3.08605532E-03 0.00000000E+00-3.67083231E-02 0.00000000E+00 1.08784977E-02
20  8 3.36933569E-02-3.53560615E-01-1.90641211E-01 0.00000000E+00-5.29993302E-02
20  9 1.09242589E-01 0.00000000E+00 1.70081089E-01-1.69894917E-02 2.00755470E-02
20 10-3.08605532E-03 0.00000000E+00-3.67083231E-02 0.00000000E+00
21  1 1.58855069E-02-1.20319715E-02 1.57222340E-01 9.97035816E-02 0.00000000E+00
21  2 0.00000000E+00 2.75788544E-01 0.00000000E+00 0.00000000E+00-1.07249635E+00
21  3 0.00000000E+00 0.00000000E+00 1.36482246E+00 1.10570962E-02 1.70268332E-01
21  4-1.81325428E-01 0.00000000E+00 0.00000000E+00 0.00000000E+00 1.32857426E-02
21  5 2.16593081E-02-3.20378844E-01 8.62221996E-02 0.00000000E+00-1.10802155E-01
21  6-2.24270714E-01 0.00000000E+00 5.50490664E-02-1.77975703E-02 1.70557291E-02
21  7 7.41841226E-04 0.00000000E+00 2.16258045E-02 0.00000000E+00 1.32857426E-02
21  8 2.16593081E-02-3.20378844E-01-8.62221996E-02 0.00000000E+00-1.10802155E-01
21  9 2.24270714E-01 0.00000000E+00 5.50490664E-02-1.77975703E-02 1.70557291E-02
21 10 7.41841226E-04 0.00000000E+00-2.16258045E-02 0.00000000E+00
22  1 0.00000000E+00 0.00000000E+00 0.00000000E+00 0.00000000E+00 0.00000000E+00
22  2 2.97711219E-01 0.00000000E+00 0.00000000E+00-1.14711364E+00 0.00000000E+00
22  3 0.00000000E+00 1.21208688E+00 0.00000000E+00 0.00000000E+00 0.00000000E+00
22  4 0.00000000E+00 0.00000000E+00 0.00000000E+00-1.33937418E-01 0.00000000E+00
22  5 0.00000000E+00 0.00000000E+00 0.00000000E+00-8.37963502E-02 0.00000000E+00
22  6 0.00000000E+00-7.96468800E-02 0.00000000E+00 0.00000000E+00 0.00000000E+00
22  7 0.00000000E+00-5.21713808E-03 0.00000000E+00 2.82214018E-03 0.00000000E+00
22  8 0.00000000E+00 0.00000000E+00 0.00000000E+00-8.37963502E-02 0.00000000E+00
22  9 0.00000000E+00-7.96468800E-02 0.00000000E+00 0.00000000E+00 0.00000000E+00
22 10 0.00000000E+00 5.21713808E-03 0.00000000E+00 2.82214018E-03
23  1-9.96685618E-02-3.73269915E-01-1.55832806E+00 1.88679306E+00 0.00000000E+00
23  2 0.00000000E+00-1.47688136E-02 0.00000000E+00 0.00000000E+00 3.50785799E-02
23  3 0.00000000E+00 0.00000000E+00 2.14748040E-01-3.84417617E-01 4.74995741E-01
23  4-9.05781239E-02 0.00000000E+00 0.00000000E+00 0.00000000E+00 1.87817466E-02
23  5-4.22938108E-02-2.20192386E-01 1.20341080E-02 0.00000000E+00-1.03307486E-01
23  6-1.54299578E-01 0.00000000E+00 1.56149842E-01-8.03795754E-03 2.51620417E-02
23  7-1.71240842E-02 0.00000000E+00 3.49106650E-02 0.00000000E+00 1.87817466E-02
23  8-4.22938108E-02-2.20192386E-01-1.20341080E-02 0.00000000E+00-1.03307486E-01
23  9 1.54299578E-01 0.00000000E+00 1.56149842E-01-8.03795754E-03 2.51620417E-02
23 10-1.71240842E-02 0.00000000E+00-3.49106650E-02 0.00000000E+00
24  1 1.54211207E-02 5.75652390E-02 2.41005896E-01-2.91380246E-01 0.00000000E+00
24  2 0.00000000E+00 3.84044642E-02 0.00000000E+00 0.00000000E+00-1.38508461E-01
24  3 0.00000000E+00 0.00000000E+00 4.79365702E-02-6.06794901E-01-1.91858026E-01
24  4 7.98652926E-01 0.00000000E+00 0.00000000E+00 0.00000000E+00-4.40091896E-03
24  5 1.40516891E-02 2.18680768E-02-2.05616107E-01 0.00000000E+00-2.61578803E-01
24  6 1.65988855E-01 0.00000000E+00 1.40833635E-01 4.10783543E-02-2.69537145E-03
24  7-3.83829829E-02 0.00000000E+00 1.10118612E-02 0.00000000E+00-4.40091896E-03
24  8 1.40516891E-02 2.18680768E-02 2.05616107E-01 0.00000000E+00-2.61578803E-01
24  9-1.65988855E-01 0.00000000E+00 1.40833635E-01 4.10783543E-02-2.69537145E-03
24 10-3.83829829E-02 0.00000000E+00-1.10118612E-02 0.00000000E+00
25  1 0.00000000E+00 0.00000000E+00 0.00000000E+00 0.00000000E+00 0.00000000E+00
25  2 0.00000000E+00 0.00000000E+00 0.00000000E+00 0.00000000E+00 0.00000000E+00
25  3 0.00000000E+00 0.00000000E+00 0.00000000E+00 0.00000000E+00 0.00000000E+00
25  4 0.00000000E+00 9.02236037E-01 0.00000000E+00 0.00000000E+00 0.00000000E+00
25  5 0.00000000E+00 0.00000000E+00 0.00000000E+00 2.67110815E-01 0.00000000E+00
25  6 0.00000000E+00-1.82095672E-01 0.00000000E+00 0.00000000E+00 0.00000000E+00
25  7 0.00000000E+00-2.70397709E-02 0.00000000E+00 3.15112943E-02 0.00000000E+00
25  8 0.00000000E+00 0.00000000E+00 0.00000000E+00-2.67110815E-01 0.00000000E+00
25  9 0.00000000E+00 1.82095672E-01 0.00000000E+00 0.00000000E+00 0.00000000E+00
25 10 0.00000000E+00-2.70397709E-02 0.00000000E+00-3.15112943E-02
26  1 0.00000000E+00 0.00000000E+00 0.00000000E+00 0.00000000E+00 0.00000000E+00
26  2 3.16648974E-02 0.00000000E+00 0.00000000E+00-1.15755075E-01 0.00000000E+00
26  3 0.00000000E+00 6.09600564E-02 0.00000000E+00 0.00000000E+00 0.00000000E+00
26  4 0.00000000E+00 0.00000000E+00 0.00000000E+00 9.11103204E-01 0.00000000E+00
26  5 0.00000000E+00 0.00000000E+00 0.00000000E+00-2.50694481E-01 0.00000000E+00
26  6 0.00000000E+00 1.72634263E-01 0.00000000E+00 0.00000000E+00 0.00000000E+00
26  7 0.00000000E+00 3.15820369E-02 0.00000000E+00-1.59708353E-02 0.00000000E+00
26  8 0.00000000E+00 0.00000000E+00 0.00000000E+00-2.50694481E-01 0.00000000E+00
26  9 0.00000000E+00 1.72634263E-01 0.00000000E+00 0.00000000E+00 0.00000000E+00
26 10 0.00000000E+00-3.15820369E-02 0.00000000E+00-1.59708353E-02
27  1-6.08524970E-02-2.82273361E-01-1.02374291E+00 1.44126753E+00 0.00000000E+00
27  2 0.00000000E+00 4.11973998E-02 0.00000000E+00 0.00000000E+00-2.03180054E-01
27  3 0.00000000E+00 0.00000000E+00 5.95800458E-01 5.62334852E-01-8.16196215E-01
27  4 2.53861363E-01 0.00000000E+00 0.00000000E+00 0.00000000E+00 5.00733019E-02
27  5-2.79231549E-01-1.42779615E-01-5.67780374E-02 0.00000000E+00-4.57841716E-03
27  6-2.57715092E-01 0.00000000E+00 2.12699776E-01-8.86751973E-04-8.35228661E-03
27  7 9.23903859E-03 0.00000000E+00 3.53449982E-04 0.00000000E+00 5.00733019E-02
27  8-2.79231549E-01-1.42779615E-01 5.67780374E-02 0.00000000E+00-4.57841716E-03
27  9 2.57715092E-01 0.00000000E+00 2.12699776E-01-8.86751973E-04-8.35228661E-03
27 10 9.23903859E-03 0.00000000E+00-3.53449982E-04 0.00000000E+00
28  1 0.00000000E+00 0.00000000E+00 0.00000000E+00 0.00000000E+00 6.11908646E-02
28  2 0.00000000E+00 0.00000000E+00-2.78804085E-01 0.00000000E+00 0.00000000E+00
28  3 6.29367998E-01 0.00000000E+00 0.00000000E+00 0.00000000E+00 0.00000000E+00
28  4 0.00000000E+00 0.00000000E+00 9.60348016E-01 0.00000000E+00-4.62044961E-02
28  5 2.68342715E-01 6.10343541E-02 2.82555193E-02 0.00000000E+00-1.03718373E-01
28  6 2.13990551E-01 0.00000000E+00-1.41851626E-01-2.10366726E-02 1.87066647E-02
28  7 2.33000787E-03 0.00000000E+00 3.76924919E-02 0.00000000E+00 4.62044961E-02
28  8-2.68342715E-01-6.10343541E-02 2.82555193E-02 0.00000000E+00 1.03718373E-01
28  9 2.13990551E-01 0.00000000E+00 1.41851626E-01 2.10366726E-02-1.87066647E-02
28 10-2.33000787E-03 0.00000000E+00 3.76924919E-02 0.00000000E+00
29  1-7.59677564E-03 3.13656061E-02-4.96961809E-02-3.43177505E-01 0.00000000E+00
29  2 0.00000000E+00 3.33160749E-02 0.00000000E+00 0.00000000E+00-1.34346496E-01
29  3 0.00000000E+00 0.00000000E+00-3.16178644E-01 3.10663832E-01 1.13049032E-01
29  4-4.23712865E-01 0.00000000E+00 0.00000000E+00 0.00000000E+00-1.80790768E-02
29  5 1.28730567E-01 1.94523883E-02-5.63447499E-01 0.00000000E+00-1.01900415E-01
29  6 7.94671255E-01 0.00000000E+00 7.91822615E-02-3.40962643E-02 4.97072862E-03
29  7 2.91255357E-02 0.00000000E+00 1.24360923E-02 0.00000000E+00-1.80790768E-02
29  8 1.28730567E-01 1.94523883E-02 5.63447499E-01 0.00000000E+00-1.01900415E-01
29  9-7.94671255E-01 0.00000000E+00 7.91822615E-02-3.40962643E-02 4.97072862E-03
29 10 2.91255357E-02 0.00000000E+00-1.24360923E-02 0.00000000E+00
30  1 0.00000000E+00 0.00000000E+00 0.00000000E+00 0.00000000E+00 0.00000000E+00
30  2 0.00000000E+00 0.00000000E+00 0.00000000E+00 0.00000000E+00 0.00000000E+00
30  3 0.00000000E+00 0.00000000E+00 0.00000000E+00 0.00000000E+00 0.00000000E+00
30  4 0.00000000E+00 4.44555270E-01 0.00000000E+00 0.00000000E+00 0.00000000E+00
30  5 0.00000000E+00 0.00000000E+00 0.00000000E+00-5.86773920E-01 0.00000000E+00
30  6 0.00000000E+00 7.31454463E-01 0.00000000E+00 0.00000000E+00 0.00000000E+00
30  7 0.00000000E+00-2.29802075E-02 0.00000000E+00 2.12887225E-02 0.00000000E+00
30  8 0.00000000E+00 0.00000000E+00 0.00000000E+00 5.86773920E-01 0.00000000E+00
30  9 0.00000000E+00-7.31454463E-01 0.00000000E+00 0.00000000E+00 0.00000000E+00
30 10 0.00000000E+00-2.29802075E-02 0.00000000E+00-2.12887225E-02
31  1 0.00000000E+00 0.00000000E+00 0.00000000E+00 0.00000000E+00 5.79138615E-02
31  2 0.00000000E+00 0.00000000E+00-2.57267246E-01 0.00000000E+00 0.00000000E+00
31  3-2.30273160E-01 0.00000000E+00 0.00000000E+00 0.00000000E+00 0.00000000E+00
31  4 0.00000000E+00 0.00000000E+00-7.16667749E-02 0.00000000E+00 2.21319708E-02
31  5-2.03438119E-01 7.79323985E-02 1.03522235E-01 0.00000000E+00-6.07866547E-01
31  6-2.03294549E-01 0.00000000E+00 8.21795042E-01 3.69046354E-03-1.36734520E-02
31  7 9.98298845E-03 0.00000000E+00-2.58540844E-02 0.00000000E+00-2.21319708E-02
31  8 2.03438119E-01-7.79323985E-02 1.03522235E-01 0.00000000E+00 6.07866547E-01
31  9-2.03294549E-01 0.00000000E+00-8.21795042E-01-3.69046354E-03 1.36734520E-02
31 10-9.98298845E-03 0.00000000E+00-2.58540844E-02 0.00000000E+00
32  1 0.00000000E+00 0.00000000E+00 0.00000000E+00 0.00000000E+00 0.00000000E+00
32  2-3.29188293E-02 0.00000000E+00 0.00000000E+00 1.72732077E-01 0.00000000E+00
32  3 0.00000000E+00-4.91698024E-01 0.00000000E+00 0.00000000E+00 0.00000000E+00
32  4 0.00000000E+00 0.00000000E+00 0.00000000E+00-4.01764776E-01 0.00000000E+00
32  5 0.00000000E+00 0.00000000E+00 0.00000000E+00-5.87013379E-01 0.00000000E+00
32  6 0.00000000E+00 7.97121625E-01 0.00000000E+00 0.00000000E+00 0.00000000E+00
32  7 0.00000000E+00-2.93768169E-02 0.00000000E+00 2.18197299E-02 0.00000000E+00
32  8 0.00000000E+00 0.00000000E+00 0.00000000E+00-5.87013379E-01 0.00000000E+00
32  9 0.00000000E+00 7.97121625E-01 0.00000000E+00 0.00000000E+00 0.00000000E+00
32 10 0.00000000E+00 2.93768169E-02 0.00000000E+00 2.18197299E-02
33  1 2.21221727E-02 3.71164928E-02 2.98596100E-01 5.96642682E-02 0.00000000E+00
33  2 0.00000000E+00-7.99100110E-02 0.00000000E+00 0.00000000E+00 3.86698561E-01
33  3 0.00000000E+00 0.00000000E+00-3.11164069E-01 2.72561664E-01 2.15602042E-02
33  4-2.94121868E-01 0.00000000E+00 0.00000000E+00 0.00000000E+00 9.08071435E-03
33  5-1.08900793E-01 1.24746040E-01 1.58060122E-01 0.00000000E+00-5.63965124E-01
33  6-1.94677536E-01 0.00000000E+00 7.57798910E-01-1.04877938E-02-2.17393753E-02
33  7 3.22271692E-02 0.00000000E+00-4.20745374E-02 0.00000000E+00 9.08071435E-03
33  8-1.08900793E-01 1.24746040E-01-1.58060122E-01 0.00000000E+00-5.63965124E-01
33  9 1.94677536E-01 0.00000000E+00 7.57798910E-01-1.04877938E-02-2.17393753E-02
33 10 3.22271692E-02 0.00000000E+00 4.20745374E-02 0.00000000E+00
34  1 0.00000000E+00 0.00000000E+00 0.00000000E+00 0.00000000E+00-7.70051316E-02
34  2 0.00000000E+00 0.00000000E+00 3.84110939E-01 0.00000000E+00 0.00000000E+00
34  3-4.31321906E-01 0.00000000E+00 0.00000000E+00 0.00000000E+00 0.00000000E+00
34  4 0.00000000E+00 0.00000000E+00-2.08897584E-02 0.00000000E+00-5.11060675E-03
34  5 1.24980446E-01-2.03869769E-01-6.11921632E-01 0.00000000E+00-1.31583579E-01
34  6 7.78232191E-01 0.00000000E+00 2.08736078E-01-3.04155674E-02 2.13249317E-02
34  7 9.09063564E-03 0.00000000E+00 1.45425278E-02 0.00000000E+00 5.11060675E-03
34  8-1.24980446E-01 2.03869769E-01-6.11921632E-01 0.00000000E+00 1.31583579E-01
34  9 7.78232191E-01 0.00000000E+00-2.08736078E-01 3.04155674E-02-2.13249317E-02
34 10-9.09063564E-03 0.00000000E+00 1.45425278E-02 0.00000000E+00
35  1 0.00000000E+00 0.00000000E+00 0.00000000E+00 0.00000000E+00-2.04176210E-02
35  2 0.00000000E+00 0.00000000E+00 5.12451837E-02 0.00000000E+00 0.00000000E+00
35  3 7.41883375E-01 0.00000000E+00 0.00000000E+00 0.00000000E+00 0.00000000E+00
35  4 0.00000000E+00 0.00000000E+00 4.41048417E-01 0.00000000E+00 2.08259245E-02
35  5-1.09525238E+00 1.38145269E+00-1.03194161E-01 0.00000000E+00 1.04953627E-01
35  6 3.38605731E-01 0.00000000E+00-3.83575379E-01-4.75171595E-02 9.95447312E-02
35  7-5.20275717E-02 0.00000000E+00 1.58248728E-01 0.00000000E+00-2.08259245E-02
35  8 1.09525238E+00-1.38145269E+00-1.03194161E-01 0.00000000E+00-1.04953627E-01
35  9 3.38605731E-01 0.00000000E+00 3.83575379E-01 4.75171595E-02-9.95447312E-02
35 10 5.20275717E-02 0.00000000E+00 1.58248728E-01 0.00000000E+00
36  1-3.46566530E-02-3.13461525E-01-7.73161585E-01 1.68472786E+00 0.00000000E+00
36  2 0.00000000E+00-1.03765162E-02 0.00000000E+00 0.00000000E+00-3.66825304E-03
36  3 0.00000000E+00 0.00000000E+00 8.38262267E-01 2.29048055E-01-3.36323769E-01
36  4 1.07275714E-01 0.00000000E+00 0.00000000E+00 0.00000000E+00-1.06871686E-02
36  5 1.12464490E+00-1.58541866E+00 9.79658061E-02 0.00000000E+00-5.84730614E-02
36  6-5.21272450E-01 0.00000000E+00 3.03483151E-01 1.26710349E-01-9.69220590E-02
36  7-2.97882903E-02 0.00000000E+00-1.65016044E-01 0.00000000E+00-1.06871686E-02
36  8 1.12464490E+00-1.58541866E+00-9.79658061E-02 0.00000000E+00-5.84730614E-02
36  9 5.21272450E-01 0.00000000E+00 3.03483151E-01 1.26710349E-01-9.69220590E-02
36 10-2.97882903E-02 0.00000000E+00 1.65016044E-01 0.00000000E+00
37  1 0.00000000E+00 0.00000000E+00 0.00000000E+00 0.00000000E+00 0.00000000E+00
37  2 0.00000000E+00 0.00000000E+00 0.00000000E+00 0.00000000E+00 0.00000000E+00
37  3 0.00000000E+00 0.00000000E+00 0.00000000E+00 0.00000000E+00 0.00000000E+00
37  4 0.00000000E+00 1.23581040E-01 0.00000000E+00 0.00000000E+00 0.00000000E+00
37  5 0.00000000E+00 0.00000000E+00 0.00000000E+00-1.98430726E-02 0.00000000E+00
37  6 0.00000000E+00 2.71457344E-02 0.00000000E+00 0.00000000E+00 0.00000000E+00
37  7 0.00000000E+00 6.98101697E-01 0.00000000E+00-1.14039823E-01 0.00000000E+00
37  8 0.00000000E+00 0.00000000E+00 0.00000000E+00 1.98430726E-02 0.00000000E+00
37  9 0.00000000E+00-2.71457344E-02 0.00000000E+00 0.00000000E+00 0.00000000E+00
37 10 0.00000000E+00 6.98101697E-01 0.00000000E+00 1.14039823E-01
38  1 0.00000000E+00 0.00000000E+00 0.00000000E+00 0.00000000E+00 1.57739028E-03
38  2 0.00000000E+00 0.00000000E+00-3.28653079E-02 0.00000000E+00 0.00000000E+00
38  3 1.70440786E-01 0.00000000E+00 0.00000000E+00 0.00000000E+00 0.00000000E+00
38  4 0.00000000E+00 0.00000000E+00-9.11192643E-03 0.00000000E+00-7.82531804E-04
38  5-5.93516075E-02 1.09695830E-01 2.27694763E-02 0.00000000E+00 2.60458778E-02
38  6-1.49073200E-02 0.00000000E+00-6.14982910E-02-5.69825207E-01-7.90455357E-02
38  7 6.48870742E-01 0.00000000E+00-2.97589994E-02 0.00000000E+00 7.82531804E-04
38  8 5.93516075E-02-1.09695830E-01 2.27694763E-02 0.00000000E+00-2.60458778E-02
38  9-1.49073200E-02 0.00000000E+00 6.14982910E-02 5.69825207E-01 7.90455357E-02
38 10-6.48870742E-01 0.00000000E+00-2.97589994E-02 0.00000000E+00
39  1 0.00000000E+00 0.00000000E+00 0.00000000E+00 0.00000000E+00 0.00000000E+00
39  2-9.06285224E-04 0.00000000E+00 0.00000000E+00-6.59663185E-03 0.00000000E+00
39  3 0.00000000E+00 4.33958128E-02 0.00000000E+00 0.00000000E+00 0.00000000E+00
39  4 0.00000000E+00 0.00000000E+00 0.00000000E+00 1.96599755E-02 0.00000000E+00
39  5 0.00000000E+00 0.00000000E+00 0.00000000E+00 1.20610407E-02 0.00000000E+00
39  6 0.00000000E+00-2.14591845E-02 0.00000000E+00 0.00000000E+00 0.00000000E+00
39  7 0.00000000E+00 2.81005865E-01 0.00000000E+00 6.49177933E-01 0.00000000E+00
39  8 0.00000000E+00 0.00000000E+00 0.00000000E+00 1.20610407E-02 0.00000000E+00
39  9 0.00000000E+00-2.14591845E-02 0.00000000E+00 0.00000000E+00 0.00000000E+00
39 10 0.00000000E+00-2.81005865E-01 0.00000000E+00 6.49177933E-01
40  1 0.00000000E+00 0.00000000E+00 0.00000000E+00 0.00000000E+00 4.97550521E-03
40  2 0.00000000E+00 0.00000000E+00-2.31861926E-02 0.00000000E+00 0.00000000E+00
40  3 1.45750530E-02 0.00000000E+00 0.00000000E+00 0.00000000E+00 0.00000000E+00
40  4 0.00000000E+00 0.00000000E+00-1.32910913E-02 0.00000000E+00 3.26111565E-04
40  5 1.65378895E-02-1.96187994E-02 1.85703022E-02 0.00000000E+00 2.42133453E-03
40  6-3.27321478E-02 0.00000000E+00-2.10289368E-03-3.57568569E-01 6.18305516E-01
40  7-2.60736947E-01 0.00000000E+00-3.38268285E-01 0.00000000E+00-3.26111565E-04
40  8-1.65378895E-02 1.96187994E-02 1.85703022E-02 0.00000000E+00-2.42133453E-03
40  9-3.27321478E-02 0.00000000E+00 2.10289368E-03 3.57568569E-01-6.18305516E-01
40 10 2.60736947E-01 0.00000000E+00-3.38268285E-01 0.00000000E+00
41  1 3.14821313E-04-1.50013869E-03 1.33203392E-03 5.05609120E-03 0.00000000E+00
41  2 0.00000000E+00-2.50684975E-03 0.00000000E+00 0.00000000E+00 8.96033813E-03
41  3 0.00000000E+00 0.00000000E+00-6.17366246E-03 1.94686675E-02-3.13208432E-02
41  4 1.18521757E-02 0.00000000E+00 0.00000000E+00 0.00000000E+00 8.78592015E-04
41  5 1.00367783E-03-5.82270321E-03-6.51550635E-03 0.00000000E+00-3.78303270E-03
41  6 6.66241831E-03 0.00000000E+00 8.83247803E-03-2.61163833E-01 6.24734042E-01
41  7-3.63570210E-01 0.00000000E+00-3.25847908E-01 0.00000000E+00 8.78592015E-04
41  8 1.00367783E-03-5.82270321E-03 6.51550635E-03 0.00000000E+00-3.78303270E-03
41  9-6.66241831E-03 0.00000000E+00 8.83247803E-03-2.61163833E-01 6.24734042E-01
41 10-3.63570210E-01 0.00000000E+00 3.25847908E-01 0.00000000E+00
42  1 0.00000000E+00 0.00000000E+00 0.00000000E+00 0.00000000E+00 0.00000000E+00
42  2 0.00000000E+00 0.00000000E+00 0.00000000E+00 0.00000000E+00 0.00000000E+00
42  3 0.00000000E+00 0.00000000E+00 0.00000000E+00 0.00000000E+00 0.00000000E+00
42  4 0.00000000E+00-9.39543796E-02 0.00000000E+00 0.00000000E+00 0.00000000E+00
42  5 0.00000000E+00 0.00000000E+00 0.00000000E+00 1.06238390E-02 0.00000000E+00
42  6 0.00000000E+00-1.44169835E-02 0.00000000E+00 0.00000000E+00 0.00000000E+00
42  7 0.00000000E+00 1.13748544E-01 0.00000000E+00 6.97953405E-01 0.00000000E+00
42  8 0.00000000E+00 0.00000000E+00 0.00000000E+00-1.06238390E-02 0.00000000E+00
42  9 0.00000000E+00 1.44169835E-02 0.00000000E+00 0.00000000E+00 0.00000000E+00
42 10 0.00000000E+00 1.13748544E-01 0.00000000E+00-6.97953405E-01
43  1 0.00000000E+00 0.00000000E+00 0.00000000E+00 0.00000000E+00 0.00000000E+00
43  2 3.12612552E-03 0.00000000E+00 0.00000000E+00 2.18189237E-02 0.00000000E+00
43  3 0.00000000E+00-1.44911655E-01 0.00000000E+00 0.00000000E+00 0.00000000E+00
43  4 0.00000000E+00 0.00000000E+00 0.00000000E+00-1.41288277E-01 0.00000000E+00
43  5 0.00000000E+00 0.00000000E+00 0.00000000E+00-3.54101509E-02 0.00000000E+00
43  6 0.00000000E+00 7.05698255E-02 0.00000000E+00 0.00000000E+00 0.00000000E+00
43  7 0.00000000E+00 6.50941677E-01 0.00000000E+00-2.83854815E-01 0.00000000E+00
43  8 0.00000000E+00 0.00000000E+00 0.00000000E+00-3.54101509E-02 0.00000000E+00
43  9 0.00000000E+00 7.05698255E-02 0.00000000E+00 0.00000000E+00 0.00000000E+00
43 10 0.00000000E+00-6.50941677E-01 0.00000000E+00-2.83854815E-01
44  1-5.64886669E-03-2.27139345E-02-9.01956668E-02 1.18894129E-01 0.00000000E+00
44  2 0.00000000E+00 1.05077315E-02 0.00000000E+00 0.00000000E+00-6.90460150E-02
44  3 0.00000000E+00 0.00000000E+00 1.92448268E-01-1.82680182E-01 4.77944243E-03
44  4 1.77900739E-01 0.00000000E+00 0.00000000E+00 0.00000000E+00 1.29800214E-03
44  5 4.65629381E-02-1.02991185E-01 9.31525155E-03 0.00000000E+00 3.08311733E-02
44  6-5.28609144E-02 0.00000000E+00-4.34257835E-02-5.41112816E-01-6.56214170E-02
44  7 6.06734233E-01 0.00000000E+00-2.45584620E-01 0.00000000E+00 1.29800214E-03
44  8 4.65629381E-02-1.02991185E-01-9.31525155E-03 0.00000000E+00 3.08311733E-02
44  9 5.28609144E-02 0.00000000E+00-4.34257835E-02-5.41112816E-01-6.56214170E-02
44 10 6.06734233E-01 0.00000000E+00 2.45584620E-01 0.00000000E+00
45  1-4.57183241E-03-1.85638749E-01-2.87834085E-01 9.67909129E-01 0.00000000E+00
45  2 0.00000000E+00-7.26074603E-02 0.00000000E+00 0.00000000E+00 2.27338006E-01
45  3 0.00000000E+00 0.00000000E+00 4.14809969E-01 2.09442856E-01-3.37986490E-01
45  4 1.28543634E-01 0.00000000E+00 0.00000000E+00 0.00000000E+00 5.42638941E-03
45  5 4.83530687E-01-7.67947129E-01 9.25719428E-02 0.00000000E+00-6.24339985E-02
45  6-3.77824352E-01 0.00000000E+00 2.46851198E-01-3.66065931E-01 3.21268698E-01
45  7 4.47972331E-02 0.00000000E+00 5.71420593E-01 0.00000000E+00 5.42638941E-03
45  8 4.83530687E-01-7.67947129E-01-9.25719428E-02 0.00000000E+00-6.24339985E-02
45  9 3.77824352E-01 0.00000000E+00 2.46851198E-01-3.66065931E-01 3.21268698E-01
45 10 4.47972331E-02 0.00000000E+00-5.71420593E-01 0.00000000E+00
46  1 0.00000000E+00 0.00000000E+00 0.00000000E+00 0.00000000E+00 8.64573326E-02
46  2 0.00000000E+00 0.00000000E+00-2.88211661E-01 0.00000000E+00 0.00000000E+00
46  3-3.03283662E-01 0.00000000E+00 0.00000000E+00 0.00000000E+00 0.00000000E+00
46  4 0.00000000E+00 0.00000000E+00-4.86833827E-01 0.00000000E+00 4.47865405E-03
46  5 3.74460696E-01-5.54830341E-01 7.18814678E-02 0.00000000E+00-6.82200908E-02
46  6-2.60501059E-01 0.00000000E+00 2.58148301E-01-2.24598678E-01 3.32042334E-01
46  7-1.07443656E-01 0.00000000E+00 6.22143956E-01 0.00000000E+00-4.47865405E-03
46  8-3.74460696E-01 5.54830341E-01 7.18814678E-02 0.00000000E+00 6.82200908E-02
46  9-2.60501059E-01 0.00000000E+00-2.58148301E-01 2.24598678E-01-3.32042334E-01
46 10 1.07443656E-01 0.00000000E+00 6.22143956E-01 0.00000000E+00
 $END   
 POPULATION ANALYSIS
S           15.31623   0.68377  15.32744   0.67256
O            8.34189  -0.34189   8.33628  -0.33628
O            8.34189  -0.34189   8.33628  -0.33628
 MOMENTS AT POINT    1 X,Y,Z=  0.000000  0.000000  0.000000
 DIPOLE       0.000000  0.000000 -2.928112
