 $DATA  
Title                                                                           
CNV      2

S          16.0      0.0000000000      0.0000000000     -0.1563267299
   PC1     0
        
O           8.0      1.7726539554      0.0000000000      0.1562399899
   PC1     0
        
 $END      
 $ZMAT   IZMAT(1)=
         1,   3,   1,
         1,   2,   1,
         2,   2,   1,   3,
 $END
--- CLOSED SHELL ORBITALS --- GENERATED AT Thu Feb 26 00:21:08 2015
Title                                                                           
E(R-PBE)=        0.0000000000, E(NUC)=   84.8134872036,   30 ITERS
 $VEC   
 1  1 1.00297785E+00-1.02865500E-02 1.75845526E-03-9.13000934E-04 0.00000000E+00
 1  2 0.00000000E+00 4.59443097E-05 0.00000000E+00 0.00000000E+00-6.03530830E-06
 1  3 0.00000000E+00 0.00000000E+00-1.09191199E-05 8.22428734E-06-3.99064895E-06
 1  4-4.23363839E-06 0.00000000E+00 0.00000000E+00 0.00000000E+00 7.66965118E-07
 1  5 7.88268680E-06 5.89255757E-05 1.24825648E-05 0.00000000E+00-3.61613548E-06
 1  6-2.94923587E-05 0.00000000E+00 1.02793318E-05-5.87015630E-05 3.09411206E-05
 1  7 2.77604424E-05 0.00000000E+00 1.94300232E-05 0.00000000E+00 7.66965118E-07
 1  8 7.88268680E-06 5.89255757E-05-1.24825648E-05 0.00000000E+00-3.61613548E-06
 1  9 2.94923587E-05 0.00000000E+00 1.02793318E-05-5.87015630E-05 3.09411206E-05
 1 10 2.77604424E-05 0.00000000E+00-1.94300232E-05 0.00000000E+00
 2  1 0.00000000E+00 0.00000000E+00 0.00000000E+00 0.00000000E+00 1.53329879E-04
 2  2 0.00000000E+00 0.00000000E+00-7.47701459E-04 0.00000000E+00 0.00000000E+00
 2  3-7.05937250E-03 0.00000000E+00 0.00000000E+00 0.00000000E+00 0.00000000E+00
 2  4 0.00000000E+00 0.00000000E+00-7.11763871E-04 0.00000000E+00 7.03285313E-01
 2  5 2.56965598E-02-1.24019636E-02 7.90189394E-04 0.00000000E+00-1.93364960E-04
 2  6-2.97863312E-03 0.00000000E+00 8.21079721E-04-2.64184278E-04 1.49116543E-04
 2  7 1.15067735E-04 0.00000000E+00 1.18925162E-04 0.00000000E+00-7.03285313E-01
 2  8-2.56965598E-02 1.24019636E-02 7.90189394E-04 0.00000000E+00 1.93364960E-04
 2  9-2.97863312E-03 0.00000000E+00-8.21079721E-04 2.64184278E-04-1.49116543E-04
 2 10-1.15067735E-04 0.00000000E+00 1.18925162E-04 0.00000000E+00
 3  1-4.18662251E-05-7.86947225E-04-1.36782337E-03 5.45188674E-03 0.00000000E+00
 3  2 0.00000000E+00-2.69347211E-05 0.00000000E+00 0.00000000E+00 1.57635348E-04
 3  3 0.00000000E+00 0.00000000E+00 8.08947765E-04 1.49355729E-03-7.92610090E-04
 3  4-7.00947200E-04 0.00000000E+00 0.00000000E+00 0.00000000E+00 7.03212418E-01
 3  5 2.46813236E-02-9.35193625E-03 7.16252134E-04 0.00000000E+00-4.92784545E-05
 3  6-2.21817109E-03 0.00000000E+00 1.78417130E-04-4.00858586E-04 2.17897429E-04
 3  7 1.82961157E-04 0.00000000E+00 1.29134359E-04 0.00000000E+00 7.03212418E-01
 3  8 2.46813236E-02-9.35193625E-03-7.16252134E-04 0.00000000E+00-4.92784545E-05
 3  9 2.21817109E-03 0.00000000E+00 1.78417130E-04-4.00858586E-04 2.17897429E-04
 3 10 1.82961157E-04 0.00000000E+00-1.29134359E-04 0.00000000E+00
 4  1-2.74146131E-01 1.03946098E+00 4.00672997E-02-1.19070276E-02 0.00000000E+00
 4  2 0.00000000E+00 7.40833603E-03 0.00000000E+00 0.00000000E+00 4.80879426E-04
 4  3 0.00000000E+00 0.00000000E+00-2.60784396E-04 4.59234531E-04-2.13361619E-04
 4  4-2.45872913E-04 0.00000000E+00 0.00000000E+00 0.00000000E+00 3.14341065E-05
 4  5 1.26914502E-04 4.14252686E-04-3.01367714E-05 0.00000000E+00-9.96443931E-06
 4  6-5.03357258E-04 0.00000000E+00 1.58950137E-04-7.11130613E-04 3.74258121E-04
 4  7 3.36872492E-04 0.00000000E+00 2.32962204E-04 0.00000000E+00 3.14341065E-05
 4  8 1.26914502E-04 4.14252686E-04 3.01367714E-05 0.00000000E+00-9.96443931E-06
 4  9 5.03357258E-04 0.00000000E+00 1.58950137E-04-7.11130613E-04 3.74258121E-04
 4 10 3.36872492E-04 0.00000000E+00-2.32962204E-04 0.00000000E+00
 5  1 0.00000000E+00 0.00000000E+00 0.00000000E+00 0.00000000E+00 9.96944471E-01
 5  2 0.00000000E+00 0.00000000E+00 8.71285151E-03 0.00000000E+00 0.00000000E+00
 5  3-2.53313172E-04 0.00000000E+00 0.00000000E+00 0.00000000E+00 0.00000000E+00
 5  4 0.00000000E+00 0.00000000E+00 4.43227494E-04 0.00000000E+00 5.49595201E-05
 5  5 1.33727377E-04-2.03015187E-04 7.14704688E-06 0.00000000E+00-1.59857828E-05
 5  6-1.65230725E-04 0.00000000E+00 8.62717729E-05-1.97431967E-04 1.07423355E-04
 5  7 9.00086122E-05 0.00000000E+00 8.51904449E-05 0.00000000E+00-5.49595201E-05
 5  8-1.33727377E-04 2.03015187E-04 7.14704688E-06 0.00000000E+00 1.59857828E-05
 5  9-1.65230725E-04 0.00000000E+00-8.62717729E-05 1.97431967E-04-1.07423355E-04
 5 10-9.00086122E-05 0.00000000E+00 8.51904449E-05 0.00000000E+00
 6  1 0.00000000E+00 0.00000000E+00 0.00000000E+00 0.00000000E+00 0.00000000E+00
 6  2 9.96990843E-01 0.00000000E+00 0.00000000E+00 8.63240224E-03 0.00000000E+00
 6  3 0.00000000E+00-1.07223212E-04 0.00000000E+00 0.00000000E+00 0.00000000E+00
 6  4 0.00000000E+00 0.00000000E+00 0.00000000E+00 4.31371984E-04 0.00000000E+00
 6  5 0.00000000E+00 0.00000000E+00 0.00000000E+00-8.08923650E-07 0.00000000E+00
 6  6 0.00000000E+00-3.40584091E-05 0.00000000E+00 0.00000000E+00 0.00000000E+00
 6  7 0.00000000E+00-1.34867900E-05 0.00000000E+00-7.17009586E-07 0.00000000E+00
 6  8 0.00000000E+00 0.00000000E+00 0.00000000E+00-8.08923650E-07 0.00000000E+00
 6  9 0.00000000E+00-3.40584091E-05 0.00000000E+00 0.00000000E+00 0.00000000E+00
 6 10 0.00000000E+00 1.34867900E-05 0.00000000E+00-7.17009586E-07
 7  1 2.05684615E-03-7.79943458E-03 6.90675579E-05-3.20963107E-04 0.00000000E+00
 7  2 0.00000000E+00 9.96983637E-01 0.00000000E+00 0.00000000E+00 8.56214326E-03
 7  3 0.00000000E+00 0.00000000E+00-1.15646702E-04-3.61379410E-04-1.91791385E-04
 7  4 5.53170795E-04 0.00000000E+00 0.00000000E+00 0.00000000E+00-1.72567693E-05
 7  5-8.69530092E-05 1.95518620E-04 3.91053847E-06 0.00000000E+00 2.31005205E-08
 7  6 1.43798499E-04 0.00000000E+00-6.63336518E-05 8.00254189E-05-4.19486949E-05
 7  7-3.80767239E-05 0.00000000E+00-4.32375595E-05 0.00000000E+00-1.72567693E-05
 7  8-8.69530092E-05 1.95518620E-04-3.91053847E-06 0.00000000E+00 2.31005205E-08
 7  9-1.43798499E-04 0.00000000E+00-6.63336518E-05 8.00254189E-05-4.19486949E-05
 7 10-3.80767239E-05 0.00000000E+00 4.32375595E-05 0.00000000E+00
 8  1 4.04172183E-02-1.20251261E-01 2.35584823E-01 1.86249148E-01 0.00000000E+00
 8  2 0.00000000E+00-1.56124565E-02 0.00000000E+00 0.00000000E+00 3.32989768E-02
 8  3 0.00000000E+00 0.00000000E+00 7.70825331E-03 4.13888354E-02-2.17751972E-02
 8  4-1.96136382E-02 0.00000000E+00 0.00000000E+00 0.00000000E+00-1.35462807E-01
 8  5 2.73569202E-01 3.37060976E-01 6.90808990E-02 0.00000000E+00-1.02687892E-02
 8  6 3.37736505E-02 0.00000000E+00-4.95406923E-03 8.19810397E-03-3.37781545E-03
 8  7-4.82028851E-03 0.00000000E+00-3.59297194E-04 0.00000000E+00-1.35462807E-01
 8  8 2.73569202E-01 3.37060976E-01-6.90808990E-02 0.00000000E+00-1.02687892E-02
 8  9-3.37736505E-02 0.00000000E+00-4.95406923E-03 8.19810397E-03-3.37781545E-03
 8 10-4.82028851E-03 0.00000000E+00 3.59297194E-04 0.00000000E+00
 9  1 0.00000000E+00 0.00000000E+00 0.00000000E+00 0.00000000E+00 7.69218541E-02
 9  2 0.00000000E+00 0.00000000E+00-1.53906526E-01 0.00000000E+00 0.00000000E+00
 9  3-2.67380222E-02 0.00000000E+00 0.00000000E+00 0.00000000E+00 0.00000000E+00
 9  4 0.00000000E+00 0.00000000E+00-1.60747797E-02 0.00000000E+00-1.53502772E-01
 9  5 3.08526823E-01 3.98258221E-01 6.02230193E-02 0.00000000E+00-9.41477207E-03
 9  6 3.79205990E-02 0.00000000E+00-6.35085548E-03 7.78305982E-03-3.09228799E-03
 9  7-4.69077183E-03 0.00000000E+00-3.96511380E-04 0.00000000E+00 1.53502772E-01
 9  8-3.08526823E-01-3.98258221E-01 6.02230193E-02 0.00000000E+00 9.41477207E-03
 9  9 3.79205990E-02 0.00000000E+00 6.35085548E-03-7.78305982E-03 3.09228799E-03
 9 10 4.69077183E-03 0.00000000E+00-3.96511380E-04 0.00000000E+00
10  1 7.52560142E-02-2.16729712E-01 4.66666877E-01 4.51306375E-01 0.00000000E+00
10  2 0.00000000E+00-3.77724231E-03 0.00000000E+00 0.00000000E+00 1.31130244E-02
10  3 0.00000000E+00 0.00000000E+00-1.67128876E-03-1.24902646E-02 7.26658255E-03
10  4 5.22368206E-03 0.00000000E+00 0.00000000E+00 0.00000000E+00 9.23340704E-02
10  5-1.92314036E-01-2.91230747E-01 1.01901148E-01 0.00000000E+00-1.45109219E-02
10  6 4.49209302E-02 0.00000000E+00-4.28458470E-03 7.51659169E-03-4.48587926E-03
10  7-3.03071243E-03 0.00000000E+00-3.20353230E-03 0.00000000E+00 9.23340704E-02
10  8-1.92314036E-01-2.91230747E-01-1.01901148E-01 0.00000000E+00-1.45109219E-02
10  9-4.49209302E-02 0.00000000E+00-4.28458470E-03 7.51659169E-03-4.48587926E-03
10 10-3.03071243E-03 0.00000000E+00 3.20353230E-03 0.00000000E+00
11  1 0.00000000E+00 0.00000000E+00 0.00000000E+00 0.00000000E+00-1.82126345E-01
11  2 0.00000000E+00 0.00000000E+00 4.29210187E-01 0.00000000E+00 0.00000000E+00
11  3 9.86576904E-02 0.00000000E+00 0.00000000E+00 0.00000000E+00 0.00000000E+00
11  4 0.00000000E+00 0.00000000E+00 2.08241291E-02 0.00000000E+00-5.16376253E-02
11  5 1.16475255E-01 1.68297460E-01-3.52147688E-01 0.00000000E+00 5.50027850E-02
11  6-2.28105052E-01 0.00000000E+00 3.74211016E-02-1.48673896E-02 8.19759109E-03
11  7 6.66979853E-03 0.00000000E+00 5.79426367E-03 0.00000000E+00 5.16376253E-02
11  8-1.16475255E-01-1.68297460E-01-3.52147688E-01 0.00000000E+00-5.50027850E-02
11  9-2.28105052E-01 0.00000000E+00-3.74211016E-02 1.48673896E-02-8.19759109E-03
11 10-6.66979853E-03 0.00000000E+00 5.79426367E-03 0.00000000E+00
12  1 0.00000000E+00 0.00000000E+00 0.00000000E+00 0.00000000E+00 0.00000000E+00
12  2-2.07482138E-01 0.00000000E+00 0.00000000E+00 4.88224483E-01 0.00000000E+00
12  3 0.00000000E+00 3.26945164E-01 0.00000000E+00 0.00000000E+00 0.00000000E+00
12  4 0.00000000E+00 0.00000000E+00 0.00000000E+00 1.66252376E-02 0.00000000E+00
12  5 0.00000000E+00 0.00000000E+00 0.00000000E+00 2.92358937E-01 0.00000000E+00
12  6 0.00000000E+00 1.83680144E-01 0.00000000E+00 0.00000000E+00 0.00000000E+00
12  7 0.00000000E+00 1.35099885E-02 0.00000000E+00-2.16531987E-03 0.00000000E+00
12  8 0.00000000E+00 0.00000000E+00 0.00000000E+00 2.92358937E-01 0.00000000E+00
12  9 0.00000000E+00 1.83680144E-01 0.00000000E+00 0.00000000E+00 0.00000000E+00
12 10 0.00000000E+00-1.35099885E-02 0.00000000E+00-2.16531987E-03
13  1-7.18801459E-03 2.39630219E-02-4.12366238E-02-8.29815586E-02 0.00000000E+00
13  2 0.00000000E+00-2.07596411E-01 0.00000000E+00 0.00000000E+00 4.87954815E-01
13  3 0.00000000E+00 0.00000000E+00 3.22504058E-01-1.76005795E-03-1.36241373E-02
13  4 1.53841952E-02 0.00000000E+00 0.00000000E+00 0.00000000E+00 6.15134529E-03
13  5-1.16313991E-02-2.83131049E-02 1.30346454E-01 0.00000000E+00 2.61143029E-01
13  6 8.27305969E-02 0.00000000E+00 1.64570858E-01 6.64532477E-03-1.64335282E-03
13  7-5.00197195E-03 0.00000000E+00 1.16120705E-02 0.00000000E+00 6.15134529E-03
13  8-1.16313991E-02-2.83131049E-02-1.30346454E-01 0.00000000E+00 2.61143029E-01
13  9-8.27305969E-02 0.00000000E+00 1.64570858E-01 6.64532477E-03-1.64335282E-03
13 10-5.00197195E-03 0.00000000E+00-1.16120705E-02 0.00000000E+00
14  1 0.00000000E+00 0.00000000E+00 0.00000000E+00 0.00000000E+00 0.00000000E+00
14  2 0.00000000E+00 0.00000000E+00 0.00000000E+00 0.00000000E+00 0.00000000E+00
14  3 0.00000000E+00 0.00000000E+00 0.00000000E+00 0.00000000E+00 0.00000000E+00
14  4 0.00000000E+00-7.91077416E-02 0.00000000E+00 0.00000000E+00 0.00000000E+00
14  5 0.00000000E+00 0.00000000E+00 0.00000000E+00 4.71950034E-01 0.00000000E+00
14  6 0.00000000E+00 3.36269469E-01 0.00000000E+00 0.00000000E+00 0.00000000E+00
14  7 0.00000000E+00 1.26189108E-02 0.00000000E+00-2.23626392E-03 0.00000000E+00
14  8 0.00000000E+00 0.00000000E+00 0.00000000E+00-4.71950034E-01 0.00000000E+00
14  9 0.00000000E+00-3.36269469E-01 0.00000000E+00 0.00000000E+00 0.00000000E+00
14 10 0.00000000E+00 1.26189108E-02 0.00000000E+00 2.23626392E-03
15  1 0.00000000E+00 0.00000000E+00 0.00000000E+00 0.00000000E+00-1.66881193E-02
15  2 0.00000000E+00 0.00000000E+00 3.82015708E-02 0.00000000E+00 0.00000000E+00
15  3 5.26390250E-02 0.00000000E+00 0.00000000E+00 0.00000000E+00 0.00000000E+00
15  4 0.00000000E+00 0.00000000E+00-7.69158802E-02 0.00000000E+00-2.76001467E-03
15  5 3.03429719E-03 2.59966011E-02 1.00133188E-01 0.00000000E+00 4.59585301E-01
15  6 7.72189649E-02 0.00000000E+00 3.26372454E-01 3.41964336E-03 2.14442360E-04
15  7-3.63408572E-03 0.00000000E+00 1.21467937E-02 0.00000000E+00 2.76001467E-03
15  8-3.03429719E-03-2.59966011E-02 1.00133188E-01 0.00000000E+00-4.59585301E-01
15  9 7.72189649E-02 0.00000000E+00-3.26372454E-01-3.41964336E-03-2.14442360E-04
15 10 3.63408572E-03 0.00000000E+00 1.21467937E-02 0.00000000E+00
16  1 2.55573486E-02-9.51311136E-02 1.38161950E-01 4.18585825E-01 0.00000000E+00
16  2 0.00000000E+00 4.79685815E-02 0.00000000E+00 0.00000000E+00-1.17429722E-01
16  3 0.00000000E+00 0.00000000E+00-4.54284956E-02-1.30451165E-01 6.47087051E-02
16  4 6.57424598E-02 0.00000000E+00 0.00000000E+00 0.00000000E+00 1.78992786E-03
16  5-3.62223571E-03-3.88367838E-02-3.79834188E-01 0.00000000E+00 2.77975111E-01
16  6-2.74037158E-01 0.00000000E+00 1.98978491E-01-6.34405831E-03 3.93090296E-03
16  7 2.41315535E-03 0.00000000E+00 5.88333067E-03 0.00000000E+00 1.78992786E-03
16  8-3.62223571E-03-3.88367838E-02 3.79834188E-01 0.00000000E+00 2.77975111E-01
16  9 2.74037158E-01 0.00000000E+00 1.98978491E-01-6.34405831E-03 3.93090296E-03
16 10 2.41315535E-03 0.00000000E+00-5.88333067E-03 0.00000000E+00
17  1 0.00000000E+00 0.00000000E+00 0.00000000E+00 0.00000000E+00 0.00000000E+00
17  2-2.01312516E-01 0.00000000E+00 0.00000000E+00 5.00303558E-01 0.00000000E+00
17  3 0.00000000E+00 3.62074032E-01 0.00000000E+00 0.00000000E+00 0.00000000E+00
17  4 0.00000000E+00 0.00000000E+00 0.00000000E+00-4.19684319E-03 0.00000000E+00
17  5 0.00000000E+00 0.00000000E+00 0.00000000E+00-3.98503969E-01 0.00000000E+00
17  6 0.00000000E+00-2.92605112E-01 0.00000000E+00 0.00000000E+00 0.00000000E+00
17  7 0.00000000E+00-1.73406607E-05 0.00000000E+00 1.07688450E-05 0.00000000E+00
17  8 0.00000000E+00 0.00000000E+00 0.00000000E+00-3.98503969E-01 0.00000000E+00
17  9 0.00000000E+00-2.92605112E-01 0.00000000E+00 0.00000000E+00 0.00000000E+00
17 10 0.00000000E+00 1.73406607E-05 0.00000000E+00 1.07688450E-05
18  1 1.28809046E-02-4.13815281E-02 7.97381706E-02 1.94754391E-01 0.00000000E+00
18  2 0.00000000E+00-1.95298372E-01 0.00000000E+00 0.00000000E+00 4.87571793E-01
18  3 0.00000000E+00 0.00000000E+00 3.73412368E-01-5.99216450E-02 3.44233005E-02
18  4 2.54983445E-02 0.00000000E+00 0.00000000E+00 0.00000000E+00 9.58476094E-03
18  5-2.00526333E-02-6.45552453E-02-2.63141321E-01 0.00000000E+00-3.07601348E-01
18  6-1.98641922E-01 0.00000000E+00-2.26602674E-01-1.47001831E-03 9.53043958E-04
18  7 5.16974351E-04 0.00000000E+00 1.85866152E-03 0.00000000E+00 9.58476094E-03
18  8-2.00526333E-02-6.45552453E-02 2.63141321E-01 0.00000000E+00-3.07601348E-01
18  9 1.98641922E-01 0.00000000E+00-2.26602674E-01-1.47001831E-03 9.53043958E-04
18 10 5.16974351E-04 0.00000000E+00-1.85866152E-03 0.00000000E+00
19  1 0.00000000E+00 0.00000000E+00 0.00000000E+00 0.00000000E+00-2.46147571E-01
19  2 0.00000000E+00 0.00000000E+00 6.49018676E-01 0.00000000E+00 0.00000000E+00
19  3 8.43463376E-01 0.00000000E+00 0.00000000E+00 0.00000000E+00 0.00000000E+00
19  4 0.00000000E+00 0.00000000E+00-6.93511588E-02 0.00000000E+00-5.59905580E-02
19  5 1.10977943E-01 4.21433500E-01 3.39869861E-01 0.00000000E+00-1.27858590E-01
19  6 3.67223435E-01 0.00000000E+00-1.07779972E-01-2.78077244E-03 2.51186798E-03
19  7 2.68904458E-04 0.00000000E+00 5.95305096E-03 0.00000000E+00 5.59905580E-02
19  8-1.10977943E-01-4.21433500E-01 3.39869861E-01 0.00000000E+00 1.27858590E-01
19  9 3.67223435E-01 0.00000000E+00 1.07779972E-01 2.78077244E-03-2.51186798E-03
19 10-2.68904458E-04 0.00000000E+00 5.95305096E-03 0.00000000E+00
20  1 0.00000000E+00 0.00000000E+00 0.00000000E+00 0.00000000E+00 2.43213549E-01
20  2 0.00000000E+00 0.00000000E+00-9.72430413E-01 0.00000000E+00 0.00000000E+00
20  3 1.77116147E+00 0.00000000E+00 0.00000000E+00 0.00000000E+00 0.00000000E+00
20  4 0.00000000E+00 0.00000000E+00-1.80143975E-01 0.00000000E+00-3.28022900E-02
20  5 1.89323923E-02 6.31291696E-01-2.14491035E-01 0.00000000E+00-6.30828405E-02
20  6 3.30149199E-01 0.00000000E+00-5.15910836E-02 5.11891338E-02-2.47680715E-02
20  7-2.64210623E-02 0.00000000E+00-3.96347091E-03 0.00000000E+00 3.28022900E-02
20  8-1.89323923E-02-6.31291696E-01-2.14491035E-01 0.00000000E+00 6.30828405E-02
20  9 3.30149199E-01 0.00000000E+00 5.15910836E-02-5.11891338E-02 2.47680715E-02
20 10 2.64210623E-02 0.00000000E+00-3.96347091E-03 0.00000000E+00
21  1-4.34723378E-02-1.70508265E-01-6.88471310E-01 8.86139012E-01 0.00000000E+00
21  2 0.00000000E+00 2.68870932E-01 0.00000000E+00 0.00000000E+00-1.03985501E+00
21  3 0.00000000E+00 0.00000000E+00 1.14842029E+00-1.02762545E-01 1.15066294E-01
21  4-1.23037489E-02 0.00000000E+00 0.00000000E+00 0.00000000E+00 8.17934631E-03
21  5-5.53662993E-03-1.66008163E-01 5.77714625E-02 0.00000000E+00-1.28401387E-01
21  6-1.23000039E-01 0.00000000E+00-4.52056718E-02-2.83695747E-02 1.50854854E-02
21  7 1.32840893E-02 0.00000000E+00 4.49267384E-03 0.00000000E+00 8.17934631E-03
21  8-5.53662993E-03-1.66008163E-01-5.77714625E-02 0.00000000E+00-1.28401387E-01
21  9 1.23000039E-01 0.00000000E+00-4.52056718E-02-2.83695747E-02 1.50854854E-02
21 10 1.32840893E-02 0.00000000E+00-4.49267384E-03 0.00000000E+00
22  1 0.00000000E+00 0.00000000E+00 0.00000000E+00 0.00000000E+00 0.00000000E+00
22  2 2.96975113E-01 0.00000000E+00 0.00000000E+00-1.14769114E+00 0.00000000E+00
22  3 0.00000000E+00 1.22698402E+00 0.00000000E+00 0.00000000E+00 0.00000000E+00
22  4 0.00000000E+00 0.00000000E+00 0.00000000E+00-7.55831302E-02 0.00000000E+00
22  5 0.00000000E+00 0.00000000E+00 0.00000000E+00-1.09152307E-01 0.00000000E+00
22  6 0.00000000E+00-7.67796679E-02 0.00000000E+00 0.00000000E+00 0.00000000E+00
22  7 0.00000000E+00-7.18158939E-03 0.00000000E+00 3.04137954E-04 0.00000000E+00
22  8 0.00000000E+00 0.00000000E+00 0.00000000E+00-1.09152307E-01 0.00000000E+00
22  9 0.00000000E+00-7.67796679E-02 0.00000000E+00 0.00000000E+00 0.00000000E+00
22 10 0.00000000E+00 7.18158939E-03 0.00000000E+00 3.04137954E-04
23  1-1.02220097E-01-3.52403792E-01-1.55757704E+00 1.80000884E+00 0.00000000E+00
23  2 0.00000000E+00-1.23149493E-01 0.00000000E+00 0.00000000E+00 4.75401981E-01
23  3 0.00000000E+00 0.00000000E+00-4.69665706E-01-2.69484915E-01 1.10611243E-01
23  4 1.58873671E-01 0.00000000E+00 0.00000000E+00 0.00000000E+00 8.33403548E-03
23  5-1.44241767E-02-1.56263692E-01 9.16204603E-02 0.00000000E+00-9.05521336E-03
23  6-1.22989836E-01 0.00000000E+00 6.52045455E-02-3.83549428E-02 2.12056850E-02
23  7 1.71492577E-02 0.00000000E+00 2.05855569E-02 0.00000000E+00 8.33403548E-03
23  8-1.44241767E-02-1.56263692E-01-9.16204603E-02 0.00000000E+00-9.05521336E-03
23  9 1.22989836E-01 0.00000000E+00 6.52045455E-02-3.83549428E-02 2.12056850E-02
23 10 1.71492577E-02 0.00000000E+00-2.05855569E-02 0.00000000E+00
24  1 0.00000000E+00 0.00000000E+00 0.00000000E+00 0.00000000E+00 0.00000000E+00
24  2 0.00000000E+00 0.00000000E+00 0.00000000E+00 0.00000000E+00 0.00000000E+00
24  3 0.00000000E+00 0.00000000E+00 0.00000000E+00 0.00000000E+00 0.00000000E+00
24  4 0.00000000E+00 8.35232681E-01 0.00000000E+00 0.00000000E+00 0.00000000E+00
24  5 0.00000000E+00 0.00000000E+00 0.00000000E+00 3.49135701E-01 0.00000000E+00
24  6 0.00000000E+00-2.12971816E-01 0.00000000E+00 0.00000000E+00 0.00000000E+00
24  7 0.00000000E+00-5.52666811E-02 0.00000000E+00 1.16453040E-02 0.00000000E+00
24  8 0.00000000E+00 0.00000000E+00 0.00000000E+00-3.49135701E-01 0.00000000E+00
24  9 0.00000000E+00 2.12971816E-01 0.00000000E+00 0.00000000E+00 0.00000000E+00
24 10 0.00000000E+00-5.52666811E-02 0.00000000E+00-1.16453040E-02
25  1 0.00000000E+00 0.00000000E+00 0.00000000E+00 0.00000000E+00 0.00000000E+00
25  2 2.30909811E-02 0.00000000E+00 0.00000000E+00-8.39198476E-02 0.00000000E+00
25  3 0.00000000E+00 5.21666364E-02 0.00000000E+00 0.00000000E+00 0.00000000E+00
25  4 0.00000000E+00 0.00000000E+00 0.00000000E+00 9.88749998E-01 0.00000000E+00
25  5 0.00000000E+00 0.00000000E+00 0.00000000E+00-8.33542924E-02 0.00000000E+00
25  6 0.00000000E+00 5.22591461E-02 0.00000000E+00 0.00000000E+00 0.00000000E+00
25  7 0.00000000E+00 1.36978479E-02 0.00000000E+00 1.33566423E-02 0.00000000E+00
25  8 0.00000000E+00 0.00000000E+00 0.00000000E+00-8.33542924E-02 0.00000000E+00
25  9 0.00000000E+00 5.22591461E-02 0.00000000E+00 0.00000000E+00 0.00000000E+00
25 10 0.00000000E+00-1.36978479E-02 0.00000000E+00 1.33566423E-02
26  1 1.45227019E-03 4.22393921E-03 2.11228454E-02-2.21442816E-02 0.00000000E+00
26  2 0.00000000E+00 2.40851220E-02 0.00000000E+00 0.00000000E+00-8.76823319E-02
26  3 0.00000000E+00 0.00000000E+00 5.55912297E-02-2.47346240E-02-8.43115705E-01
26  4 8.67850329E-01 0.00000000E+00 0.00000000E+00 0.00000000E+00-2.43726076E-04
26  5 1.72549245E-03-1.28909578E-03-1.32526818E-02 0.00000000E+00-8.42553192E-02
26  6 1.08200414E-02 0.00000000E+00 5.15622334E-02 3.67918511E-03-1.33755442E-02
26  7 9.69635905E-03 0.00000000E+00 1.34254023E-02 0.00000000E+00-2.43726076E-04
26  8 1.72549245E-03-1.28909578E-03 1.32526818E-02 0.00000000E+00-8.42553192E-02
26  9-1.08200414E-02 0.00000000E+00 5.15622334E-02 3.67918511E-03-1.33755442E-02
26 10 9.69635905E-03 0.00000000E+00-1.34254023E-02 0.00000000E+00
27  1 0.00000000E+00 0.00000000E+00 0.00000000E+00 0.00000000E+00 4.04689506E-02
27  2 0.00000000E+00 0.00000000E+00-1.96381270E-01 0.00000000E+00 0.00000000E+00
27  3 7.04196952E-01 0.00000000E+00 0.00000000E+00 0.00000000E+00 0.00000000E+00
27  4 0.00000000E+00 0.00000000E+00 8.20346534E-01 0.00000000E+00-3.16721133E-02
27  5 1.20512676E-01 2.29778003E-01 5.47617163E-02 0.00000000E+00 3.22084258E-01
27  6 1.86092424E-01 0.00000000E+00-2.68706234E-01-1.10874167E-02-3.98827518E-03
27  7 1.50756918E-02 0.00000000E+00-5.12217742E-02 0.00000000E+00 3.16721133E-02
27  8-1.20512676E-01-2.29778003E-01 5.47617163E-02 0.00000000E+00-3.22084258E-01
27  9 1.86092424E-01 0.00000000E+00 2.68706234E-01 1.10874167E-02 3.98827518E-03
27 10-1.50756918E-02 0.00000000E+00-5.12217742E-02 0.00000000E+00
28  1-2.98095228E-02-1.91047445E-01-5.63238830E-01 1.21257540E+00 0.00000000E+00
28  2 0.00000000E+00-7.20393155E-03 0.00000000E+00 0.00000000E+00 1.99657891E-02
28  3 0.00000000E+00 0.00000000E+00 1.97467933E-01 8.67986694E-01-4.83482285E-01
28  4-3.84504409E-01 0.00000000E+00 0.00000000E+00 0.00000000E+00 5.90456648E-02
28  5-3.50905773E-01-4.90269398E-02 1.61587018E-01 0.00000000E+00 1.18283115E-01
28  6-6.79849944E-01 0.00000000E+00-5.09091786E-02 3.96131222E-02-2.47436655E-02
28  7-1.48694568E-02 0.00000000E+00-2.75480495E-02 0.00000000E+00 5.90456648E-02
28  8-3.50905773E-01-4.90269398E-02-1.61587018E-01 0.00000000E+00 1.18283115E-01
28  9 6.79849944E-01 0.00000000E+00-5.09091786E-02 3.96131222E-02-2.47436655E-02
28 10-1.48694568E-02 0.00000000E+00 2.75480495E-02 0.00000000E+00
29  1 0.00000000E+00 0.00000000E+00 0.00000000E+00 0.00000000E+00-6.08048675E-02
29  2 0.00000000E+00 0.00000000E+00 3.19013857E-01 0.00000000E+00 0.00000000E+00
29  3-7.27791522E-02 0.00000000E+00 0.00000000E+00 0.00000000E+00 0.00000000E+00
29  4 0.00000000E+00 0.00000000E+00 4.63905218E-01 0.00000000E+00-1.49013875E-02
29  5 1.10441443E-01-5.99263903E-02-3.74816345E-01 0.00000000E+00-4.11084039E-01
29  6 5.79052127E-01 0.00000000E+00 5.21756917E-01-5.16312616E-02 1.95653258E-02
29  7 3.20659358E-02 0.00000000E+00-2.74177927E-02 0.00000000E+00 1.49013875E-02
29  8-1.10441443E-01 5.99263903E-02-3.74816345E-01 0.00000000E+00 4.11084039E-01
29  9 5.79052127E-01 0.00000000E+00-5.21756917E-01 5.16312616E-02-1.95653258E-02
29 10-3.20659358E-02 0.00000000E+00-2.74177927E-02 0.00000000E+00
30  1 0.00000000E+00 0.00000000E+00 0.00000000E+00 0.00000000E+00 0.00000000E+00
30  2 0.00000000E+00 0.00000000E+00 0.00000000E+00 0.00000000E+00 0.00000000E+00
30  3 0.00000000E+00 0.00000000E+00 0.00000000E+00 0.00000000E+00 0.00000000E+00
30  4 0.00000000E+00 5.66117106E-01 0.00000000E+00 0.00000000E+00 0.00000000E+00
30  5 0.00000000E+00 0.00000000E+00 0.00000000E+00-5.47829759E-01 0.00000000E+00
30  6 0.00000000E+00 7.26548055E-01 0.00000000E+00 0.00000000E+00 0.00000000E+00
30  7 0.00000000E+00-5.68779980E-02 0.00000000E+00 1.17275952E-02 0.00000000E+00
30  8 0.00000000E+00 0.00000000E+00 0.00000000E+00 5.47829759E-01 0.00000000E+00
30  9 0.00000000E+00-7.26548055E-01 0.00000000E+00 0.00000000E+00 0.00000000E+00
30 10 0.00000000E+00-5.68779980E-02 0.00000000E+00-1.17275952E-02
31  1 0.00000000E+00 0.00000000E+00 0.00000000E+00 0.00000000E+00 0.00000000E+00
31  2-2.93909082E-02 0.00000000E+00 0.00000000E+00 1.57406381E-01 0.00000000E+00
31  3 0.00000000E+00-5.44493147E-01 0.00000000E+00 0.00000000E+00 0.00000000E+00
31  4 0.00000000E+00 0.00000000E+00 0.00000000E+00-1.27470220E-01 0.00000000E+00
31  5 0.00000000E+00 0.00000000E+00 0.00000000E+00-6.26419221E-01 0.00000000E+00
31  6 0.00000000E+00 8.44379422E-01 0.00000000E+00 0.00000000E+00 0.00000000E+00
31  7 0.00000000E+00-1.97233800E-02 0.00000000E+00 3.34293442E-04 0.00000000E+00
31  8 0.00000000E+00 0.00000000E+00 0.00000000E+00-6.26419221E-01 0.00000000E+00
31  9 0.00000000E+00 8.44379422E-01 0.00000000E+00 0.00000000E+00 0.00000000E+00
31 10 0.00000000E+00 1.97233800E-02 0.00000000E+00 3.34293442E-04
32  1 1.66151806E-02 4.13926953E-02 2.42222141E-01 2.41914364E-02 0.00000000E+00
32  2 0.00000000E+00-3.47713617E-02 0.00000000E+00 0.00000000E+00 1.85929606E-01
32  3 0.00000000E+00 0.00000000E+00-4.75378511E-01 6.37523843E-02 6.41466023E-02
32  4-1.27898987E-01 0.00000000E+00 0.00000000E+00 0.00000000E+00 5.78549681E-03
32  5-4.47366951E-02 3.92057362E-02 2.09961467E-01 0.00000000E+00-5.87573139E-01
32  6-2.85024460E-01 0.00000000E+00 7.89382303E-01 1.83324292E-02-9.92523884E-03
32  7-8.40719036E-03 0.00000000E+00-2.29441057E-02 0.00000000E+00 5.78549681E-03
32  8-4.47366951E-02 3.92057362E-02-2.09961467E-01 0.00000000E+00-5.87573139E-01
32  9 2.85024460E-01 0.00000000E+00 7.89382303E-01 1.83324292E-02-9.92523884E-03
32 10-8.40719036E-03 0.00000000E+00 2.29441057E-02 0.00000000E+00
33  1 0.00000000E+00 0.00000000E+00 0.00000000E+00 0.00000000E+00-9.23389927E-02
33  2 0.00000000E+00 0.00000000E+00 4.84341540E-01 0.00000000E+00 0.00000000E+00
33  3-1.00896684E-01 0.00000000E+00 0.00000000E+00 0.00000000E+00 0.00000000E+00
33  4 0.00000000E+00 0.00000000E+00-3.17791902E-01 0.00000000E+00-1.38582473E-02
33  5 1.52738431E-01-1.30689654E-01-4.50650240E-01 0.00000000E+00 3.69783499E-01
33  6 6.12541929E-01 0.00000000E+00-4.96182100E-01-2.90710815E-02 2.17905348E-02
33  7 7.28054674E-03 0.00000000E+00 4.56744837E-02 0.00000000E+00 1.38582473E-02
33  8-1.52738431E-01 1.30689654E-01-4.50650240E-01 0.00000000E+00-3.69783499E-01
33  9 6.12541929E-01 0.00000000E+00 4.96182100E-01 2.90710815E-02-2.17905348E-02
33 10-7.28054674E-03 0.00000000E+00 4.56744837E-02 0.00000000E+00
34  1-3.61252023E-02-1.18942893E-01-5.58279792E-01 2.71932433E-01 0.00000000E+00
34  2 0.00000000E+00-7.45296072E-04 0.00000000E+00 0.00000000E+00-1.66679385E-03
34  3 0.00000000E+00 0.00000000E+00-2.02663402E-01 4.35025266E-01-1.79124093E-01
34  4-2.55901173E-01 0.00000000E+00 0.00000000E+00 0.00000000E+00 7.36271644E-03
34  5 2.72816599E-03-7.21009083E-02-5.75884681E-01 0.00000000E+00-1.77809535E-01
34  6 5.93602291E-01 0.00000000E+00 2.91264954E-01-3.69018995E-03-1.22731966E-03
34  7 4.91750961E-03 0.00000000E+00-2.48390066E-02 0.00000000E+00 7.36271644E-03
34  8 2.72816599E-03-7.21009083E-02 5.75884681E-01 0.00000000E+00-1.77809535E-01
34  9-5.93602291E-01 0.00000000E+00 2.91264954E-01-3.69018995E-03-1.22731966E-03
34 10 4.91750961E-03 0.00000000E+00 2.48390066E-02 0.00000000E+00
35  1 2.12770419E-02 2.24542083E-01 5.07460183E-01-1.38362139E+00 0.00000000E+00
35  2 0.00000000E+00 5.27723214E-03 0.00000000E+00 0.00000000E+00-1.95802006E-02
35  3 0.00000000E+00 0.00000000E+00-2.06145664E-01-4.55163720E-01 2.44287626E-01
35  4 2.10876095E-01 0.00000000E+00 0.00000000E+00 0.00000000E+00 1.67171167E-02
35  5-1.08587684E+00 1.39526023E+00-1.03302063E-01 0.00000000E+00-1.46147546E-02
35  6 5.39379576E-01 0.00000000E+00-2.57410700E-02-1.87618099E-01 1.01237871E-01
35  7 8.63802280E-02 0.00000000E+00 6.13949562E-02 0.00000000E+00 1.67171167E-02
35  8-1.08587684E+00 1.39526023E+00 1.03302063E-01 0.00000000E+00-1.46147546E-02
35  9-5.39379576E-01 0.00000000E+00-2.57410700E-02-1.87618099E-01 1.01237871E-01
35 10 8.63802280E-02 0.00000000E+00-6.13949562E-02 0.00000000E+00
36  1 0.00000000E+00 0.00000000E+00 0.00000000E+00 0.00000000E+00-2.72364879E-02
36  2 0.00000000E+00 0.00000000E+00 7.94361570E-02 0.00000000E+00 0.00000000E+00
36  3 1.45645493E+00 0.00000000E+00 0.00000000E+00 0.00000000E+00 0.00000000E+00
36  4 0.00000000E+00 0.00000000E+00 1.78621428E-01 0.00000000E+00 6.59928494E-03
36  5-1.22952292E+00 1.88626421E+00-1.22276181E-01 0.00000000E+00 5.60475933E-02
36  6 6.08071795E-01 0.00000000E+00-1.84944103E-01-1.87453973E-01 9.49304531E-02
36  7 9.25235201E-02 0.00000000E+00 4.27514022E-02 0.00000000E+00-6.59928494E-03
36  8 1.22952292E+00-1.88626421E+00-1.22276181E-01 0.00000000E+00-5.60475933E-02
36  9 6.08071795E-01 0.00000000E+00 1.84944103E-01 1.87453973E-01-9.49304531E-02
36 10-9.25235201E-02 0.00000000E+00 4.27514022E-02 0.00000000E+00
37  1 0.00000000E+00 0.00000000E+00 0.00000000E+00 0.00000000E+00 0.00000000E+00
37  2 0.00000000E+00 0.00000000E+00 0.00000000E+00 0.00000000E+00 0.00000000E+00
37  3 0.00000000E+00 0.00000000E+00 0.00000000E+00 0.00000000E+00 0.00000000E+00
37  4 0.00000000E+00 2.35415657E-02 0.00000000E+00 0.00000000E+00 0.00000000E+00
37  5 0.00000000E+00 0.00000000E+00 0.00000000E+00-3.40954549E-03 0.00000000E+00
37  6 0.00000000E+00 5.95869511E-03 0.00000000E+00 0.00000000E+00 0.00000000E+00
37  7 0.00000000E+00 2.02027835E-01 0.00000000E+00 6.77662670E-01 0.00000000E+00
37  8 0.00000000E+00 0.00000000E+00 0.00000000E+00 3.40954549E-03 0.00000000E+00
37  9 0.00000000E+00-5.95869511E-03 0.00000000E+00 0.00000000E+00 0.00000000E+00
37 10 0.00000000E+00 2.02027835E-01 0.00000000E+00-6.77662670E-01
38  1 0.00000000E+00 0.00000000E+00 0.00000000E+00 0.00000000E+00-4.42078107E-04
38  2 0.00000000E+00 0.00000000E+00 1.00478386E-03 0.00000000E+00 0.00000000E+00
38  3 2.55797509E-03 0.00000000E+00 0.00000000E+00 0.00000000E+00 0.00000000E+00
38  4 0.00000000E+00 0.00000000E+00-2.35786666E-02 0.00000000E+00 2.29141470E-04
38  5-1.27191926E-03 7.67017366E-04-4.76092316E-04 0.00000000E+00 3.62324977E-03
38  6-7.02601389E-04 0.00000000E+00-5.91500536E-03-4.25927442E-02 6.07371889E-01
38  7-5.64779145E-01 0.00000000E+00-2.00620374E-01 0.00000000E+00-2.29141470E-04
38  8 1.27191926E-03-7.67017366E-04-4.76092316E-04 0.00000000E+00-3.62324977E-03
38  9-7.02601389E-04 0.00000000E+00 5.91500536E-03 4.25927442E-02-6.07371889E-01
38 10 5.64779145E-01 0.00000000E+00-2.00620374E-01 0.00000000E+00
39  1 0.00000000E+00 0.00000000E+00 0.00000000E+00 0.00000000E+00 0.00000000E+00
39  2 5.41907410E-03 0.00000000E+00 0.00000000E+00-4.67842221E-03 0.00000000E+00
39  3 0.00000000E+00-5.81931162E-02 0.00000000E+00 0.00000000E+00 0.00000000E+00
39  4 0.00000000E+00 0.00000000E+00 0.00000000E+00-5.79833164E-02 0.00000000E+00
39  5 0.00000000E+00 0.00000000E+00 0.00000000E+00-1.60462205E-02 0.00000000E+00
39  6 0.00000000E+00 3.01427405E-02 0.00000000E+00 0.00000000E+00 0.00000000E+00
39  7 0.00000000E+00 3.94640579E-01 0.00000000E+00 5.87510460E-01 0.00000000E+00
39  8 0.00000000E+00 0.00000000E+00 0.00000000E+00-1.60462205E-02 0.00000000E+00
39  9 0.00000000E+00 3.01427405E-02 0.00000000E+00 0.00000000E+00 0.00000000E+00
39 10 0.00000000E+00-3.94640579E-01 0.00000000E+00 5.87510460E-01
40  1 1.20011397E-04-3.71935228E-03-3.26870724E-03 2.31060130E-02 0.00000000E+00
40  2 0.00000000E+00-3.00132788E-03 0.00000000E+00 0.00000000E+00 3.64011278E-03
40  3 0.00000000E+00 0.00000000E+00 3.20747781E-02-1.16546487E-05-4.41876507E-02
40  4 4.41993053E-02 0.00000000E+00 0.00000000E+00 0.00000000E+00 1.07462745E-04
40  5 1.38440780E-02-2.13720257E-02 5.50204730E-03 0.00000000E+00 8.10887847E-03
40  6-1.51926119E-02 0.00000000E+00-1.50667056E-02-7.18381929E-02 6.07313924E-01
40  7-5.35475732E-01 0.00000000E+00-2.44268401E-01 0.00000000E+00 1.07462745E-04
40  8 1.38440780E-02-2.13720257E-02-5.50204730E-03 0.00000000E+00 8.10887847E-03
40  9 1.51926119E-02 0.00000000E+00-1.50667056E-02-7.18381929E-02 6.07313924E-01
40 10-5.35475732E-01 0.00000000E+00 2.44268401E-01 0.00000000E+00
41  1 0.00000000E+00 0.00000000E+00 0.00000000E+00 0.00000000E+00 0.00000000E+00
41  2 1.27862335E-02 0.00000000E+00 0.00000000E+00-1.31640627E-02 0.00000000E+00
41  3 0.00000000E+00-1.25408245E-01 0.00000000E+00 0.00000000E+00 0.00000000E+00
41  4 0.00000000E+00 0.00000000E+00 0.00000000E+00-2.71239673E-02 0.00000000E+00
41  5 0.00000000E+00 0.00000000E+00 0.00000000E+00-3.29709378E-02 0.00000000E+00
41  6 0.00000000E+00 6.02244144E-02 0.00000000E+00 0.00000000E+00 0.00000000E+00
41  7 0.00000000E+00 5.91474718E-01 0.00000000E+00-3.93621205E-01 0.00000000E+00
41  8 0.00000000E+00 0.00000000E+00 0.00000000E+00-3.29709378E-02 0.00000000E+00
41  9 0.00000000E+00 6.02244144E-02 0.00000000E+00 0.00000000E+00 0.00000000E+00
41 10 0.00000000E+00-5.91474718E-01 0.00000000E+00-3.93621205E-01
42  1-1.36198356E-03 1.25738654E-02 5.29930222E-04-7.95832425E-02 0.00000000E+00
42  2 0.00000000E+00 1.60652474E-02 0.00000000E+00 0.00000000E+00-2.35756221E-02
42  3 0.00000000E+00 0.00000000E+00-1.42300780E-01 1.29755631E-02 2.82947822E-02
42  4-4.12703452E-02 0.00000000E+00 0.00000000E+00 0.00000000E+00 7.57651044E-04
42  5-5.56355779E-02 7.83157599E-02-2.56870681E-02 0.00000000E+00-3.35140849E-02
42  6 6.01024013E-02 0.00000000E+00 6.05477998E-02 2.76935873E-01 7.99365053E-02
42  7-3.56872378E-01 0.00000000E+00 6.04133557E-01 0.00000000E+00 7.57651044E-04
42  8-5.56355779E-02 7.83157599E-02 2.56870681E-02 0.00000000E+00-3.35140849E-02
42  9-6.01024013E-02 0.00000000E+00 6.05477998E-02 2.76935873E-01 7.99365053E-02
42 10-3.56872378E-01 0.00000000E+00-6.04133557E-01 0.00000000E+00
43  1 0.00000000E+00 0.00000000E+00 0.00000000E+00 0.00000000E+00 3.08583472E-02
43  2 0.00000000E+00 0.00000000E+00-1.11890131E-01 0.00000000E+00 0.00000000E+00
43  3-5.34559917E-02 0.00000000E+00 0.00000000E+00 0.00000000E+00 0.00000000E+00
43  4 0.00000000E+00 0.00000000E+00 2.17151177E-01 0.00000000E+00-1.33880313E-04
43  5 7.14110769E-02-1.01945325E-01 2.56952553E-02 0.00000000E+00-3.68995792E-02
43  6-5.51185938E-02 0.00000000E+00 7.04507687E-02 6.57641565E-02 1.43768052E-01
43  7-2.09532209E-01 0.00000000E+00 6.75822461E-01 0.00000000E+00 1.33880313E-04
43  8-7.14110769E-02 1.01945325E-01 2.56952553E-02 0.00000000E+00 3.68995792E-02
43  9-5.51185938E-02 0.00000000E+00-7.04507687E-02-6.57641565E-02-1.43768052E-01
43 10 2.09532209E-01 0.00000000E+00 6.75822461E-01 0.00000000E+00
44  1 0.00000000E+00 0.00000000E+00 0.00000000E+00 0.00000000E+00 0.00000000E+00
44  2 0.00000000E+00 0.00000000E+00 0.00000000E+00 0.00000000E+00 0.00000000E+00
44  3 0.00000000E+00 0.00000000E+00 0.00000000E+00 0.00000000E+00 0.00000000E+00
44  4 0.00000000E+00 2.68180211E-01 0.00000000E+00 0.00000000E+00 0.00000000E+00
44  5 0.00000000E+00 0.00000000E+00 0.00000000E+00-3.46961248E-02 0.00000000E+00
44  6 0.00000000E+00 6.81893312E-02 0.00000000E+00 0.00000000E+00 0.00000000E+00
44  7 0.00000000E+00 6.80705753E-01 0.00000000E+00-2.02303654E-01 0.00000000E+00
44  8 0.00000000E+00 0.00000000E+00 0.00000000E+00 3.46961248E-02 0.00000000E+00
44  9 0.00000000E+00-6.81893312E-02 0.00000000E+00 0.00000000E+00 0.00000000E+00
44 10 0.00000000E+00 6.80705753E-01 0.00000000E+00 2.02303654E-01
45  1 0.00000000E+00 0.00000000E+00 0.00000000E+00 0.00000000E+00-1.38308349E-01
45  2 0.00000000E+00 0.00000000E+00 5.18401557E-01 0.00000000E+00 0.00000000E+00
45  3 3.65783158E-01 0.00000000E+00 0.00000000E+00 0.00000000E+00 0.00000000E+00
45  4 0.00000000E+00 0.00000000E+00 2.35649075E-01 0.00000000E+00-5.13556027E-03
45  5-4.33991232E-01 6.79632228E-01-1.08737752E-01 0.00000000E+00 1.35114314E-02
45  6 4.00233125E-01 0.00000000E+00-5.53614101E-02 7.02424585E-01-3.31484278E-01
45  7-3.70940307E-01 0.00000000E+00-7.06209800E-02 0.00000000E+00 5.13556027E-03
45  8 4.33991232E-01-6.79632228E-01-1.08737752E-01 0.00000000E+00-1.35114314E-02
45  9 4.00233125E-01 0.00000000E+00 5.53614101E-02-7.02424585E-01 3.31484278E-01
45 10 3.70940307E-01 0.00000000E+00-7.06209800E-02 0.00000000E+00
46  1 6.71835197E-03-1.58289554E-01-1.23210683E-01 9.53916674E-01 0.00000000E+00
46  2 0.00000000E+00-2.58475640E-02 0.00000000E+00 0.00000000E+00 1.01093330E-01
46  3 0.00000000E+00 0.00000000E+00 7.00745736E-02 7.00563541E-01-3.62267941E-01
46  4-3.38295599E-01 0.00000000E+00 0.00000000E+00 0.00000000E+00 1.37897691E-02
46  5 4.62663404E-01-7.64268944E-01 7.56453439E-02 0.00000000E+00-1.57562528E-02
46  6-5.02265061E-01 0.00000000E+00 9.65836134E-02-6.73794342E-01 3.67068644E-01
46  7 3.06725698E-01 0.00000000E+00 2.94058685E-01 0.00000000E+00 1.37897691E-02
46  8 4.62663404E-01-7.64268944E-01-7.56453439E-02 0.00000000E+00-1.57562528E-02
46  9 5.02265061E-01 0.00000000E+00 9.65836134E-02-6.73794342E-01 3.67068644E-01
46 10 3.06725698E-01 0.00000000E+00-2.94058685E-01 0.00000000E+00
 $END   
 POPULATION ANALYSIS
S           15.26373   0.73627  15.32048   0.67952
O            8.36813  -0.36813   8.33976  -0.33976
O            8.36813  -0.36813   8.33976  -0.33976
 MOMENTS AT POINT    1 X,Y,Z=  0.000000  0.000000  0.000000
 DIPOLE       0.000000  0.000000 -0.597342
