 $DATA  
Title                                                                           
CNV      2

S          16.0      0.0000000000      0.0000000000     -0.5001387545
   PC1     0
        
O           8.0      1.7320508076      0.0000000000      0.4998612455
   PC1     0
        
 $END      
 $ZMAT   IZMAT(1)=
         1,   3,   1,
         1,   2,   1,
         2,   2,   1,   3,
 $END
--- CLOSED SHELL ORBITALS --- GENERATED AT Thu Feb 26 00:22:47 2015
Title                                                                           
E(R-PBE)=        0.0000000000, E(NUC)=   77.5113479762,   30 ITERS
 $VEC   
 1  1 1.00297793E+00-1.02576109E-02 1.80279123E-03-1.04815266E-03 0.00000000E+00
 1  2 0.00000000E+00 4.70281556E-05 0.00000000E+00 0.00000000E+00 4.16908734E-06
 1  3 0.00000000E+00 0.00000000E+00-9.22088515E-05-3.13713469E-05 2.79423253E-05
 1  4 3.42902168E-06 0.00000000E+00 0.00000000E+00 0.00000000E+00-4.41112616E-06
 1  5-4.30595888E-05 1.48093002E-04 6.10739348E-06 0.00000000E+00-9.14721341E-06
 1  6 5.70629153E-05 0.00000000E+00-1.18431078E-05-5.17958716E-06 6.06010610E-06
 1  7-8.80518937E-07 0.00000000E+00 1.08025836E-05 0.00000000E+00-4.41112616E-06
 1  8-4.30595888E-05 1.48093002E-04-6.10739348E-06 0.00000000E+00-9.14721341E-06
 1  9-5.70629153E-05 0.00000000E+00-1.18431078E-05-5.17958716E-06 6.06010610E-06
 1 10-8.80518937E-07 0.00000000E+00-1.08025836E-05 0.00000000E+00
 2  1-7.74396390E-05-1.00357057E-03-2.10752602E-03 5.17196562E-03 0.00000000E+00
 2  2 0.00000000E+00-4.61707082E-05 0.00000000E+00 0.00000000E+00 3.36220245E-05
 2  3 0.00000000E+00 0.00000000E+00 2.26013450E-03 1.02644677E-03-8.79955214E-04
 2  4-1.46491553E-04 0.00000000E+00 0.00000000E+00 0.00000000E+00 7.03209956E-01
 2  5 2.45350755E-02-9.11734283E-03 6.72132552E-04 0.00000000E+00-2.80660676E-04
 2  6-1.91297166E-03 0.00000000E+00 6.47420479E-04-2.03275267E-04 1.44686502E-04
 2  7 5.85887649E-05 0.00000000E+00 1.47176143E-04 0.00000000E+00 7.03209956E-01
 2  8 2.45350755E-02-9.11734283E-03-6.72132552E-04 0.00000000E+00-2.80660676E-04
 2  9 1.91297166E-03 0.00000000E+00 6.47420479E-04-2.03275267E-04 1.44686502E-04
 2 10 5.85887649E-05 0.00000000E+00-1.47176143E-04 0.00000000E+00
 3  1 0.00000000E+00 0.00000000E+00 0.00000000E+00 0.00000000E+00 7.20902873E-05
 3  2 0.00000000E+00 0.00000000E+00-3.31642510E-05 0.00000000E+00 0.00000000E+00
 3  3-3.79610131E-03 0.00000000E+00 0.00000000E+00 0.00000000E+00 0.00000000E+00
 3  4 0.00000000E+00 0.00000000E+00-1.26496870E-03 0.00000000E+00 7.03212399E-01
 3  5 2.45508326E-02-9.32221587E-03 5.39446805E-04 0.00000000E+00-4.25094910E-04
 3  6-1.40575118E-03 0.00000000E+00 1.26113354E-03-7.60851425E-05 1.18916294E-04
 3  7-4.28311518E-05 0.00000000E+00 1.79027045E-04 0.00000000E+00-7.03212399E-01
 3  8-2.45508326E-02 9.32221587E-03 5.39446805E-04 0.00000000E+00 4.25094910E-04
 3  9-1.40575118E-03 0.00000000E+00-1.26113354E-03 7.60851425E-05-1.18916294E-04
 3 10 4.28311518E-05 0.00000000E+00 1.79027045E-04 0.00000000E+00
 4  1-2.74131135E-01 1.03971906E+00 4.06066748E-02-1.33540414E-02 0.00000000E+00
 4  2 0.00000000E+00 6.51849204E-03 0.00000000E+00 0.00000000E+00 3.32242901E-04
 4  3 0.00000000E+00 0.00000000E+00-8.70292383E-04-8.77340120E-05 1.14821824E-04
 4  4-2.70878120E-05 0.00000000E+00 0.00000000E+00 0.00000000E+00-2.49650564E-05
 4  5-2.32347028E-04 1.24728108E-03 5.78674993E-05 0.00000000E+00-8.13213366E-05
 4  6 3.41645999E-04 0.00000000E+00-2.31586723E-06-1.73442431E-04 1.54613751E-04
 4  7 1.88286795E-05 0.00000000E+00 2.45146315E-04 0.00000000E+00-2.49650564E-05
 4  8-2.32347028E-04 1.24728108E-03-5.78674993E-05 0.00000000E+00-8.13213366E-05
 4  9-3.41645999E-04 0.00000000E+00-2.31586723E-06-1.73442431E-04 1.54613751E-04
 4 10 1.88286795E-05 0.00000000E+00-2.45146315E-04 0.00000000E+00
 5  1 0.00000000E+00 0.00000000E+00 0.00000000E+00 0.00000000E+00 9.96910608E-01
 5  2 0.00000000E+00 0.00000000E+00 8.85808363E-03 0.00000000E+00 0.00000000E+00
 5  3-4.60928688E-05 0.00000000E+00 0.00000000E+00 0.00000000E+00 0.00000000E+00
 5  4 0.00000000E+00 0.00000000E+00 3.11307398E-04 0.00000000E+00-5.87522579E-07
 5  5-2.06128978E-05 1.15399537E-04 4.29068393E-05 0.00000000E+00-2.48745712E-05
 5  6 4.02811347E-05 0.00000000E+00-3.81617680E-05 9.10871145E-06-1.33963439E-05
 5  7 4.28763248E-06 0.00000000E+00-2.58619042E-05 0.00000000E+00 5.87522579E-07
 5  8 2.06128978E-05-1.15399537E-04 4.29068393E-05 0.00000000E+00 2.48745712E-05
 5  9 4.02811347E-05 0.00000000E+00 3.81617680E-05-9.10871145E-06 1.33963439E-05
 5 10-4.28763248E-06 0.00000000E+00-2.58619042E-05 0.00000000E+00
 6  1 1.74367305E-03-6.84610939E-03-4.43988286E-04 1.58159545E-04 0.00000000E+00
 6  2 0.00000000E+00 9.96931302E-01 0.00000000E+00 0.00000000E+00 8.74325142E-03
 6  3 0.00000000E+00 0.00000000E+00-1.34202248E-04-1.51079904E-04-1.50706966E-04
 6  4 3.01786871E-04 0.00000000E+00 0.00000000E+00 0.00000000E+00-2.30474674E-06
 6  5-2.10633703E-05-8.01231219E-06-2.80460164E-05 0.00000000E+00 2.84302586E-05
 6  6-4.18990939E-06 0.00000000E+00-5.69899491E-05-1.80880731E-05-2.15757408E-06
 6  7 2.02456471E-05 0.00000000E+00-1.84140279E-05 0.00000000E+00-2.30474674E-06
 6  8-2.10633703E-05-8.01231219E-06 2.80460164E-05 0.00000000E+00 2.84302586E-05
 6  9 4.18990939E-06 0.00000000E+00-5.69899491E-05-1.80880731E-05-2.15757408E-06
 6 10 2.02456471E-05 0.00000000E+00 1.84140279E-05 0.00000000E+00
 7  1 0.00000000E+00 0.00000000E+00 0.00000000E+00 0.00000000E+00 0.00000000E+00
 7  2 9.96948582E-01 0.00000000E+00 0.00000000E+00 8.76538745E-03 0.00000000E+00
 7  3 0.00000000E+00-1.63294859E-04 0.00000000E+00 0.00000000E+00 0.00000000E+00
 7  4 0.00000000E+00 0.00000000E+00 0.00000000E+00 2.58404627E-04 0.00000000E+00
 7  5 0.00000000E+00 0.00000000E+00 0.00000000E+00 5.75267277E-06 0.00000000E+00
 7  6 0.00000000E+00-3.81042907E-05 0.00000000E+00 0.00000000E+00 0.00000000E+00
 7  7 0.00000000E+00-2.46660223E-05 0.00000000E+00 1.35737706E-05 0.00000000E+00
 7  8 0.00000000E+00 0.00000000E+00 0.00000000E+00 5.75267277E-06 0.00000000E+00
 7  9 0.00000000E+00-3.81042907E-05 0.00000000E+00 0.00000000E+00 0.00000000E+00
 7 10 0.00000000E+00 2.46660223E-05 0.00000000E+00 1.35737706E-05
 8  1 3.28850419E-02-9.92509468E-02 1.90976654E-01 1.76160612E-01 0.00000000E+00
 8  2 0.00000000E+00-2.41761058E-02 0.00000000E+00 0.00000000E+00 5.03872801E-02
 8  3 0.00000000E+00 0.00000000E+00 1.56278606E-02 1.84111358E-02-1.46914373E-02
 8  4-3.71969844E-03 0.00000000E+00 0.00000000E+00 0.00000000E+00-1.43648337E-01
 8  5 2.91350238E-01 3.67416938E-01 4.32186306E-02 0.00000000E+00-2.48555961E-02
 8  6 2.37263456E-02 0.00000000E+00-1.53163285E-02 5.38527014E-03-2.22016046E-03
 8  7-3.16510968E-03 0.00000000E+00-6.62815582E-03 0.00000000E+00-1.43648337E-01
 8  8 2.91350238E-01 3.67416938E-01-4.32186306E-02 0.00000000E+00-2.48555961E-02
 8  9-2.37263456E-02 0.00000000E+00-1.53163285E-02 5.38527014E-03-2.22016046E-03
 8 10-3.16510968E-03 0.00000000E+00 6.62815582E-03 0.00000000E+00
 9  1 0.00000000E+00 0.00000000E+00 0.00000000E+00 0.00000000E+00 4.53928922E-02
 9  2 0.00000000E+00 0.00000000E+00-9.38986524E-02 0.00000000E+00 0.00000000E+00
 9  3-3.19741351E-02 0.00000000E+00 0.00000000E+00 0.00000000E+00 0.00000000E+00
 9  4 0.00000000E+00 0.00000000E+00-2.35221075E-02 0.00000000E+00-1.58311343E-01
 9  5 3.22681955E-01 4.11653034E-01 3.45029498E-02 0.00000000E+00-2.19464679E-02
 9  6 2.17226361E-02 0.00000000E+00-1.36325829E-02 4.65217436E-03-1.45762710E-03
 9  7-3.19454726E-03 0.00000000E+00-6.04089079E-03 0.00000000E+00 1.58311343E-01
 9  8-3.22681955E-01-4.11653034E-01 3.45029498E-02 0.00000000E+00 2.19464679E-02
 9  9 2.17226361E-02 0.00000000E+00 1.36325829E-02-4.65217436E-03 1.45762710E-03
 9 10 3.19454726E-03 0.00000000E+00-6.04089079E-03 0.00000000E+00
10  1 8.03413126E-02-2.32576830E-01 4.94227381E-01 4.78274237E-01 0.00000000E+00
10  2 0.00000000E+00 8.70971871E-03 0.00000000E+00 0.00000000E+00-1.63715269E-02
10  3 0.00000000E+00 0.00000000E+00-2.03077452E-02-3.95376352E-03 3.84137030E-03
10  4 1.12393225E-04 0.00000000E+00 0.00000000E+00 0.00000000E+00 7.62116438E-02
10  5-1.61107889E-01-2.26515142E-01 5.87514188E-02 0.00000000E+00-3.33788769E-02
10  6 2.81942254E-02 0.00000000E+00-1.38052360E-02 2.80865163E-03-3.38863633E-03
10  7 5.79984694E-04 0.00000000E+00-3.23508263E-03 0.00000000E+00 7.62116438E-02
10  8-1.61107889E-01-2.26515142E-01-5.87514188E-02 0.00000000E+00-3.33788769E-02
10  9-2.81942254E-02 0.00000000E+00-1.38052360E-02 2.80865163E-03-3.38863633E-03
10 10 5.79984694E-04 0.00000000E+00 3.23508263E-03 0.00000000E+00
11  1 0.00000000E+00 0.00000000E+00 0.00000000E+00 0.00000000E+00-1.90553383E-01
11  2 0.00000000E+00 0.00000000E+00 4.49132763E-01 0.00000000E+00 0.00000000E+00
11  3 2.07213487E-01 0.00000000E+00 0.00000000E+00 0.00000000E+00 0.00000000E+00
11  4 0.00000000E+00 0.00000000E+00 2.94219796E-02 0.00000000E+00-3.89484642E-02
11  5 8.64559999E-02 1.42622476E-01-2.75422905E-01 0.00000000E+00 1.96710538E-01
11  6-1.73554563E-01 0.00000000E+00 1.25439974E-01-6.11759785E-03 7.12382366E-03
11  7-1.00622581E-03 0.00000000E+00 1.10788409E-02 0.00000000E+00 3.89484642E-02
11  8-8.64559999E-02-1.42622476E-01-2.75422905E-01 0.00000000E+00-1.96710538E-01
11  9-1.73554563E-01 0.00000000E+00-1.25439974E-01 6.11759785E-03-7.12382366E-03
11 10 1.00622581E-03 0.00000000E+00 1.10788409E-02 0.00000000E+00
12  1-1.09162579E-02 4.09832934E-02-5.75909658E-02-1.53599237E-01 0.00000000E+00
12  2 0.00000000E+00-2.14122689E-01 0.00000000E+00 0.00000000E+00 5.05611194E-01
12  3 0.00000000E+00 0.00000000E+00 3.10342879E-01 9.81921852E-03-1.83420069E-02
12  4 8.52278834E-03 0.00000000E+00 0.00000000E+00 0.00000000E+00 1.98380268E-02
12  5-4.34217712E-02-7.87388601E-02 2.92060769E-01 0.00000000E+00 4.10188566E-04
12  6 1.88285398E-01 0.00000000E+00-1.13929960E-03 1.02152596E-02-4.64759336E-03
12  7-5.56766620E-03 0.00000000E+00-3.17469191E-03 0.00000000E+00 1.98380268E-02
12  8-4.34217712E-02-7.87388601E-02-2.92060769E-01 0.00000000E+00 4.10188566E-04
12  9-1.88285398E-01 0.00000000E+00-1.13929960E-03 1.02152596E-02-4.64759336E-03
12 10-5.56766620E-03 0.00000000E+00 3.17469191E-03 0.00000000E+00
13  1 0.00000000E+00 0.00000000E+00 0.00000000E+00 0.00000000E+00 0.00000000E+00
13  2-2.19718044E-01 0.00000000E+00 0.00000000E+00 5.19959708E-01 0.00000000E+00
13  3 0.00000000E+00 3.66273969E-01 0.00000000E+00 0.00000000E+00 0.00000000E+00
13  4 0.00000000E+00 0.00000000E+00 0.00000000E+00 1.58248195E-02 0.00000000E+00
13  5 0.00000000E+00 0.00000000E+00 0.00000000E+00 2.69253669E-01 0.00000000E+00
13  6 0.00000000E+00 1.71860477E-01 0.00000000E+00 0.00000000E+00 0.00000000E+00
13  7 0.00000000E+00 8.31245780E-03 0.00000000E+00-4.96046434E-03 0.00000000E+00
13  8 0.00000000E+00 0.00000000E+00 0.00000000E+00 2.69253669E-01 0.00000000E+00
13  9 0.00000000E+00 1.71860477E-01 0.00000000E+00 0.00000000E+00 0.00000000E+00
13 10 0.00000000E+00-8.31245780E-03 0.00000000E+00-4.96046434E-03
14  1 0.00000000E+00 0.00000000E+00 0.00000000E+00 0.00000000E+00 0.00000000E+00
14  2 0.00000000E+00 0.00000000E+00 0.00000000E+00 0.00000000E+00 0.00000000E+00
14  3 0.00000000E+00 0.00000000E+00 0.00000000E+00 0.00000000E+00 0.00000000E+00
14  4 0.00000000E+00-4.83053457E-02 0.00000000E+00 0.00000000E+00 0.00000000E+00
14  5 0.00000000E+00 0.00000000E+00 0.00000000E+00 4.81233965E-01 0.00000000E+00
14  6 0.00000000E+00 3.34998201E-01 0.00000000E+00 0.00000000E+00 0.00000000E+00
14  7 0.00000000E+00 7.16113906E-03 0.00000000E+00-4.73118584E-03 0.00000000E+00
14  8 0.00000000E+00 0.00000000E+00 0.00000000E+00-4.81233965E-01 0.00000000E+00
14  9 0.00000000E+00-3.34998201E-01 0.00000000E+00 0.00000000E+00 0.00000000E+00
14 10 0.00000000E+00 7.16113906E-03 0.00000000E+00 4.73118584E-03
15  1 1.22284918E-02-4.24075421E-02 7.04765838E-02 1.64560136E-01 0.00000000E+00
15  2 0.00000000E+00 1.62581128E-02 0.00000000E+00 0.00000000E+00-4.36826868E-02
15  3 0.00000000E+00 0.00000000E+00 3.13197366E-02-6.83638478E-02 2.50937657E-02
15  4 4.32700821E-02 0.00000000E+00 0.00000000E+00 0.00000000E+00-9.83648538E-04
15  5 7.98849021E-03-1.80870731E-02-4.34348826E-03 0.00000000E+00 4.76273554E-01
15  6-1.09519659E-02 0.00000000E+00 3.39203932E-01 2.69418546E-03 2.78855011E-03
15  7-5.48273557E-03 0.00000000E+00 7.41348325E-03 0.00000000E+00-9.83648538E-04
15  8 7.98849021E-03-1.80870731E-02 4.34348826E-03 0.00000000E+00 4.76273554E-01
15  9 1.09519659E-02 0.00000000E+00 3.39203932E-01 2.69418546E-03 2.78855011E-03
15 10-5.48273557E-03 0.00000000E+00-7.41348325E-03 0.00000000E+00
16  1 0.00000000E+00 0.00000000E+00 0.00000000E+00 0.00000000E+00-2.26828449E-02
16  2 0.00000000E+00 0.00000000E+00 4.82903821E-02 0.00000000E+00 0.00000000E+00
16  3 1.06431691E-01 0.00000000E+00 0.00000000E+00 0.00000000E+00 0.00000000E+00
16  4 0.00000000E+00 0.00000000E+00-4.45057344E-02 0.00000000E+00-3.03627215E-03
16  5 1.04741823E-03 3.56877595E-02 3.21112858E-01 0.00000000E+00 3.55046138E-01
16  6 2.32489314E-01 0.00000000E+00 2.36689299E-01 7.40450690E-03-7.08018630E-04
16  7-6.69648827E-03 0.00000000E+00 1.89456973E-03 0.00000000E+00 3.03627215E-03
16  8-1.04741823E-03-3.56877595E-02 3.21112858E-01 0.00000000E+00-3.55046138E-01
16  9 2.32489314E-01 0.00000000E+00-2.36689299E-01-7.40450690E-03 7.08018630E-04
16 10 6.69648827E-03 0.00000000E+00 1.89456973E-03 0.00000000E+00
17  1 0.00000000E+00 0.00000000E+00 0.00000000E+00 0.00000000E+00 0.00000000E+00
17  2-1.84553416E-01 0.00000000E+00 0.00000000E+00 4.55205342E-01 0.00000000E+00
17  3 0.00000000E+00 3.10330173E-01 0.00000000E+00 0.00000000E+00 0.00000000E+00
17  4 0.00000000E+00 0.00000000E+00 0.00000000E+00-2.37267315E-02 0.00000000E+00
17  5 0.00000000E+00 0.00000000E+00 0.00000000E+00-4.09823092E-01 0.00000000E+00
17  6 0.00000000E+00-2.88695421E-01 0.00000000E+00 0.00000000E+00 0.00000000E+00
17  7 0.00000000E+00-9.14998095E-04 0.00000000E+00 7.76058090E-04 0.00000000E+00
17  8 0.00000000E+00 0.00000000E+00 0.00000000E+00-4.09823092E-01 0.00000000E+00
17  9 0.00000000E+00-2.88695421E-01 0.00000000E+00 0.00000000E+00 0.00000000E+00
17 10 0.00000000E+00 9.14998095E-04 0.00000000E+00 7.76058090E-04
18  1 2.17944196E-02-5.22608295E-02 1.58504553E-01 1.96121102E-01 0.00000000E+00
18  2 0.00000000E+00-1.95814675E-01 0.00000000E+00 0.00000000E+00 4.88916642E-01
18  3 0.00000000E+00 0.00000000E+00 4.09988283E-01-4.64452298E-02 5.31094692E-02
18  4-6.66423942E-03 0.00000000E+00 0.00000000E+00 0.00000000E+00 1.88209070E-02
18  5-3.83553075E-02-1.13266355E-01-4.04304246E-01 0.00000000E+00-5.18147742E-03
18  6-3.07387393E-01 0.00000000E+00 2.07579323E-03 2.20044895E-03-3.39352483E-05
18  7-2.16651370E-03 0.00000000E+00 1.65579912E-03 0.00000000E+00 1.88209070E-02
18  8-3.83553075E-02-1.13266355E-01 4.04304246E-01 0.00000000E+00-5.18147742E-03
18  9 3.07387393E-01 0.00000000E+00 2.07579323E-03 2.20044895E-03-3.39352483E-05
18 10-2.16651370E-03 0.00000000E+00-1.65579912E-03 0.00000000E+00
19  1 0.00000000E+00 0.00000000E+00 0.00000000E+00 0.00000000E+00-2.28091053E-01
19  2 0.00000000E+00 0.00000000E+00 5.73001304E-01 0.00000000E+00 0.00000000E+00
19  3 5.60765161E-01 0.00000000E+00 0.00000000E+00 0.00000000E+00 0.00000000E+00
19  4 0.00000000E+00 0.00000000E+00-9.11701131E-02 0.00000000E+00-2.96064137E-02
19  5 5.61272346E-02 2.01729832E-01 2.35176019E-01 0.00000000E+00-2.87683585E-01
19  6 2.10776788E-01 0.00000000E+00-2.28866694E-01 1.26634321E-03 1.40148117E-03
19  7-2.66782438E-03 0.00000000E+00 2.87114592E-03 0.00000000E+00 2.96064137E-02
19  8-5.61272346E-02-2.01729832E-01 2.35176019E-01 0.00000000E+00 2.87683585E-01
19  9 2.10776788E-01 0.00000000E+00 2.28866694E-01-1.26634321E-03-1.40148117E-03
19 10 2.66782438E-03 0.00000000E+00 2.87114592E-03 0.00000000E+00
20  1 0.00000000E+00 0.00000000E+00 0.00000000E+00 0.00000000E+00 2.48087755E-01
20  2 0.00000000E+00 0.00000000E+00-9.84103820E-01 0.00000000E+00 0.00000000E+00
20  3 1.39170964E+00 0.00000000E+00 0.00000000E+00 0.00000000E+00 0.00000000E+00
20  4 0.00000000E+00 0.00000000E+00-3.07340794E-01 0.00000000E+00-1.70988538E-02
20  5-2.75330432E-02 3.89684789E-01-2.10649722E-01 0.00000000E+00-9.46765056E-03
20  6 2.33137466E-01 0.00000000E+00-1.47852195E-01 3.58050645E-02-2.19170404E-02
20  7-1.38880242E-02 0.00000000E+00-2.92165122E-02 0.00000000E+00 1.70988538E-02
20  8 2.75330432E-02-3.89684789E-01-2.10649722E-01 0.00000000E+00 9.46765056E-03
20  9 2.33137466E-01 0.00000000E+00 1.47852195E-01-3.58050645E-02 2.19170404E-02
20 10 1.38880242E-02 0.00000000E+00-2.92165122E-02 0.00000000E+00
21  1 1.61823147E-02 9.07353820E-03 1.86577257E-01-3.63579605E-02 0.00000000E+00
21  2 0.00000000E+00 2.83190167E-01 0.00000000E+00 0.00000000E+00-1.09683820E+00
21  3 0.00000000E+00 0.00000000E+00 1.25053117E+00-1.01740558E-01 1.51512634E-01
21  4-4.97720759E-02 0.00000000E+00 0.00000000E+00 0.00000000E+00 8.64752092E-03
21  5 1.29023136E-02-1.96812528E-01 2.80409772E-02 0.00000000E+00-1.48502689E-01
21  6-1.49845675E-01 0.00000000E+00 3.90275919E-02-1.06711476E-02 1.22250381E-02
21  7-1.55389052E-03 0.00000000E+00 1.91095710E-02 0.00000000E+00 8.64752092E-03
21  8 1.29023136E-02-1.96812528E-01-2.80409772E-02 0.00000000E+00-1.48502689E-01
21  9 1.49845675E-01 0.00000000E+00 3.90275919E-02-1.06711476E-02 1.22250381E-02
21 10-1.55389052E-03 0.00000000E+00-1.91095710E-02 0.00000000E+00
22  1 0.00000000E+00 0.00000000E+00 0.00000000E+00 0.00000000E+00 0.00000000E+00
22  2 2.99365354E-01 0.00000000E+00 0.00000000E+00-1.15020767E+00 0.00000000E+00
22  3 0.00000000E+00 1.19449827E+00 0.00000000E+00 0.00000000E+00 0.00000000E+00
22  4 0.00000000E+00 0.00000000E+00 0.00000000E+00-7.03276281E-02 0.00000000E+00
22  5 0.00000000E+00 0.00000000E+00 0.00000000E+00-1.12376216E-01 0.00000000E+00
22  6 0.00000000E+00-4.49337102E-02 0.00000000E+00 0.00000000E+00 0.00000000E+00
22  7 0.00000000E+00 1.45228930E-03 0.00000000E+00-1.27910361E-03 0.00000000E+00
22  8 0.00000000E+00 0.00000000E+00 0.00000000E+00-1.12376216E-01 0.00000000E+00
22  9 0.00000000E+00-4.49337102E-02 0.00000000E+00 0.00000000E+00 0.00000000E+00
22 10 0.00000000E+00-1.45228930E-03 0.00000000E+00-1.27910361E-03
23  1-9.80355542E-02-3.52997734E-01-1.51509139E+00 1.76044522E+00 0.00000000E+00
23  2 0.00000000E+00-1.29907656E-02 0.00000000E+00 0.00000000E+00 3.71697679E-02
23  3 0.00000000E+00 0.00000000E+00 8.47854026E-02-4.97607541E-01 3.27459490E-01
23  4 1.70148051E-01 0.00000000E+00 0.00000000E+00 0.00000000E+00 1.34928585E-02
23  5-2.38158366E-02-1.56789988E-01 1.37929580E-03 0.00000000E+00-1.43567814E-01
23  6-1.21433162E-01 0.00000000E+00 1.53776846E-01-1.08659677E-02 2.00000731E-02
23  7-9.13410541E-03 0.00000000E+00 3.61481031E-02 0.00000000E+00 1.34928585E-02
23  8-2.38158366E-02-1.56789988E-01-1.37929580E-03 0.00000000E+00-1.43567814E-01
23  9 1.21433162E-01 0.00000000E+00 1.53776846E-01-1.08659677E-02 2.00000731E-02
23 10-9.13410541E-03 0.00000000E+00-3.61481031E-02 0.00000000E+00
24  1 0.00000000E+00 0.00000000E+00 0.00000000E+00 0.00000000E+00 0.00000000E+00
24  2 0.00000000E+00 0.00000000E+00 0.00000000E+00 0.00000000E+00 0.00000000E+00
24  3 0.00000000E+00 0.00000000E+00 0.00000000E+00 0.00000000E+00 0.00000000E+00
24  4 0.00000000E+00 8.84043045E-01 0.00000000E+00 0.00000000E+00 0.00000000E+00
24  5 0.00000000E+00 0.00000000E+00 0.00000000E+00 2.85282874E-01 0.00000000E+00
24  6 0.00000000E+00-2.16562524E-01 0.00000000E+00 0.00000000E+00 0.00000000E+00
24  7 0.00000000E+00-3.12090173E-02 0.00000000E+00 2.18561276E-02 0.00000000E+00
24  8 0.00000000E+00 0.00000000E+00 0.00000000E+00-2.85282874E-01 0.00000000E+00
24  9 0.00000000E+00 2.16562524E-01 0.00000000E+00 0.00000000E+00 0.00000000E+00
24 10 0.00000000E+00-3.12090173E-02 0.00000000E+00-2.18561276E-02
25  1 2.07524138E-02 7.98725003E-02 3.27714467E-01-3.97031473E-01 0.00000000E+00
25  2 0.00000000E+00 6.14819201E-03 0.00000000E+00 0.00000000E+00-9.89273584E-03
25  3 0.00000000E+00 0.00000000E+00-8.59882598E-02-3.03822846E-01-5.98207313E-01
25  4 9.02030159E-01 0.00000000E+00 0.00000000E+00 0.00000000E+00-7.18595989E-03
25  5 3.14067785E-02 3.41917294E-02-1.05931844E-01 0.00000000E+00-1.89794813E-01
25  6 1.34708694E-01 0.00000000E+00 1.23109019E-01 2.48203249E-02-6.57935520E-03
25  7-1.82409697E-02 0.00000000E+00 1.38068512E-02 0.00000000E+00-7.18595989E-03
25  8 3.14067785E-02 3.41917294E-02 1.05931844E-01 0.00000000E+00-1.89794813E-01
25  9-1.34708694E-01 0.00000000E+00 1.23109019E-01 2.48203249E-02-6.57935520E-03
25 10-1.82409697E-02 0.00000000E+00-1.38068512E-02 0.00000000E+00
26  1 0.00000000E+00 0.00000000E+00 0.00000000E+00 0.00000000E+00 0.00000000E+00
26  2 1.18054288E-02 0.00000000E+00 0.00000000E+00-3.77055207E-02 0.00000000E+00
26  3 0.00000000E+00-1.10391956E-02 0.00000000E+00 0.00000000E+00 0.00000000E+00
26  4 0.00000000E+00 0.00000000E+00 0.00000000E+00 9.51941193E-01 0.00000000E+00
26  5 0.00000000E+00 0.00000000E+00 0.00000000E+00-1.85190008E-01 0.00000000E+00
26  6 0.00000000E+00 1.49038288E-01 0.00000000E+00 0.00000000E+00 0.00000000E+00
26  7 0.00000000E+00 2.34390852E-02 0.00000000E+00-6.03542538E-03 0.00000000E+00
26  8 0.00000000E+00 0.00000000E+00 0.00000000E+00-1.85190008E-01 0.00000000E+00
26  9 0.00000000E+00 1.49038288E-01 0.00000000E+00 0.00000000E+00 0.00000000E+00
26 10 0.00000000E+00-2.34390852E-02 0.00000000E+00-6.03542538E-03
27  1-6.54780192E-02-2.60739645E-01-1.04751442E+00 1.27583990E+00 0.00000000E+00
27  2 0.00000000E+00 6.43534282E-02 0.00000000E+00 0.00000000E+00-2.84404551E-01
27  3 0.00000000E+00 0.00000000E+00 4.89285248E-01 6.83380577E-01-6.70865991E-01
27  4-1.25145852E-02 0.00000000E+00 0.00000000E+00 0.00000000E+00 4.28823210E-02
27  5-2.67016284E-01-4.15571916E-02-9.89479243E-02 0.00000000E+00 1.08916736E-01
27  6-1.79129440E-01 0.00000000E+00 1.56382749E-02 2.65452564E-03-1.31472661E-02
27  7 1.04927404E-02 0.00000000E+00-1.78864055E-02 0.00000000E+00 4.28823210E-02
27  8-2.67016284E-01-4.15571916E-02 9.89479243E-02 0.00000000E+00 1.08916736E-01
27  9 1.79129440E-01 0.00000000E+00 1.56382749E-02 2.65452564E-03-1.31472661E-02
27 10 1.04927404E-02 0.00000000E+00 1.78864055E-02 0.00000000E+00
28  1 0.00000000E+00 0.00000000E+00 0.00000000E+00 0.00000000E+00 1.09421744E-01
28  2 0.00000000E+00 0.00000000E+00-4.79353890E-01 0.00000000E+00 0.00000000E+00
28  3 8.31917465E-01 0.00000000E+00 0.00000000E+00 0.00000000E+00 0.00000000E+00
28  4 0.00000000E+00 0.00000000E+00 8.79739360E-01 0.00000000E+00-4.31585584E-02
28  5 2.61495372E-01 7.93833066E-02 1.34061190E-01 0.00000000E+00 2.14566107E-02
28  6 1.06092223E-01 0.00000000E+00-1.91635832E-01-3.06847862E-02 1.21630589E-02
28  7 1.85217273E-02 0.00000000E+00 1.35507962E-02 0.00000000E+00 4.31585584E-02
28  8-2.61495372E-01-7.93833066E-02 1.34061190E-01 0.00000000E+00-2.14566107E-02
28  9 1.06092223E-01 0.00000000E+00 1.91635832E-01 3.06847862E-02-1.21630589E-02
28 10-1.85217273E-02 0.00000000E+00 1.35507962E-02 0.00000000E+00
29  1 0.00000000E+00 0.00000000E+00 0.00000000E+00 0.00000000E+00 6.84905377E-03
29  2 0.00000000E+00 0.00000000E+00-6.13078366E-03 0.00000000E+00 0.00000000E+00
29  3-2.73825780E-01 0.00000000E+00 0.00000000E+00 0.00000000E+00 0.00000000E+00
29  4 0.00000000E+00 0.00000000E+00 1.80713063E-01 0.00000000E+00 8.13005605E-03
29  5-7.06138579E-02-9.94849679E-03-1.78389729E-01 0.00000000E+00-6.01566445E-01
29  6 1.90707098E-01 0.00000000E+00 7.45634659E-01-1.43880246E-02 4.56754416E-03
29  7 9.82048047E-03 0.00000000E+00 1.26440401E-03 0.00000000E+00-8.13005605E-03
29  8 7.06138579E-02 9.94849679E-03-1.78389729E-01 0.00000000E+00 6.01566445E-01
29  9 1.90707098E-01 0.00000000E+00-7.45634659E-01 1.43880246E-02-4.56754416E-03
29 10-9.82048047E-03 0.00000000E+00 1.26440401E-03 0.00000000E+00
30  1 0.00000000E+00 0.00000000E+00 0.00000000E+00 0.00000000E+00 0.00000000E+00
30  2 0.00000000E+00 0.00000000E+00 0.00000000E+00 0.00000000E+00 0.00000000E+00
30  3 0.00000000E+00 0.00000000E+00 0.00000000E+00 0.00000000E+00 0.00000000E+00
30  4 0.00000000E+00 4.81057237E-01 0.00000000E+00 0.00000000E+00 0.00000000E+00
30  5 0.00000000E+00 0.00000000E+00 0.00000000E+00-5.75724087E-01 0.00000000E+00
30  6 0.00000000E+00 7.10074140E-01 0.00000000E+00 0.00000000E+00 0.00000000E+00
30  7 0.00000000E+00-2.35639170E-02 0.00000000E+00 1.59424774E-02 0.00000000E+00
30  8 0.00000000E+00 0.00000000E+00 0.00000000E+00 5.75724087E-01 0.00000000E+00
30  9 0.00000000E+00-7.10074140E-01 0.00000000E+00 0.00000000E+00 0.00000000E+00
30 10 0.00000000E+00-2.35639170E-02 0.00000000E+00-1.59424774E-02
31  1-6.54464810E-03 4.51149327E-02-1.94477199E-02-3.63005563E-01 0.00000000E+00
31  2 0.00000000E+00 2.23988728E-02 0.00000000E+00 0.00000000E+00-7.44554118E-02
31  3 0.00000000E+00 0.00000000E+00-3.02704393E-01 1.06991562E-01 1.47936700E-01
31  4-2.54928261E-01 0.00000000E+00 0.00000000E+00 0.00000000E+00-2.27330538E-02
31  5 2.34191726E-01-1.06099562E-01-5.87731778E-01 0.00000000E+00-1.14746914E-01
31  6 8.21416911E-01 0.00000000E+00 1.20660331E-01-2.71249847E-02 8.97668909E-03
31  7 1.81482956E-02 0.00000000E+00-7.69929709E-04 0.00000000E+00-2.27330538E-02
31  8 2.34191726E-01-1.06099562E-01 5.87731778E-01 0.00000000E+00-1.14746914E-01
31  9-8.21416911E-01 0.00000000E+00 1.20660331E-01-2.71249847E-02 8.97668909E-03
31 10 1.81482956E-02 0.00000000E+00 7.69929709E-04 0.00000000E+00
32  1 0.00000000E+00 0.00000000E+00 0.00000000E+00 0.00000000E+00 0.00000000E+00
32  2-3.86804750E-02 0.00000000E+00 0.00000000E+00 1.96747434E-01 0.00000000E+00
32  3 0.00000000E+00-4.74507198E-01 0.00000000E+00 0.00000000E+00 0.00000000E+00
32  4 0.00000000E+00 0.00000000E+00 0.00000000E+00-3.06135582E-01 0.00000000E+00
32  5 0.00000000E+00 0.00000000E+00 0.00000000E+00-6.03191416E-01 0.00000000E+00
32  6 0.00000000E+00 7.93007497E-01 0.00000000E+00 0.00000000E+00 0.00000000E+00
32  7 0.00000000E+00-2.29519129E-02 0.00000000E+00 9.91230724E-03 0.00000000E+00
32  8 0.00000000E+00 0.00000000E+00 0.00000000E+00-6.03191416E-01 0.00000000E+00
32  9 0.00000000E+00 7.93007497E-01 0.00000000E+00 0.00000000E+00 0.00000000E+00
32 10 0.00000000E+00 2.29519129E-02 0.00000000E+00 9.91230724E-03
33  1 0.00000000E+00 0.00000000E+00 0.00000000E+00 0.00000000E+00-1.03508154E-01
33  2 0.00000000E+00 0.00000000E+00 4.52928276E-01 0.00000000E+00 0.00000000E+00
33  3-8.60287704E-02 0.00000000E+00 0.00000000E+00 0.00000000E+00 0.00000000E+00
33  4 0.00000000E+00 0.00000000E+00 2.00623144E-01 0.00000000E+00-1.96499635E-02
33  5 2.37619586E-01-1.95695971E-01-5.65316783E-01 0.00000000E+00 1.77853989E-01
33  6 7.65195167E-01 0.00000000E+00-2.51426467E-01-3.40906006E-02 2.49521337E-02
33  7 9.13846693E-03 0.00000000E+00 3.37589652E-02 0.00000000E+00 1.96499635E-02
33  8-2.37619586E-01 1.95695971E-01-5.65316783E-01 0.00000000E+00-1.77853989E-01
33  9 7.65195167E-01 0.00000000E+00 2.51426467E-01 3.40906006E-02-2.49521337E-02
33 10-9.13846693E-03 0.00000000E+00 3.37589652E-02 0.00000000E+00
34  1 1.02511553E-02-1.09881347E-02 1.03449700E-01 1.83095678E-01 0.00000000E+00
34  2 0.00000000E+00-6.21042570E-02 0.00000000E+00 0.00000000E+00 2.88432760E-01
34  3 0.00000000E+00 0.00000000E+00-3.03192061E-01 3.74426481E-01-5.82805075E-02
34  4-3.16145974E-01 0.00000000E+00 0.00000000E+00 0.00000000E+00 1.34382463E-02
34  5-1.56435095E-01 1.37532218E-01 1.23104914E-01 0.00000000E+00-5.63547969E-01
34  6-1.86040352E-01 0.00000000E+00 7.60020709E-01 4.10880402E-03-2.09307707E-02
34  7 1.68219667E-02 0.00000000E+00-4.66027275E-02 0.00000000E+00 1.34382463E-02
34  8-1.56435095E-01 1.37532218E-01-1.23104914E-01 0.00000000E+00-5.63547969E-01
34  9 1.86040352E-01 0.00000000E+00 7.60020709E-01 4.10880402E-03-2.09307707E-02
34 10 1.68219667E-02 0.00000000E+00 4.66027275E-02 0.00000000E+00
35  1 0.00000000E+00 0.00000000E+00 0.00000000E+00 0.00000000E+00-8.56641831E-03
35  2 0.00000000E+00 0.00000000E+00-4.65655612E-02 0.00000000E+00 0.00000000E+00
35  3 9.34918081E-01 0.00000000E+00 0.00000000E+00 0.00000000E+00 0.00000000E+00
35  4 0.00000000E+00 0.00000000E+00 4.30657616E-01 0.00000000E+00 2.04346021E-02
35  5-1.10889357E+00 1.42972768E+00-1.00687047E-01 0.00000000E+00 1.15508885E-01
35  6 3.79425258E-01 0.00000000E+00-3.58038177E-01-8.47830989E-02 8.08724166E-02
35  7 3.91068223E-03 0.00000000E+00 1.34940660E-01 0.00000000E+00-2.04346021E-02
35  8 1.10889357E+00-1.42972768E+00-1.00687047E-01 0.00000000E+00-1.15508885E-01
35  9 3.79425258E-01 0.00000000E+00 3.58038177E-01 8.47830989E-02-8.08724166E-02
35 10-3.91068223E-03 0.00000000E+00 1.34940660E-01 0.00000000E+00
36  1-3.06220880E-02-2.71430684E-01-6.79319780E-01 1.38333782E+00 0.00000000E+00
36  2 0.00000000E+00-4.55950908E-03 0.00000000E+00 0.00000000E+00-2.88043424E-02
36  3 0.00000000E+00 0.00000000E+00 5.69474574E-01 3.34696973E-01-2.95755841E-01
36  4-3.89411322E-02 0.00000000E+00 0.00000000E+00 0.00000000E+00-1.92049387E-02
36  5 1.08136479E+00-1.36816884E+00 1.66986275E-01 0.00000000E+00-3.60874337E-02
36  6-5.44260291E-01 0.00000000E+00 1.64584594E-01 1.40238368E-01-9.65198976E-02
36  7-4.37184701E-02 0.00000000E+00-1.13726634E-01 0.00000000E+00-1.92049387E-02
36  8 1.08136479E+00-1.36816884E+00-1.66986275E-01 0.00000000E+00-3.60874337E-02
36  9 5.44260291E-01 0.00000000E+00 1.64584594E-01 1.40238368E-01-9.65198976E-02
36 10-4.37184701E-02 0.00000000E+00 1.13726634E-01 0.00000000E+00
37  1 0.00000000E+00 0.00000000E+00 0.00000000E+00 0.00000000E+00 0.00000000E+00
37  2 0.00000000E+00 0.00000000E+00 0.00000000E+00 0.00000000E+00 0.00000000E+00
37  3 0.00000000E+00 0.00000000E+00 0.00000000E+00 0.00000000E+00 0.00000000E+00
37  4 0.00000000E+00 1.11992123E-01 0.00000000E+00 0.00000000E+00 0.00000000E+00
37  5 0.00000000E+00 0.00000000E+00 0.00000000E+00-1.46801700E-02 0.00000000E+00
37  6 0.00000000E+00 1.85975744E-02 0.00000000E+00 0.00000000E+00 0.00000000E+00
37  7 0.00000000E+00 7.05517662E-01 0.00000000E+00-4.41472244E-02 0.00000000E+00
37  8 0.00000000E+00 0.00000000E+00 0.00000000E+00 1.46801700E-02 0.00000000E+00
37  9 0.00000000E+00-1.85975744E-02 0.00000000E+00 0.00000000E+00 0.00000000E+00
37 10 0.00000000E+00 7.05517662E-01 0.00000000E+00 4.41472244E-02
38  1 0.00000000E+00 0.00000000E+00 0.00000000E+00 0.00000000E+00-2.64847927E-03
38  2 0.00000000E+00 0.00000000E+00 2.74510685E-02 0.00000000E+00 0.00000000E+00
38  3-1.21492718E-01 0.00000000E+00 0.00000000E+00 0.00000000E+00 0.00000000E+00
38  4 0.00000000E+00 0.00000000E+00 3.37208055E-02 0.00000000E+00 1.33533615E-04
38  5 4.96010209E-02-8.45384213E-02-1.63493365E-03 0.00000000E+00-1.71546457E-02
38  6-1.53439472E-02 0.00000000E+00 3.65956385E-02 5.37868297E-01-3.46899298E-01
38  7-1.90968999E-01 0.00000000E+00 4.51025824E-01 0.00000000E+00-1.33533615E-04
38  8-4.96010209E-02 8.45384213E-02-1.63493365E-03 0.00000000E+00 1.71546457E-02
38  9-1.53439472E-02 0.00000000E+00-3.65956385E-02-5.37868297E-01 3.46899298E-01
38 10 1.90968999E-01 0.00000000E+00 4.51025824E-01 0.00000000E+00
39  1 0.00000000E+00 0.00000000E+00 0.00000000E+00 0.00000000E+00 0.00000000E+00
39  2-3.28750928E-03 0.00000000E+00 0.00000000E+00 3.97971783E-02 0.00000000E+00
39  3 0.00000000E+00-1.32310659E-01 0.00000000E+00 0.00000000E+00 0.00000000E+00
39  4 0.00000000E+00 0.00000000E+00 0.00000000E+00-8.18602622E-02 0.00000000E+00
39  5 0.00000000E+00 0.00000000E+00 0.00000000E+00-2.75970128E-02 0.00000000E+00
39  6 0.00000000E+00 5.18153045E-02 0.00000000E+00 0.00000000E+00 0.00000000E+00
39  7 0.00000000E+00 7.00425568E-01 0.00000000E+00-1.11131926E-01 0.00000000E+00
39  8 0.00000000E+00 0.00000000E+00 0.00000000E+00-2.75970128E-02 0.00000000E+00
39  9 0.00000000E+00 5.18153045E-02 0.00000000E+00 0.00000000E+00 0.00000000E+00
39 10 0.00000000E+00-7.00425568E-01 0.00000000E+00-1.11131926E-01
40  1 0.00000000E+00 0.00000000E+00 0.00000000E+00 0.00000000E+00 0.00000000E+00
40  2 1.14902059E-03 0.00000000E+00 0.00000000E+00-1.46748207E-02 0.00000000E+00
40  3 0.00000000E+00 4.93001518E-02 0.00000000E+00 0.00000000E+00 0.00000000E+00
40  4 0.00000000E+00 0.00000000E+00 0.00000000E+00 1.36237693E-02 0.00000000E+00
40  5 0.00000000E+00 0.00000000E+00 0.00000000E+00 9.77525151E-03 0.00000000E+00
40  6 0.00000000E+00-1.73578468E-02 0.00000000E+00 0.00000000E+00 0.00000000E+00
40  7 0.00000000E+00 1.09132377E-01 0.00000000E+00 6.98981563E-01 0.00000000E+00
40  8 0.00000000E+00 0.00000000E+00 0.00000000E+00 9.77525151E-03 0.00000000E+00
40  9 0.00000000E+00-1.73578468E-02 0.00000000E+00 0.00000000E+00 0.00000000E+00
40 10 0.00000000E+00-1.09132377E-01 0.00000000E+00 6.98981563E-01
41  1-6.89126953E-04-7.42461462E-03-1.70702617E-02 3.69932842E-02 0.00000000E+00
41  2 0.00000000E+00-5.01240422E-04 0.00000000E+00 0.00000000E+00-7.42914134E-04
41  3 0.00000000E+00 0.00000000E+00 1.97172860E-02 1.01150783E-02-2.56414329E-02
41  4 1.55263546E-02 0.00000000E+00 0.00000000E+00 0.00000000E+00 6.75414835E-04
41  5 1.78860827E-02-3.00578540E-02 4.29223634E-03 0.00000000E+00-2.10570060E-04
41  6-1.62526672E-02 0.00000000E+00 3.06832973E-03-1.78716708E-01 6.15691597E-01
41  7-4.36974889E-01 0.00000000E+00-3.13896349E-01 0.00000000E+00 6.75414835E-04
41  8 1.78860827E-02-3.00578540E-02-4.29223634E-03 0.00000000E+00-2.10570060E-04
41  9 1.62526672E-02 0.00000000E+00 3.06832973E-03-1.78716708E-01 6.15691597E-01
41 10-4.36974889E-01 0.00000000E+00 3.13896349E-01 0.00000000E+00
42  1 0.00000000E+00 0.00000000E+00 0.00000000E+00 0.00000000E+00-4.15735551E-03
42  2 0.00000000E+00 0.00000000E+00-2.48726424E-04 0.00000000E+00 0.00000000E+00
42  3 1.01334354E-01 0.00000000E+00 0.00000000E+00 0.00000000E+00 0.00000000E+00
42  4 0.00000000E+00 0.00000000E+00-2.78450374E-03 0.00000000E+00-7.66918727E-04
42  5-5.41512343E-02 8.99816067E-02-6.06723350E-03 0.00000000E+00 1.55796945E-02
42  6 2.91043645E-02 0.00000000E+00-3.56992380E-02-1.38844561E-01-5.30694265E-01
42  7 6.69538826E-01 0.00000000E+00 2.62687520E-02 0.00000000E+00 7.66918727E-04
42  8 5.41512343E-02-8.99816067E-02-6.06723350E-03 0.00000000E+00-1.55796945E-02
42  9 2.91043645E-02 0.00000000E+00 3.56992380E-02 1.38844561E-01 5.30694265E-01
42 10-6.69538826E-01 0.00000000E+00 2.62687520E-02 0.00000000E+00
43  1 0.00000000E+00 0.00000000E+00 0.00000000E+00 0.00000000E+00 0.00000000E+00
43  2 0.00000000E+00 0.00000000E+00 0.00000000E+00 0.00000000E+00 0.00000000E+00
43  3 0.00000000E+00 0.00000000E+00 0.00000000E+00 0.00000000E+00 0.00000000E+00
43  4 0.00000000E+00-6.61980063E-02 0.00000000E+00 0.00000000E+00 0.00000000E+00
43  5 0.00000000E+00 0.00000000E+00 0.00000000E+00 8.16317982E-03 0.00000000E+00
43  6 0.00000000E+00-1.05127705E-02 0.00000000E+00 0.00000000E+00 0.00000000E+00
43  7 0.00000000E+00 4.44545217E-02 0.00000000E+00 7.05602709E-01 0.00000000E+00
43  8 0.00000000E+00 0.00000000E+00 0.00000000E+00-8.16317982E-03 0.00000000E+00
43  9 0.00000000E+00 1.05127705E-02 0.00000000E+00 0.00000000E+00 0.00000000E+00
43 10 0.00000000E+00 4.44545217E-02 0.00000000E+00-7.05602709E-01
44  1-3.60856164E-03-3.21605024E-02-8.05730207E-02 1.61305038E-01 0.00000000E+00
44  2 0.00000000E+00 3.03939663E-03 0.00000000E+00 0.00000000E+00-4.36403798E-02
44  3 0.00000000E+00 0.00000000E+00 1.93636439E-01-8.26872278E-02-3.31719514E-02
44  4 1.15859179E-01 0.00000000E+00 0.00000000E+00 0.00000000E+00 9.27373018E-05
44  5 8.37509610E-02-1.33893943E-01 3.16495922E-02 0.00000000E+00 2.33058340E-02
44  6-9.03509276E-02 0.00000000E+00-3.04647303E-02-5.23605346E-01-2.53869883E-02
44  7 5.48992335E-01 0.00000000E+00-3.43103006E-01 0.00000000E+00 9.27373018E-05
44  8 8.37509610E-02-1.33893943E-01-3.16495922E-02 0.00000000E+00 2.33058340E-02
44  9 9.03509276E-02 0.00000000E+00-3.04647303E-02-5.23605346E-01-2.53869883E-02
44 10 5.48992335E-01 0.00000000E+00 3.43103006E-01 0.00000000E+00
45  1-6.97700223E-03-1.51812649E-01-2.74133139E-01 7.32991041E-01 0.00000000E+00
45  2 0.00000000E+00-4.09312590E-02 0.00000000E+00 0.00000000E+00 1.16211406E-01
45  3 0.00000000E+00 0.00000000E+00 2.29735848E-01 3.27435425E-01-2.68373401E-01
45  4-5.90620245E-02 0.00000000E+00 0.00000000E+00 0.00000000E+00 1.65788081E-03
45  5 3.62128235E-01-5.24877332E-01 9.88359176E-02 0.00000000E+00-4.60773368E-02
45  6-3.15864000E-01 0.00000000E+00 1.45532816E-01-4.31593530E-01 3.40350094E-01
45  7 9.12434361E-02 0.00000000E+00 5.29273684E-01 0.00000000E+00 1.65788081E-03
45  8 3.62128235E-01-5.24877332E-01-9.88359176E-02 0.00000000E+00-4.60773368E-02
45  9 3.15864000E-01 0.00000000E+00 1.45532816E-01-4.31593530E-01 3.40350094E-01
45 10 9.12434361E-02 0.00000000E+00-5.29273684E-01 0.00000000E+00
46  1 0.00000000E+00 0.00000000E+00 0.00000000E+00 0.00000000E+00 6.93234325E-02
46  2 0.00000000E+00 0.00000000E+00-2.01509267E-01 0.00000000E+00 0.00000000E+00
46  3-3.21509891E-01 0.00000000E+00 0.00000000E+00 0.00000000E+00 0.00000000E+00
46  4 0.00000000E+00 0.00000000E+00-3.70345840E-01 0.00000000E+00 1.48945103E-03
46  5 3.18354025E-01-4.63936961E-01 7.77382797E-02 0.00000000E+00-5.23430848E-02
46  6-2.43423253E-01 0.00000000E+00 1.67380541E-01-4.36006421E-01 3.09157066E-01
46  7 1.26849355E-01 0.00000000E+00 5.37744188E-01 0.00000000E+00-1.48945103E-03
46  8-3.18354025E-01 4.63936961E-01 7.77382797E-02 0.00000000E+00 5.23430848E-02
46  9-2.43423253E-01 0.00000000E+00-1.67380541E-01 4.36006421E-01-3.09157066E-01
46 10-1.26849355E-01 0.00000000E+00 5.37744188E-01 0.00000000E+00
 $END   
 POPULATION ANALYSIS
S           15.37496   0.62504  15.38314   0.61686
O            8.31252  -0.31252   8.30843  -0.30843
O            8.31252  -0.31252   8.30843  -0.30843
 MOMENTS AT POINT    1 X,Y,Z=  0.000000  0.000000  0.000000
 DIPOLE       0.000000  0.000000 -2.226055
