 $DATA  
Title                                                                           
CNV      2

S          16.0      0.0000000000      0.0000000000     -0.4751318168
   PC1     0
        
O           8.0      1.6454482672      0.0000000000      0.4748681832
   PC1     0
        
 $END      
 $ZMAT   IZMAT(1)=
         1,   3,   1,
         1,   2,   1,
         2,   2,   1,   3,
 $END
--- CLOSED SHELL ORBITALS --- GENERATED AT Thu Feb 26 00:21:49 2015
Title                                                                           
E(R-PBE)=     -548.1185100384, E(NUC)=   81.5908926066,   28 ITERS
 $VEC   
 1  1 1.00297774E+00-1.02628988E-02 1.79321267E-03-1.02680633E-03 0.00000000E+00
 1  2 0.00000000E+00 5.23340596E-05 0.00000000E+00 0.00000000E+00 3.48445024E-06
 1  3 0.00000000E+00 0.00000000E+00-8.52991848E-05-2.29993422E-05 2.19891568E-05
 1  4 1.01018539E-06 0.00000000E+00 0.00000000E+00 0.00000000E+00-3.08600469E-06
 1  5-2.97729762E-05 1.36002715E-04 7.82911446E-06 0.00000000E+00-1.01761539E-05
 1  6 3.67898117E-05 0.00000000E+00 7.08202910E-07-1.74731527E-05 1.59082584E-05
 1  7 1.56489425E-06 0.00000000E+00 2.56378195E-05 0.00000000E+00-3.08600469E-06
 1  8-2.97729762E-05 1.36002715E-04-7.82911446E-06 0.00000000E+00-1.01761539E-05
 1  9-3.67898117E-05 0.00000000E+00 7.08202910E-07-1.74731527E-05 1.59082584E-05
 1 10 1.56489425E-06 0.00000000E+00-2.56378195E-05 0.00000000E+00
 2  1-7.52977288E-05-1.07983489E-03-2.14784236E-03 6.14861841E-03 0.00000000E+00
 2  2 0.00000000E+00-6.96261125E-05 0.00000000E+00 0.00000000E+00 2.26913185E-04
 2  3 0.00000000E+00 0.00000000E+00 2.62455989E-03 1.13457017E-03-9.96060619E-04
 2  4-1.38509549E-04 0.00000000E+00 0.00000000E+00 0.00000000E+00 7.03229459E-01
 2  5 2.48233360E-02-9.82130266E-03 7.53564534E-04 0.00000000E+00-3.07242094E-04
 2  6-2.32374698E-03 0.00000000E+00 7.74946450E-04-2.59058361E-04 1.81717032E-04
 2  7 7.73413286E-05 0.00000000E+00 1.96075994E-04 0.00000000E+00 7.03229459E-01
 2  8 2.48233360E-02-9.82130266E-03-7.53564534E-04 0.00000000E+00-3.07242094E-04
 2  9 2.32374698E-03 0.00000000E+00 7.74946450E-04-2.59058361E-04 1.81717032E-04
 2 10 7.73413286E-05 0.00000000E+00-1.96075994E-04 0.00000000E+00
 3  1 0.00000000E+00 0.00000000E+00 0.00000000E+00 0.00000000E+00 1.05916557E-04
 3  2 0.00000000E+00 0.00000000E+00-3.54316120E-04 0.00000000E+00 0.00000000E+00
 3  3-4.16830347E-03 0.00000000E+00 0.00000000E+00 0.00000000E+00 0.00000000E+00
 3  4 0.00000000E+00 0.00000000E+00-1.34728747E-03 0.00000000E+00 7.03226222E-01
 3  5 2.47652757E-02-9.86321446E-03 5.97306189E-04 0.00000000E+00-4.67596870E-04
 3  6-1.60454619E-03 0.00000000E+00 1.45358405E-03-1.07501071E-04 1.45957582E-04
 3  7-3.84565111E-05 0.00000000E+00 2.24619300E-04 0.00000000E+00-7.03226222E-01
 3  8-2.47652757E-02 9.86321446E-03 5.97306189E-04 0.00000000E+00 4.67596870E-04
 3  9-1.60454619E-03 0.00000000E+00-1.45358405E-03 1.07501071E-04-1.45957582E-04
 3 10 3.84565111E-05 0.00000000E+00 2.24619300E-04 0.00000000E+00
 4  1-2.74130946E-01 1.03965153E+00 4.05073438E-02-1.30584710E-02 0.00000000E+00
 4  2 0.00000000E+00 7.34649567E-03 0.00000000E+00 0.00000000E+00 4.15348007E-04
 4  3 0.00000000E+00 0.00000000E+00-8.03513075E-04 3.63881073E-05 4.22557300E-05
 4  4-7.86438373E-05 0.00000000E+00 0.00000000E+00 0.00000000E+00-5.83992297E-06
 4  5-1.30657700E-04 1.09998997E-03 1.90951250E-05 0.00000000E+00-5.93188179E-05
 4  6 1.27923780E-04 0.00000000E+00 1.30201886E-04-2.97675324E-04 2.55096524E-04
 4  7 4.25787997E-05 0.00000000E+00 3.96679851E-04 0.00000000E+00-5.83992297E-06
 4  8-1.30657700E-04 1.09998997E-03-1.90951250E-05 0.00000000E+00-5.93188179E-05
 4  9-1.27923780E-04 0.00000000E+00 1.30201886E-04-2.97675324E-04 2.55096524E-04
 4 10 4.25787997E-05 0.00000000E+00-3.96679851E-04 0.00000000E+00
 5  1 0.00000000E+00 0.00000000E+00 0.00000000E+00 0.00000000E+00 9.96898901E-01
 5  2 0.00000000E+00 0.00000000E+00 8.88864965E-03 0.00000000E+00 0.00000000E+00
 5  3-7.61377906E-05 0.00000000E+00 0.00000000E+00 0.00000000E+00 0.00000000E+00
 5  4 0.00000000E+00 0.00000000E+00 3.78052332E-04 0.00000000E+00 1.29689643E-05
 5  5 1.71438716E-05 6.65249507E-05 3.82000029E-05 0.00000000E+00-2.59988904E-05
 5  6 7.85673252E-06 0.00000000E+00-9.23425367E-06-2.93376772E-05 2.04488993E-05
 5  7 8.88877786E-06 0.00000000E+00 2.66710344E-05 0.00000000E+00-1.29689643E-05
 5  8-1.71438716E-05-6.65249507E-05 3.82000029E-05 0.00000000E+00 2.59988904E-05
 5  9 7.85673252E-06 0.00000000E+00 9.23425367E-06 2.93376772E-05-2.04488993E-05
 5 10-8.88877786E-06 0.00000000E+00 2.66710344E-05 0.00000000E+00
 6  1 0.00000000E+00 0.00000000E+00 0.00000000E+00 0.00000000E+00 0.00000000E+00
 6  2 9.96942772E-01 0.00000000E+00 0.00000000E+00 8.78195289E-03 0.00000000E+00
 6  3 0.00000000E+00-1.60332720E-04 0.00000000E+00 0.00000000E+00 0.00000000E+00
 6  4 0.00000000E+00 0.00000000E+00 0.00000000E+00 3.11460009E-04 0.00000000E+00
 6  5 0.00000000E+00 0.00000000E+00 0.00000000E+00 3.71840843E-06 0.00000000E+00
 6  6 0.00000000E+00-4.31680085E-05 0.00000000E+00 0.00000000E+00 0.00000000E+00
 6  7 0.00000000E+00-2.61038088E-05 0.00000000E+00 1.36506080E-05 0.00000000E+00
 6  8 0.00000000E+00 0.00000000E+00 0.00000000E+00 3.71840843E-06 0.00000000E+00
 6  9 0.00000000E+00-4.31680085E-05 0.00000000E+00 0.00000000E+00 0.00000000E+00
 6 10 0.00000000E+00 2.61038088E-05 0.00000000E+00 1.36506080E-05
 7  1 1.97801092E-03-7.72301816E-03-4.10354616E-04 6.58969111E-05 0.00000000E+00
 7  2 0.00000000E+00 9.96933068E-01 0.00000000E+00 0.00000000E+00 8.71415659E-03
 7  3 0.00000000E+00 0.00000000E+00-1.46075018E-04-1.97046151E-04-1.72247315E-04
 7  4 3.69293466E-04 0.00000000E+00 0.00000000E+00 0.00000000E+00-1.22342538E-05
 7  5-5.94447372E-05 6.09943097E-05-2.47015982E-05 0.00000000E+00 2.45654979E-05
 7  6 4.05305138E-05 0.00000000E+00-8.97989276E-05 1.33215480E-05-2.88372294E-05
 7  7 1.55156814E-05 0.00000000E+00-6.11556037E-05 0.00000000E+00-1.22342538E-05
 7  8-5.94447372E-05 6.09943097E-05 2.47015982E-05 0.00000000E+00 2.45654979E-05
 7  9-4.05305138E-05 0.00000000E+00-8.97989276E-05 1.33215480E-05-2.88372294E-05
 7 10 1.55156814E-05 0.00000000E+00 6.11556037E-05 0.00000000E+00
 8  1 3.74611837E-02-1.11073654E-01 2.19729546E-01 1.83238492E-01 0.00000000E+00
 8  2 0.00000000E+00-2.98710748E-02 0.00000000E+00 0.00000000E+00 6.17861962E-02
 8  3 0.00000000E+00 0.00000000E+00 1.38609182E-02 2.24042709E-02-1.77440880E-02
 8  4-4.66018289E-03 0.00000000E+00 0.00000000E+00 0.00000000E+00-1.38235665E-01
 8  5 2.78594773E-01 3.50151381E-01 5.41218543E-02 0.00000000E+00-3.06140971E-02
 8  6 2.93054536E-02 0.00000000E+00-1.76845454E-02 6.41531959E-03-3.13194867E-03
 8  7-3.28337092E-03 0.00000000E+00-7.67870506E-03 0.00000000E+00-1.38235665E-01
 8  8 2.78594773E-01 3.50151381E-01-5.41218543E-02 0.00000000E+00-3.06140971E-02
 8  9-2.93054536E-02 0.00000000E+00-1.76845454E-02 6.41531959E-03-3.13194867E-03
 8 10-3.28337092E-03 0.00000000E+00 7.67870506E-03 0.00000000E+00
 9  1 0.00000000E+00 0.00000000E+00 0.00000000E+00 0.00000000E+00 5.74411547E-02
 9  2 0.00000000E+00 0.00000000E+00-1.17750390E-01 0.00000000E+00 0.00000000E+00
 9  3-3.20036758E-02 0.00000000E+00 0.00000000E+00 0.00000000E+00 0.00000000E+00
 9  4 0.00000000E+00 0.00000000E+00-2.98923765E-02 0.00000000E+00-1.56394300E-01
 9  5 3.17769712E-01 4.05278754E-01 4.39388421E-02 0.00000000E+00-2.76354465E-02
 9  6 2.60177126E-02 0.00000000E+00-1.67248502E-02 4.99717547E-03-1.94333032E-03
 9  7-3.05384514E-03 0.00000000E+00-6.77139701E-03 0.00000000E+00 1.56394300E-01
 9  8-3.17769712E-01-4.05278754E-01 4.39388421E-02 0.00000000E+00 2.76354465E-02
 9  9 2.60177126E-02 0.00000000E+00 1.67248502E-02-4.99717547E-03 1.94333032E-03
 9 10 3.05384514E-03 0.00000000E+00-6.77139701E-03 0.00000000E+00
10  1 7.79529563E-02-2.24109123E-01 4.82701204E-01 4.61848646E-01 0.00000000E+00
10  2 0.00000000E+00 1.27237194E-02 0.00000000E+00 0.00000000E+00-2.41006974E-02
10  3 0.00000000E+00 0.00000000E+00-2.64509103E-02-5.91401636E-03 6.17033923E-03
10  4-2.56322867E-04 0.00000000E+00 0.00000000E+00 0.00000000E+00 8.52792200E-02
10  5-1.79448087E-01-2.57318534E-01 6.87207590E-02 0.00000000E+00-3.98475063E-02
10  6 3.25219577E-02 0.00000000E+00-1.59879209E-02 3.36502536E-03-3.93936517E-03
10  7 5.74339806E-04 0.00000000E+00-3.92499322E-03 0.00000000E+00 8.52792200E-02
10  8-1.79448087E-01-2.57318534E-01-6.87207590E-02 0.00000000E+00-3.98475063E-02
10  9-3.25219577E-02 0.00000000E+00-1.59879209E-02 3.36502536E-03-3.93936517E-03
10 10 5.74339806E-04 0.00000000E+00 3.92499322E-03 0.00000000E+00
11  1 0.00000000E+00 0.00000000E+00 0.00000000E+00 0.00000000E+00-1.88646623E-01
11  2 0.00000000E+00 0.00000000E+00 4.44753848E-01 0.00000000E+00 0.00000000E+00
11  3 1.79752799E-01 0.00000000E+00 0.00000000E+00 0.00000000E+00 0.00000000E+00
11  4 0.00000000E+00 0.00000000E+00 3.36867930E-02 0.00000000E+00-4.50224070E-02
11  5 9.72539152E-02 1.63847124E-01-2.77890111E-01 0.00000000E+00 2.03943657E-01
11  6-1.72265875E-01 0.00000000E+00 1.29166882E-01-6.06458516E-03 7.53264210E-03
11  7-1.46805695E-03 0.00000000E+00 1.19434506E-02 0.00000000E+00 4.50224070E-02
11  8-9.72539152E-02-1.63847124E-01-2.77890111E-01 0.00000000E+00-2.03943657E-01
11  9-1.72265875E-01 0.00000000E+00-1.29166882E-01 6.06458516E-03-7.53264210E-03
11 10 1.46805695E-03 0.00000000E+00 1.19434506E-02 0.00000000E+00
12  1-1.10771277E-02 4.46527332E-02-5.39722097E-02-1.77881053E-01 0.00000000E+00
12  2 0.00000000E+00-2.14004972E-01 0.00000000E+00 0.00000000E+00 5.04826205E-01
12  3 0.00000000E+00 0.00000000E+00 2.96498731E-01 6.00994588E-03-2.03476845E-02
12  4 1.43377386E-02 0.00000000E+00 0.00000000E+00 0.00000000E+00 2.18194913E-02
12  5-4.65878812E-02-8.58976526E-02 2.91355455E-01 0.00000000E+00 2.20060677E-02
12  6 1.88129948E-01 0.00000000E+00 1.29112042E-02 1.20991050E-02-4.98780980E-03
12  7-7.11129524E-03 0.00000000E+00-2.51118148E-03 0.00000000E+00 2.18194913E-02
12  8-4.65878812E-02-8.58976526E-02-2.91355455E-01 0.00000000E+00 2.20060677E-02
12  9-1.88129948E-01 0.00000000E+00 1.29112042E-02 1.20991050E-02-4.98780980E-03
12 10-7.11129524E-03 0.00000000E+00 2.51118148E-03 0.00000000E+00
13  1 0.00000000E+00 0.00000000E+00 0.00000000E+00 0.00000000E+00 0.00000000E+00
13  2-2.16637662E-01 0.00000000E+00 0.00000000E+00 5.12084786E-01 0.00000000E+00
13  3 0.00000000E+00 3.51667208E-01 0.00000000E+00 0.00000000E+00 0.00000000E+00
13  4 0.00000000E+00 0.00000000E+00 0.00000000E+00 2.08232240E-02 0.00000000E+00
13  5 0.00000000E+00 0.00000000E+00 0.00000000E+00 2.74520185E-01 0.00000000E+00
13  6 0.00000000E+00 1.73595193E-01 0.00000000E+00 0.00000000E+00 0.00000000E+00
13  7 0.00000000E+00 1.02447060E-02 0.00000000E+00-6.00345650E-03 0.00000000E+00
13  8 0.00000000E+00 0.00000000E+00 0.00000000E+00 2.74520185E-01 0.00000000E+00
13  9 0.00000000E+00 1.73595193E-01 0.00000000E+00 0.00000000E+00 0.00000000E+00
13 10 0.00000000E+00-1.02447060E-02 0.00000000E+00-6.00345650E-03
14  1 0.00000000E+00 0.00000000E+00 0.00000000E+00 0.00000000E+00 0.00000000E+00
14  2 0.00000000E+00 0.00000000E+00 0.00000000E+00 0.00000000E+00 0.00000000E+00
14  3 0.00000000E+00 0.00000000E+00 0.00000000E+00 0.00000000E+00 0.00000000E+00
14  4 0.00000000E+00-5.97455011E-02 0.00000000E+00 0.00000000E+00 0.00000000E+00
14  5 0.00000000E+00 0.00000000E+00 0.00000000E+00 4.78233469E-01 0.00000000E+00
14  6 0.00000000E+00 3.36102487E-01 0.00000000E+00 0.00000000E+00 0.00000000E+00
14  7 0.00000000E+00 9.05137219E-03 0.00000000E+00-5.90329019E-03 0.00000000E+00
14  8 0.00000000E+00 0.00000000E+00 0.00000000E+00-4.78233469E-01 0.00000000E+00
14  9 0.00000000E+00-3.36102487E-01 0.00000000E+00 0.00000000E+00 0.00000000E+00
14 10 0.00000000E+00 9.05137219E-03 0.00000000E+00 5.90329019E-03
15  1 0.00000000E+00 0.00000000E+00 0.00000000E+00 0.00000000E+00-2.09041161E-02
15  2 0.00000000E+00 0.00000000E+00 4.38724677E-02 0.00000000E+00 0.00000000E+00
15  3 1.13674761E-01 0.00000000E+00 0.00000000E+00 0.00000000E+00 0.00000000E+00
15  4 0.00000000E+00 0.00000000E+00-5.40863594E-02 0.00000000E+00-2.86293943E-03
15  5 6.62270705E-04 3.95451127E-02 3.22819932E-01 0.00000000E+00 3.51257084E-01
15  6 2.33623851E-01 0.00000000E+00 2.35024365E-01 8.95328141E-03-7.32266741E-04
15  7-8.22101467E-03 0.00000000E+00 2.62645078E-03 0.00000000E+00 2.86293943E-03
15  8-6.62270705E-04-3.95451127E-02 3.22819932E-01 0.00000000E+00-3.51257084E-01
15  9 2.33623851E-01 0.00000000E+00-2.35024365E-01-8.95328141E-03 7.32266741E-04
15 10 8.22101467E-03 0.00000000E+00 2.62645078E-03 0.00000000E+00
16  1 1.34204794E-02-5.06032927E-02 7.18069346E-02 2.11516367E-01 0.00000000E+00
16  2 0.00000000E+00 3.12785671E-02 0.00000000E+00 0.00000000E+00-7.95116903E-02
16  3 0.00000000E+00 0.00000000E+00 1.19712499E-02-8.20964161E-02 3.01134362E-02
16  4 5.19829800E-02 0.00000000E+00 0.00000000E+00 0.00000000E+00-1.47782486E-03
16  5 8.66777035E-03-1.96896493E-02-1.36839020E-02 0.00000000E+00 4.72424800E-01
16  6-1.70449344E-02 0.00000000E+00 3.39279299E-01 3.12203051E-03 3.27413698E-03
16  7-6.39616749E-03 0.00000000E+00 8.88136784E-03 0.00000000E+00-1.47782486E-03
16  8 8.66777035E-03-1.96896493E-02 1.36839020E-02 0.00000000E+00 4.72424800E-01
16  9 1.70449344E-02 0.00000000E+00 3.39279299E-01 3.12203051E-03 3.27413698E-03
16 10-6.39616749E-03 0.00000000E+00-8.88136784E-03 0.00000000E+00
17  1 0.00000000E+00 0.00000000E+00 0.00000000E+00 0.00000000E+00 0.00000000E+00
17  2-1.90199568E-01 0.00000000E+00 0.00000000E+00 4.71081859E-01 0.00000000E+00
17  3 0.00000000E+00 3.29424322E-01 0.00000000E+00 0.00000000E+00 0.00000000E+00
17  4 0.00000000E+00 0.00000000E+00 0.00000000E+00-2.89134231E-02 0.00000000E+00
17  5 0.00000000E+00 0.00000000E+00 0.00000000E+00-4.06030922E-01 0.00000000E+00
17  6 0.00000000E+00-2.92513067E-01 0.00000000E+00 0.00000000E+00 0.00000000E+00
17  7 0.00000000E+00-1.12340689E-03 0.00000000E+00 7.67691140E-04 0.00000000E+00
17  8 0.00000000E+00 0.00000000E+00 0.00000000E+00-4.06030922E-01 0.00000000E+00
17  9 0.00000000E+00-2.92513067E-01 0.00000000E+00 0.00000000E+00 0.00000000E+00
17 10 0.00000000E+00 1.12340689E-03 0.00000000E+00 7.67691140E-04
18  1 2.42901889E-02-6.24039675E-02 1.71699173E-01 2.63230349E-01 0.00000000E+00
18  2 0.00000000E+00-1.94716830E-01 0.00000000E+00 0.00000000E+00 4.90333239E-01
18  3 0.00000000E+00 0.00000000E+00 4.44789069E-01-6.07110960E-02 6.85405520E-02
18  4-7.82945607E-03 0.00000000E+00 0.00000000E+00 0.00000000E+00 2.32838860E-02
18  5-4.63531798E-02-1.48123779E-01-4.04622184E-01 0.00000000E+00-3.03308266E-03
18  6-3.21266815E-01 0.00000000E+00 4.12517805E-03 2.38331779E-03 4.50809594E-04
18  7-2.83412738E-03 0.00000000E+00 2.44261858E-03 0.00000000E+00 2.32838860E-02
18  8-4.63531798E-02-1.48123779E-01 4.04622184E-01 0.00000000E+00-3.03308266E-03
18  9 3.21266815E-01 0.00000000E+00 4.12517805E-03 2.38331779E-03 4.50809594E-04
18 10-2.83412738E-03 0.00000000E+00-2.44261858E-03 0.00000000E+00
19  1 0.00000000E+00 0.00000000E+00 0.00000000E+00 0.00000000E+00-2.26968358E-01
19  2 0.00000000E+00 0.00000000E+00 5.74213935E-01 0.00000000E+00 0.00000000E+00
19  3 6.31979296E-01 0.00000000E+00 0.00000000E+00 0.00000000E+00 0.00000000E+00
19  4 0.00000000E+00 0.00000000E+00-1.13802902E-01 0.00000000E+00-3.43383155E-02
19  5 6.27597867E-02 2.52860792E-01 2.19807040E-01 0.00000000E+00-2.89865582E-01
19  6 2.12017643E-01 0.00000000E+00-2.41061718E-01 2.51925530E-03 1.22862799E-03
19  7-3.74788329E-03 0.00000000E+00 2.79679365E-03 0.00000000E+00 3.43383155E-02
19  8-6.27597867E-02-2.52860792E-01 2.19807040E-01 0.00000000E+00 2.89865582E-01
19  9 2.12017643E-01 0.00000000E+00 2.41061718E-01-2.51925530E-03-1.22862799E-03
19 10 3.74788329E-03 0.00000000E+00 2.79679365E-03 0.00000000E+00
20  1 0.00000000E+00 0.00000000E+00 0.00000000E+00 0.00000000E+00 2.58470266E-01
20  2 0.00000000E+00 0.00000000E+00-1.01315027E+00 0.00000000E+00 0.00000000E+00
20  3 1.44266386E+00 0.00000000E+00 0.00000000E+00 0.00000000E+00 0.00000000E+00
20  4 0.00000000E+00 0.00000000E+00-2.33232609E-01 0.00000000E+00-1.58486550E-02
20  5-3.02843608E-02 4.27683356E-01-2.20203994E-01 0.00000000E+00 4.71501256E-03
20  6 1.95252067E-01 0.00000000E+00-1.49767419E-01 3.45263353E-02-2.23607734E-02
20  7-1.21655619E-02 0.00000000E+00-3.12850444E-02 0.00000000E+00 1.58486550E-02
20  8 3.02843608E-02-4.27683356E-01-2.20203994E-01 0.00000000E+00-4.71501256E-03
20  9 1.95252067E-01 0.00000000E+00 1.49767419E-01-3.45263353E-02 2.23607734E-02
20 10 1.21655619E-02 0.00000000E+00-3.12850444E-02 0.00000000E+00
21  1 9.39267975E-03-1.68304148E-02 8.05174491E-02 1.11293797E-01 0.00000000E+00
21  2 0.00000000E+00 2.84200001E-01 0.00000000E+00 0.00000000E+00-1.10204516E+00
21  3 0.00000000E+00 0.00000000E+00 1.29552697E+00-4.94113170E-02 1.56747124E-01
21  4-1.07335807E-01 0.00000000E+00 0.00000000E+00 0.00000000E+00 1.00856705E-02
21  5 8.57635915E-03-2.31144955E-01 4.35757129E-02 0.00000000E+00-1.35208040E-01
21  6-1.67054599E-01 0.00000000E+00 1.45488675E-02-1.66202122E-02 1.38647969E-02
21  7 2.75541531E-03 0.00000000E+00 1.72628177E-02 0.00000000E+00 1.00856705E-02
21  8 8.57635915E-03-2.31144955E-01-4.35757129E-02 0.00000000E+00-1.35208040E-01
21  9 1.67054599E-01 0.00000000E+00 1.45488675E-02-1.66202122E-02 1.38647969E-02
21 10 2.75541531E-03 0.00000000E+00-1.72628177E-02 0.00000000E+00
22  1 0.00000000E+00 0.00000000E+00 0.00000000E+00 0.00000000E+00 0.00000000E+00
22  2 2.97548625E-01 0.00000000E+00 0.00000000E+00-1.14696839E+00 0.00000000E+00
22  3 0.00000000E+00 1.21060947E+00 0.00000000E+00 0.00000000E+00 0.00000000E+00
22  4 0.00000000E+00 0.00000000E+00 0.00000000E+00-1.11145127E-01 0.00000000E+00
22  5 0.00000000E+00 0.00000000E+00 0.00000000E+00-9.91113351E-02 0.00000000E+00
22  6 0.00000000E+00-6.90203301E-02 0.00000000E+00 0.00000000E+00 0.00000000E+00
22  7 0.00000000E+00-3.89687192E-03 0.00000000E+00 1.15445097E-03 0.00000000E+00
22  8 0.00000000E+00 0.00000000E+00 0.00000000E+00-9.91113351E-02 0.00000000E+00
22  9 0.00000000E+00-6.90203301E-02 0.00000000E+00 0.00000000E+00 0.00000000E+00
22 10 0.00000000E+00 3.89687192E-03 0.00000000E+00 1.15445097E-03
23  1-1.01685229E-01-3.67954100E-01-1.57309621E+00 1.85600617E+00 0.00000000E+00
23  2 0.00000000E+00-1.79607663E-02 0.00000000E+00 0.00000000E+00 5.71515903E-02
23  3 0.00000000E+00 0.00000000E+00 8.83555227E-02-4.39554415E-01 3.08140044E-01
23  4 1.31414371E-01 0.00000000E+00 0.00000000E+00 0.00000000E+00 1.40596305E-02
23  5-2.78609447E-02-1.85426575E-01 1.21733350E-02 0.00000000E+00-1.41196255E-01
23  6-1.29402740E-01 0.00000000E+00 1.38935000E-01-1.38340085E-02 2.32713284E-02
23  7-9.43731993E-03 0.00000000E+00 4.02474635E-02 0.00000000E+00 1.40596305E-02
23  8-2.78609447E-02-1.85426575E-01-1.21733350E-02 0.00000000E+00-1.41196255E-01
23  9 1.29402740E-01 0.00000000E+00 1.38935000E-01-1.38340085E-02 2.32713284E-02
23 10-9.43731993E-03 0.00000000E+00-4.02474635E-02 0.00000000E+00
24  1 0.00000000E+00 0.00000000E+00 0.00000000E+00 0.00000000E+00 0.00000000E+00
24  2 0.00000000E+00 0.00000000E+00 0.00000000E+00 0.00000000E+00 0.00000000E+00
24  3 0.00000000E+00 0.00000000E+00 0.00000000E+00 0.00000000E+00 0.00000000E+00
24  4 0.00000000E+00 8.75588456E-01 0.00000000E+00 0.00000000E+00 0.00000000E+00
24  5 0.00000000E+00 0.00000000E+00 0.00000000E+00 2.99463633E-01 0.00000000E+00
24  6 0.00000000E+00-2.05092958E-01 0.00000000E+00 0.00000000E+00 0.00000000E+00
24  7 0.00000000E+00-3.68116691E-02 0.00000000E+00 2.67478219E-02 0.00000000E+00
24  8 0.00000000E+00 0.00000000E+00 0.00000000E+00-2.99463633E-01 0.00000000E+00
24  9 0.00000000E+00 2.05092958E-01 0.00000000E+00 0.00000000E+00 0.00000000E+00
24 10 0.00000000E+00-3.68116691E-02 0.00000000E+00-2.67478219E-02
25  1 1.74921999E-02 6.77699996E-02 2.76660319E-01-3.42976953E-01 0.00000000E+00
25  2 0.00000000E+00 2.73919446E-02 0.00000000E+00 0.00000000E+00-9.37746747E-02
25  3 0.00000000E+00 0.00000000E+00-4.45692007E-03-3.21393725E-01-5.71173266E-01
25  4 8.92566991E-01 0.00000000E+00 0.00000000E+00 0.00000000E+00-6.29975075E-03
25  5 2.67458540E-02 2.85421908E-02-1.18011406E-01 0.00000000E+00-2.16648835E-01
25  6 1.28808720E-01 0.00000000E+00 1.26090173E-01 2.92123708E-02-7.71502918E-03
25  7-2.14973416E-02 0.00000000E+00 1.91395544E-02 0.00000000E+00-6.29975075E-03
25  8 2.67458540E-02 2.85421908E-02 1.18011406E-01 0.00000000E+00-2.16648835E-01
25  9-1.28808720E-01 0.00000000E+00 1.26090173E-01 2.92123708E-02-7.71502918E-03
25 10-2.14973416E-02 0.00000000E+00-1.91395544E-02 0.00000000E+00
26  1 0.00000000E+00 0.00000000E+00 0.00000000E+00 0.00000000E+00 0.00000000E+00
26  2 2.63496565E-02 0.00000000E+00 0.00000000E+00-9.46107737E-02 0.00000000E+00
26  3 0.00000000E+00 4.22954381E-02 0.00000000E+00 0.00000000E+00 0.00000000E+00
26  4 0.00000000E+00 0.00000000E+00 0.00000000E+00 9.42181107E-01 0.00000000E+00
26  5 0.00000000E+00 0.00000000E+00 0.00000000E+00-2.02674004E-01 0.00000000E+00
26  6 0.00000000E+00 1.44579928E-01 0.00000000E+00 0.00000000E+00 0.00000000E+00
26  7 0.00000000E+00 2.86830708E-02 0.00000000E+00-5.92166795E-03 0.00000000E+00
26  8 0.00000000E+00 0.00000000E+00 0.00000000E+00-2.02674004E-01 0.00000000E+00
26  9 0.00000000E+00 1.44579928E-01 0.00000000E+00 0.00000000E+00 0.00000000E+00
26 10 0.00000000E+00-2.86830708E-02 0.00000000E+00-5.92166795E-03
27  1 0.00000000E+00 0.00000000E+00 0.00000000E+00 0.00000000E+00 6.68087767E-02
27  2 0.00000000E+00 0.00000000E+00-3.13033003E-01 0.00000000E+00 0.00000000E+00
27  3 8.14620186E-01 0.00000000E+00 0.00000000E+00 0.00000000E+00 0.00000000E+00
27  4 0.00000000E+00 0.00000000E+00 9.26376131E-01 0.00000000E+00-4.87206817E-02
27  5 2.73464814E-01 1.21805734E-01 9.61861508E-02 0.00000000E+00 7.65625154E-02
27  6 1.99526793E-01 0.00000000E+00-2.73330264E-01-3.71339352E-02 1.19499817E-02
27  7 2.51839534E-02 0.00000000E+00 1.23736787E-02 0.00000000E+00 4.87206817E-02
27  8-2.73464814E-01-1.21805734E-01 9.61861508E-02 0.00000000E+00-7.65625154E-02
27  9 1.99526793E-01 0.00000000E+00 2.73330264E-01 3.71339352E-02-1.19499817E-02
27 10-2.51839534E-02 0.00000000E+00 1.23736787E-02 0.00000000E+00
28  1-5.94192144E-02-2.67869332E-01-9.90038779E-01 1.36082095E+00 0.00000000E+00
28  2 0.00000000E+00 3.53415859E-02 0.00000000E+00 0.00000000E+00-1.74272629E-01
28  3 0.00000000E+00 0.00000000E+00 4.83294509E-01 7.35845825E-01-7.26046441E-01
28  4-9.79938343E-03 0.00000000E+00 0.00000000E+00 0.00000000E+00 4.90609652E-02
28  5-2.85214165E-01-9.12500124E-02-2.74229607E-02 0.00000000E+00 1.02501328E-01
28  6-3.08144139E-01 0.00000000E+00 5.72020003E-02-3.51628787E-03-1.32028021E-02
28  7 1.67190900E-02 0.00000000E+00-1.68835329E-02 0.00000000E+00 4.90609652E-02
28  8-2.85214165E-01-9.12500124E-02 2.74229607E-02 0.00000000E+00 1.02501328E-01
28  9 3.08144139E-01 0.00000000E+00 5.72020003E-02-3.51628787E-03-1.32028021E-02
28 10 1.67190900E-02 0.00000000E+00 1.68835329E-02 0.00000000E+00
29  1 0.00000000E+00 0.00000000E+00 0.00000000E+00 0.00000000E+00 1.42948422E-02
29  2 0.00000000E+00 0.00000000E+00-4.88526891E-02 0.00000000E+00 0.00000000E+00
29  3-2.39001807E-01 0.00000000E+00 0.00000000E+00 0.00000000E+00 0.00000000E+00
29  4 0.00000000E+00 0.00000000E+00 2.42083365E-01 0.00000000E+00 5.75968312E-03
29  5-5.79304479E-02-1.03460482E-02-1.59937919E-01 0.00000000E+00-6.02839335E-01
29  6 1.93755252E-01 0.00000000E+00 7.44979291E-01-1.95559390E-02 5.23666351E-03
29  7 1.43192754E-02 0.00000000E+00 9.71493502E-06 0.00000000E+00-5.75968312E-03
29  8 5.79304479E-02 1.03460482E-02-1.59937919E-01 0.00000000E+00 6.02839335E-01
29  9 1.93755252E-01 0.00000000E+00-7.44979291E-01 1.95559390E-02-5.23666351E-03
29 10-1.43192754E-02 0.00000000E+00 9.71493502E-06 0.00000000E+00
30  1 0.00000000E+00 0.00000000E+00 0.00000000E+00 0.00000000E+00 0.00000000E+00
30  2 0.00000000E+00 0.00000000E+00 0.00000000E+00 0.00000000E+00 0.00000000E+00
30  3 0.00000000E+00 0.00000000E+00 0.00000000E+00 0.00000000E+00 0.00000000E+00
30  4 0.00000000E+00 4.97693927E-01 0.00000000E+00 0.00000000E+00 0.00000000E+00
30  5 0.00000000E+00 0.00000000E+00 0.00000000E+00-5.71642987E-01 0.00000000E+00
30  6 0.00000000E+00 7.19826738E-01 0.00000000E+00 0.00000000E+00 0.00000000E+00
30  7 0.00000000E+00-3.08398821E-02 0.00000000E+00 2.12950565E-02 0.00000000E+00
30  8 0.00000000E+00 0.00000000E+00 0.00000000E+00 5.71642987E-01 0.00000000E+00
30  9 0.00000000E+00-7.19826738E-01 0.00000000E+00 0.00000000E+00 0.00000000E+00
30 10 0.00000000E+00-3.08398821E-02 0.00000000E+00-2.12950565E-02
31  1-1.76758795E-02 6.82002719E-04-2.01970595E-01-2.67952280E-01 0.00000000E+00
31  2 0.00000000E+00 4.06510415E-02 0.00000000E+00 0.00000000E+00-1.78892594E-01
31  3 0.00000000E+00 0.00000000E+00-1.95228560E-01 1.38089188E-01 6.94467196E-02
31  4-2.07535908E-01 0.00000000E+00 0.00000000E+00 0.00000000E+00-2.04705156E-02
31  5 2.02776162E-01-8.96605889E-02-6.06059424E-01 0.00000000E+00 2.08100384E-02
31  6 8.35929676E-01 0.00000000E+00-4.01849696E-02-3.26605679E-02 1.20079527E-02
31  7 2.06526152E-02 0.00000000E+00 4.84009874E-03 0.00000000E+00-2.04705156E-02
31  8 2.02776162E-01-8.96605889E-02 6.06059424E-01 0.00000000E+00 2.08100384E-02
31  9-8.35929676E-01 0.00000000E+00-4.01849696E-02-3.26605679E-02 1.20079527E-02
31 10 2.06526152E-02 0.00000000E+00-4.84009874E-03 0.00000000E+00
32  1 0.00000000E+00 0.00000000E+00 0.00000000E+00 0.00000000E+00 0.00000000E+00
32  2-3.43738176E-02 0.00000000E+00 0.00000000E+00 1.79452246E-01 0.00000000E+00
32  3 0.00000000E+00-5.05005319E-01 0.00000000E+00 0.00000000E+00 0.00000000E+00
32  4 0.00000000E+00 0.00000000E+00 0.00000000E+00-3.25089138E-01 0.00000000E+00
32  5 0.00000000E+00 0.00000000E+00 0.00000000E+00-6.01321312E-01 0.00000000E+00
32  6 0.00000000E+00 8.11362417E-01 0.00000000E+00 0.00000000E+00 0.00000000E+00
32  7 0.00000000E+00-2.82722898E-02 0.00000000E+00 1.13989853E-02 0.00000000E+00
32  8 0.00000000E+00 0.00000000E+00 0.00000000E+00-6.01321312E-01 0.00000000E+00
32  9 0.00000000E+00 8.11362417E-01 0.00000000E+00 0.00000000E+00 0.00000000E+00
32 10 0.00000000E+00 2.82722898E-02 0.00000000E+00 1.13989853E-02
33  1 0.00000000E+00 0.00000000E+00 0.00000000E+00 0.00000000E+00-1.08637290E-01
33  2 0.00000000E+00 0.00000000E+00 5.16453898E-01 0.00000000E+00 0.00000000E+00
33  3-1.83266208E-01 0.00000000E+00 0.00000000E+00 0.00000000E+00 0.00000000E+00
33  4 0.00000000E+00 0.00000000E+00 7.30715086E-02 0.00000000E+00-1.54573989E-02
33  5 1.78894051E-01-1.66838005E-01-5.82420565E-01 0.00000000E+00 1.59803439E-01
33  6 7.80737089E-01 0.00000000E+00-2.22734681E-01-3.12522216E-02 2.54448732E-02
33  7 5.80734844E-03 0.00000000E+00 3.41500709E-02 0.00000000E+00 1.54573989E-02
33  8-1.78894051E-01 1.66838005E-01-5.82420565E-01 0.00000000E+00-1.59803439E-01
33  9 7.80737089E-01 0.00000000E+00 2.22734681E-01 3.12522216E-02-2.54448732E-02
33 10-5.80734844E-03 0.00000000E+00 3.41500709E-02 0.00000000E+00
34  1 1.20394387E-02 1.68445894E-02 1.59164242E-01 7.29425922E-02 0.00000000E+00
34  2 0.00000000E+00-5.51689720E-02 0.00000000E+00 0.00000000E+00 2.74585317E-01
34  3 0.00000000E+00 0.00000000E+00-3.97710463E-01 3.65774386E-01 1.30120006E-02
34  4-3.78786387E-01 0.00000000E+00 0.00000000E+00 0.00000000E+00 7.71578040E-03
34  5-7.55786994E-02 8.89336683E-02 2.41894906E-03 0.00000000E+00-5.73525070E-01
34  6-1.83394989E-02 0.00000000E+00 7.90529106E-01-4.85677970E-03-1.94607024E-02
34  7 2.43174821E-02 0.00000000E+00-5.15689027E-02 0.00000000E+00 7.71578040E-03
34  8-7.55786994E-02 8.89336683E-02-2.41894906E-03 0.00000000E+00-5.73525070E-01
34  9 1.83394989E-02 0.00000000E+00 7.90529106E-01-4.85677970E-03-1.94607024E-02
34 10 2.43174821E-02 0.00000000E+00 5.15689027E-02 0.00000000E+00
35  1 0.00000000E+00 0.00000000E+00 0.00000000E+00 0.00000000E+00-1.65622023E-02
35  2 0.00000000E+00 0.00000000E+00 1.44825625E-02 0.00000000E+00 0.00000000E+00
35  3 9.85648963E-01 0.00000000E+00 0.00000000E+00 0.00000000E+00 0.00000000E+00
35  4 0.00000000E+00 0.00000000E+00 4.22788043E-01 0.00000000E+00 1.69145668E-02
35  5-1.12551761E+00 1.51049059E+00-7.96409511E-02 0.00000000E+00 1.08346612E-01
35  6 3.81440330E-01 0.00000000E+00-3.76555773E-01-9.60007732E-02 8.87411222E-02
35  7 7.25965095E-03 0.00000000E+00 1.48397549E-01 0.00000000E+00-1.69145668E-02
35  8 1.12551761E+00-1.51049059E+00-7.96409511E-02 0.00000000E+00-1.08346612E-01
35  9 3.81440330E-01 0.00000000E+00 3.76555773E-01 9.60007732E-02-8.87411222E-02
35 10-7.25965095E-03 0.00000000E+00 1.48397549E-01 0.00000000E+00
36  1-2.94060518E-02-2.77557096E-01-6.69196925E-01 1.51650573E+00 0.00000000E+00
36  2 0.00000000E+00-8.46154845E-03 0.00000000E+00 0.00000000E+00 3.40110207E-03
36  3 0.00000000E+00 0.00000000E+00 6.20928788E-01 3.30919884E-01-2.98993467E-01
36  4-3.19264172E-02 0.00000000E+00 0.00000000E+00 0.00000000E+00-1.46095323E-02
36  5 1.09772200E+00-1.46239697E+00 1.47841428E-01 0.00000000E+00-2.12640875E-02
36  6-5.76204848E-01 0.00000000E+00 1.62913914E-01 1.59843213E-01-1.10075003E-01
36  7-4.97682091E-02 0.00000000E+00-1.26838578E-01 0.00000000E+00-1.46095323E-02
36  8 1.09772200E+00-1.46239697E+00-1.47841428E-01 0.00000000E+00-2.12640875E-02
36  9 5.76204848E-01 0.00000000E+00 1.62913914E-01 1.59843213E-01-1.10075003E-01
36 10-4.97682091E-02 0.00000000E+00 1.26838578E-01 0.00000000E+00
37  1 0.00000000E+00 0.00000000E+00 0.00000000E+00 0.00000000E+00 2.97850128E-03
37  2 0.00000000E+00 0.00000000E+00 6.27983713E-03 0.00000000E+00 0.00000000E+00
37  3-1.21774089E-01 0.00000000E+00 0.00000000E+00 0.00000000E+00 0.00000000E+00
37  4 0.00000000E+00 0.00000000E+00 3.76031068E-02 0.00000000E+00-8.67324731E-05
37  5 5.77293890E-02-9.64061024E-02-1.39160084E-03 0.00000000E+00-2.14631820E-02
37  6-1.54936211E-02 0.00000000E+00 4.39044156E-02 5.06292506E-01-3.90984350E-01
37  7-1.15308157E-01 0.00000000E+00 4.68227143E-01 0.00000000E+00 8.67324731E-05
37  8-5.77293890E-02 9.64061024E-02-1.39160084E-03 0.00000000E+00 2.14631820E-02
37  9-1.54936211E-02 0.00000000E+00-4.39044156E-02-5.06292506E-01 3.90984350E-01
37 10 1.15308157E-01 0.00000000E+00 4.68227143E-01 0.00000000E+00
38  1 0.00000000E+00 0.00000000E+00 0.00000000E+00 0.00000000E+00 0.00000000E+00
38  2 0.00000000E+00 0.00000000E+00 0.00000000E+00 0.00000000E+00 0.00000000E+00
38  3 0.00000000E+00 0.00000000E+00 0.00000000E+00 0.00000000E+00 0.00000000E+00
38  4 0.00000000E+00 6.68748185E-02 0.00000000E+00 0.00000000E+00 0.00000000E+00
38  5 0.00000000E+00 0.00000000E+00 0.00000000E+00-9.73395566E-03 0.00000000E+00
38  6 0.00000000E+00 1.39360811E-02 0.00000000E+00 0.00000000E+00 0.00000000E+00
38  7 0.00000000E+00 5.93246944E-01 0.00000000E+00 3.84965141E-01 0.00000000E+00
38  8 0.00000000E+00 0.00000000E+00 0.00000000E+00 9.73395566E-03 0.00000000E+00
38  9 0.00000000E+00-1.39360811E-02 0.00000000E+00 0.00000000E+00 0.00000000E+00
38 10 0.00000000E+00 5.93246944E-01 0.00000000E+00-3.84965141E-01
39  1 0.00000000E+00 0.00000000E+00 0.00000000E+00 0.00000000E+00 0.00000000E+00
39  2-1.05298913E-03 0.00000000E+00 0.00000000E+00-4.79793772E-03 0.00000000E+00
39  3 0.00000000E+00 3.61645251E-02 0.00000000E+00 0.00000000E+00 0.00000000E+00
39  4 0.00000000E+00 0.00000000E+00 0.00000000E+00 4.03184431E-03 0.00000000E+00
39  5 0.00000000E+00 0.00000000E+00 0.00000000E+00 8.26183346E-03 0.00000000E+00
39  6 0.00000000E+00-1.43699573E-02 0.00000000E+00 0.00000000E+00 0.00000000E+00
39  7 0.00000000E+00 1.80972295E-01 0.00000000E+00 6.83786611E-01 0.00000000E+00
39  8 0.00000000E+00 0.00000000E+00 0.00000000E+00 8.26183346E-03 0.00000000E+00
39  9 0.00000000E+00-1.43699573E-02 0.00000000E+00 0.00000000E+00 0.00000000E+00
39 10 0.00000000E+00-1.80972295E-01 0.00000000E+00 6.83786611E-01
40  1-5.67242044E-04-4.39489713E-03-1.17440071E-02 2.35236690E-02 0.00000000E+00
40  2 0.00000000E+00 2.52034534E-04 0.00000000E+00 0.00000000E+00-1.39721375E-03
40  3 0.00000000E+00 0.00000000E+00 9.79230337E-03 1.12764495E-02-2.84431866E-02
40  4 1.71667371E-02 0.00000000E+00 0.00000000E+00 0.00000000E+00 7.75482163E-04
40  5 1.00073662E-02-1.96999536E-02 8.43036807E-05 0.00000000E+00-7.64247375E-06
40  6-7.89511117E-03 0.00000000E+00 2.18092022E-03-1.44921538E-01 6.08887656E-01
40  7-4.63966117E-01 0.00000000E+00-3.08538695E-01 0.00000000E+00 7.75482163E-04
40  8 1.00073662E-02-1.96999536E-02-8.43036807E-05 0.00000000E+00-7.64247375E-06
40  9 7.89511117E-03 0.00000000E+00 2.18092022E-03-1.44921538E-01 6.08887656E-01
40 10-4.63966117E-01 0.00000000E+00 3.08538695E-01 0.00000000E+00
41  1 0.00000000E+00 0.00000000E+00 0.00000000E+00 0.00000000E+00-9.89226747E-03
41  2 0.00000000E+00 0.00000000E+00 2.07292750E-02 0.00000000E+00 0.00000000E+00
41  3 1.14292392E-01 0.00000000E+00 0.00000000E+00 0.00000000E+00 0.00000000E+00
41  4 0.00000000E+00 0.00000000E+00-1.82627377E-02 0.00000000E+00-6.63720184E-04
41  5-6.77981416E-02 1.11750831E-01-6.95234418E-03 0.00000000E+00 2.14768889E-02
41  6 3.31846531E-02 0.00000000E+00-4.67666656E-02-1.89482331E-01-4.94934712E-01
41  7 6.84417043E-01 0.00000000E+00-2.78048800E-02 0.00000000E+00 6.63720184E-04
41  8 6.77981416E-02-1.11750831E-01-6.95234418E-03 0.00000000E+00-2.14768889E-02
41  9 3.31846531E-02 0.00000000E+00 4.67666656E-02 1.89482331E-01 4.94934712E-01
41 10-6.84417043E-01 0.00000000E+00-2.78048800E-02 0.00000000E+00
42  1 0.00000000E+00 0.00000000E+00 0.00000000E+00 0.00000000E+00 0.00000000E+00
42  2 3.23275135E-03 0.00000000E+00 0.00000000E+00 2.14624125E-02 0.00000000E+00
42  3 0.00000000E+00-1.44128609E-01 0.00000000E+00 0.00000000E+00 0.00000000E+00
42  4 0.00000000E+00 0.00000000E+00 0.00000000E+00-1.12307573E-01 0.00000000E+00
42  5 0.00000000E+00 0.00000000E+00 0.00000000E+00-3.54672346E-02 0.00000000E+00
42  6 0.00000000E+00 6.79962190E-02 0.00000000E+00 0.00000000E+00 0.00000000E+00
42  7 0.00000000E+00 6.86030590E-01 0.00000000E+00-1.83392866E-01 0.00000000E+00
42  8 0.00000000E+00 0.00000000E+00 0.00000000E+00-3.54672346E-02 0.00000000E+00
42  9 0.00000000E+00 6.79962190E-02 0.00000000E+00 0.00000000E+00 0.00000000E+00
42 10 0.00000000E+00-6.86030590E-01 0.00000000E+00-1.83392866E-01
43  1 0.00000000E+00 0.00000000E+00 0.00000000E+00 0.00000000E+00 0.00000000E+00
43  2 0.00000000E+00 0.00000000E+00 0.00000000E+00 0.00000000E+00 0.00000000E+00
43  3 0.00000000E+00 0.00000000E+00 0.00000000E+00 0.00000000E+00 0.00000000E+00
43  4 0.00000000E+00-1.63271169E-01 0.00000000E+00 0.00000000E+00 0.00000000E+00
43  5 0.00000000E+00 0.00000000E+00 0.00000000E+00 2.13414666E-02 0.00000000E+00
43  6 0.00000000E+00-3.20184276E-02 0.00000000E+00 0.00000000E+00 0.00000000E+00
43  7 0.00000000E+00-3.85355002E-01 0.00000000E+00 5.93198564E-01 0.00000000E+00
43  8 0.00000000E+00 0.00000000E+00 0.00000000E+00-2.13414666E-02 0.00000000E+00
43  9 0.00000000E+00 3.20184276E-02 0.00000000E+00 0.00000000E+00 0.00000000E+00
43 10 0.00000000E+00-3.85355002E-01 0.00000000E+00-5.93198564E-01
44  1 3.69258057E-03 4.32699073E-02 9.51856662E-02-2.30467288E-01 0.00000000E+00
44  2 0.00000000E+00 6.30171683E-03 0.00000000E+00 0.00000000E+00 1.34480415E-02
44  3 0.00000000E+00 0.00000000E+00-2.26928133E-01 1.01849690E-01 5.44042299E-02
44  4-1.56253920E-01 0.00000000E+00 0.00000000E+00 0.00000000E+00-2.20741603E-04
44  5-1.20501826E-01 1.94037719E-01-4.34149097E-02 0.00000000E+00-2.72080507E-02
44  6 1.26766795E-01 0.00000000E+00 3.77386045E-02 5.49410653E-01-1.79269749E-02
44  7-5.31483678E-01 0.00000000E+00 3.35713755E-01 0.00000000E+00-2.20741603E-04
44  8-1.20501826E-01 1.94037719E-01 4.34149097E-02 0.00000000E+00-2.72080507E-02
44  9-1.26766795E-01 0.00000000E+00 3.77386045E-02 5.49410653E-01-1.79269749E-02
44 10-5.31483678E-01 0.00000000E+00-3.35713755E-01 0.00000000E+00
45  1-1.32332736E-03-1.61179880E-01-2.21019247E-01 8.46089721E-01 0.00000000E+00
45  2 0.00000000E+00-5.74175253E-02 0.00000000E+00 0.00000000E+00 1.90372756E-01
45  3 0.00000000E+00 0.00000000E+00 2.49967877E-01 3.93522173E-01-3.17118724E-01
45  4-7.64034488E-02 0.00000000E+00 0.00000000E+00 0.00000000E+00 4.52916045E-03
45  5 4.36500320E-01-6.62293016E-01 1.03027593E-01 0.00000000E+00-5.01188673E-02
45  6-3.82777829E-01 0.00000000E+00 1.84886461E-01-4.10236290E-01 3.53540856E-01
45  7 5.66954348E-02 0.00000000E+00 5.41657334E-01 0.00000000E+00 4.52916045E-03
45  8 4.36500320E-01-6.62293016E-01-1.03027593E-01 0.00000000E+00-5.01188673E-02
45  9 3.82777829E-01 0.00000000E+00 1.84886461E-01-4.10236290E-01 3.53540856E-01
45 10 5.66954348E-02 0.00000000E+00-5.41657334E-01 0.00000000E+00
46  1 0.00000000E+00 0.00000000E+00 0.00000000E+00 0.00000000E+00-9.64520289E-02
46  2 0.00000000E+00 0.00000000E+00 3.20862367E-01 0.00000000E+00 0.00000000E+00
46  3 3.44860912E-01 0.00000000E+00 0.00000000E+00 0.00000000E+00 0.00000000E+00
46  4 0.00000000E+00 0.00000000E+00 4.38016620E-01 0.00000000E+00-4.52308791E-03
46  5-3.77790743E-01 5.74553485E-01-7.98525498E-02 0.00000000E+00 5.25066583E-02
46  6 3.00415187E-01 0.00000000E+00-1.99319061E-01 4.60745302E-01-3.19497908E-01
46  7-1.41247394E-01 0.00000000E+00-5.26756623E-01 0.00000000E+00 4.52308791E-03
46  8 3.77790743E-01-5.74553485E-01-7.98525498E-02 0.00000000E+00-5.25066583E-02
46  9 3.00415187E-01 0.00000000E+00 1.99319061E-01-4.60745302E-01 3.19497908E-01
46 10 1.41247394E-01 0.00000000E+00-5.26756623E-01 0.00000000E+00
 $END   
 POPULATION ANALYSIS
S           15.30265   0.69735  15.32054   0.67946
O            8.34868  -0.34868   8.33973  -0.33973
O            8.34868  -0.34868   8.33973  -0.33973
 MOMENTS AT POINT    1 X,Y,Z=  0.000000  0.000000  0.000000
 DIPOLE       0.000000  0.000000 -2.235549
