 $DATA  
Title                                                                           
CNV      2

S          16.0      0.0000000000      0.0000000000     -0.1650115483
   PC1     0
        
O           8.0      1.8711347307      0.0000000000      0.1649199893
   PC1     0
        
 $END      
 $ZMAT   IZMAT(1)=
         1,   3,   1,
         1,   2,   1,
         2,   2,   1,   3,
 $END
--- CLOSED SHELL ORBITALS --- GENERATED AT Thu Feb 26 00:22:19 2015
Title                                                                           
E(R-PBE)=        0.0000000000, E(NUC)=   80.3496194560,   30 ITERS
 $VEC   
 1  1 1.00297736E+00-1.02766495E-02 1.76778573E-03-9.66253488E-04 0.00000000E+00
 1  2 0.00000000E+00 3.92688332E-05 0.00000000E+00 0.00000000E+00-7.17596007E-06
 1  3 0.00000000E+00 0.00000000E+00-1.71234512E-05-2.15219141E-05 1.15210346E-05
 1  4 1.00008795E-05 0.00000000E+00 0.00000000E+00 0.00000000E+00-1.84168061E-06
 1  5-1.19994919E-05 9.32678088E-05 1.51888653E-05 0.00000000E+00-4.10702238E-06
 1  6 7.48982715E-06 0.00000000E+00 3.74734764E-06-3.23699219E-05 1.70700208E-05
 1  7 1.52999010E-05 0.00000000E+00 1.08351268E-05 0.00000000E+00-1.84168061E-06
 1  8-1.19994919E-05 9.32678088E-05-1.51888653E-05 0.00000000E+00-4.10702238E-06
 1  9-7.48982715E-06 0.00000000E+00 3.74734764E-06-3.23699219E-05 1.70700208E-05
 1 10 1.52999010E-05 0.00000000E+00-1.08351268E-05 0.00000000E+00
 2  1 0.00000000E+00 0.00000000E+00 0.00000000E+00 0.00000000E+00 1.17901248E-04
 2  2 0.00000000E+00 0.00000000E+00-2.61905697E-04 0.00000000E+00 0.00000000E+00
 2  3-6.33963253E-03 0.00000000E+00 0.00000000E+00 0.00000000E+00 0.00000000E+00
 2  4 0.00000000E+00 0.00000000E+00-6.83963643E-04 0.00000000E+00 7.03263353E-01
 2  5 2.53476891E-02-1.14278745E-02 7.43970740E-04 0.00000000E+00-1.80498272E-04
 2  6-2.67315400E-03 0.00000000E+00 7.10061546E-04-2.23369985E-04 1.28573523E-04
 2  7 9.47964623E-05 0.00000000E+00 1.09442057E-04 0.00000000E+00-7.03263353E-01
 2  8-2.53476891E-02 1.14278745E-02 7.43970740E-04 0.00000000E+00 1.80498272E-04
 2  9-2.67315400E-03 0.00000000E+00-7.10061546E-04 2.23369985E-04-1.28573523E-04
 2 10-9.47964623E-05 0.00000000E+00 1.09442057E-04 0.00000000E+00
 3  1-4.92684118E-05-8.16139555E-04-1.52545264E-03 4.76057664E-03 0.00000000E+00
 3  2 0.00000000E+00-2.37634144E-05 0.00000000E+00 0.00000000E+00 9.19099296E-05
 3  3 0.00000000E+00 0.00000000E+00 7.07615660E-04 1.46993329E-03-7.76536109E-04
 3  4-6.93397185E-04 0.00000000E+00 0.00000000E+00 0.00000000E+00 7.03198761E-01
 3  5 2.44598230E-02-8.81672758E-03 6.64526894E-04 0.00000000E+00-6.49858549E-05
 3  6-1.86894134E-03 0.00000000E+00 1.69269250E-04-3.25391592E-04 1.77998833E-04
 3  7 1.47392759E-04 0.00000000E+00 1.06145804E-04 0.00000000E+00 7.03198761E-01
 3  8 2.44598230E-02-8.81672758E-03-6.64526894E-04 0.00000000E+00-6.49858549E-05
 3  9 1.86894134E-03 0.00000000E+00 1.69269250E-04-3.25391592E-04 1.77998833E-04
 3 10 1.47392759E-04 0.00000000E+00-1.06145804E-04 0.00000000E+00
 4  1-2.74148683E-01 1.03955641E+00 4.01856521E-02-1.24741264E-02 0.00000000E+00
 4  2 0.00000000E+00 6.12864395E-03 0.00000000E+00 0.00000000E+00 3.51324041E-04
 4  3 0.00000000E+00 0.00000000E+00-2.77801067E-04 1.17583622E-04-4.47247723E-05
 4  4-7.28588493E-05 0.00000000E+00 0.00000000E+00 0.00000000E+00 5.81241075E-06
 4  5 1.42311820E-05 7.22940440E-04 6.80624214E-05 0.00000000E+00-2.66187320E-05
 4  6-1.61369211E-04 0.00000000E+00 9.18345600E-05-5.07749412E-04 2.67258293E-04
 4  7 2.40491118E-04 0.00000000E+00 1.66610847E-04 0.00000000E+00 5.81241075E-06
 4  8 1.42311820E-05 7.22940440E-04-6.80624214E-05 0.00000000E+00-2.66187320E-05
 4  9 1.61369211E-04 0.00000000E+00 9.18345600E-05-5.07749412E-04 2.67258293E-04
 4 10 2.40491118E-04 0.00000000E+00-1.66610847E-04 0.00000000E+00
 5  1 0.00000000E+00 0.00000000E+00 0.00000000E+00 0.00000000E+00 9.96944841E-01
 5  2 0.00000000E+00 0.00000000E+00 8.74048762E-03 0.00000000E+00 0.00000000E+00
 5  3-1.15815196E-04 0.00000000E+00 0.00000000E+00 0.00000000E+00 0.00000000E+00
 5  4 0.00000000E+00 0.00000000E+00 3.55776795E-04 0.00000000E+00 1.92010006E-05
 5  5 6.69860466E-05-2.47415724E-05 5.59836015E-05 0.00000000E+00-2.07321824E-05
 5  6-6.18957375E-05 0.00000000E+00 4.33089306E-05-7.02881347E-05 3.83907841E-05
 5  7 3.18973506E-05 0.00000000E+00 3.11537414E-05 0.00000000E+00-1.92010006E-05
 5  8-6.69860466E-05 2.47415724E-05 5.59836015E-05 0.00000000E+00 2.07321824E-05
 5  9-6.18957375E-05 0.00000000E+00-4.33089306E-05 7.02881347E-05-3.83907841E-05
 5 10-3.18973506E-05 0.00000000E+00 3.11537414E-05 0.00000000E+00
 6  1 0.00000000E+00 0.00000000E+00 0.00000000E+00 0.00000000E+00 0.00000000E+00
 6  2 9.96976942E-01 0.00000000E+00 0.00000000E+00 8.67646739E-03 0.00000000E+00
 6  3 0.00000000E+00-1.28241611E-04 0.00000000E+00 0.00000000E+00 0.00000000E+00
 6  4 0.00000000E+00 0.00000000E+00 0.00000000E+00 3.41555992E-04 0.00000000E+00
 6  5 0.00000000E+00 0.00000000E+00 0.00000000E+00 2.09950629E-07 0.00000000E+00
 6  6 0.00000000E+00-3.30637219E-05 0.00000000E+00 0.00000000E+00 0.00000000E+00
 6  7 0.00000000E+00-2.48233986E-05 0.00000000E+00 2.94416674E-06 0.00000000E+00
 6  8 0.00000000E+00 0.00000000E+00 0.00000000E+00 2.09950629E-07 0.00000000E+00
 6  9 0.00000000E+00-3.30637219E-05 0.00000000E+00 0.00000000E+00 0.00000000E+00
 6 10 0.00000000E+00 2.48233986E-05 0.00000000E+00 2.94416674E-06
 7  1 1.69198929E-03-6.44499747E-03-2.61378060E-06-1.73304204E-04 0.00000000E+00
 7  2 0.00000000E+00 9.96970121E-01 0.00000000E+00 0.00000000E+00 8.63605287E-03
 7  3 0.00000000E+00 0.00000000E+00-1.33026600E-04-2.60240390E-04-1.64996272E-04
 7  4 4.25236662E-04 0.00000000E+00 0.00000000E+00 0.00000000E+00-8.23375531E-06
 7  5-5.98705023E-05 1.10734320E-04-1.39167925E-05 0.00000000E+00 4.25038308E-06
 7  6 8.96809648E-05 0.00000000E+00-5.41518875E-05 3.57241616E-05-2.16253370E-05
 7  7-1.40988246E-05 0.00000000E+00-3.89797037E-05 0.00000000E+00-8.23375531E-06
 7  8-5.98705023E-05 1.10734320E-04 1.39167925E-05 0.00000000E+00 4.25038308E-06
 7  9-8.96809648E-05 0.00000000E+00-5.41518875E-05 3.57241616E-05-2.16253370E-05
 7 10-1.40988246E-05 0.00000000E+00 3.89797037E-05 0.00000000E+00
 8  1 3.62484422E-02-1.08754968E-01 2.10642982E-01 1.81524459E-01 0.00000000E+00
 8  2 0.00000000E+00-1.24851454E-02 0.00000000E+00 0.00000000E+00 2.66463618E-02
 8  3 0.00000000E+00 0.00000000E+00 7.68392222E-03 3.31983483E-02-1.74988716E-02
 8  4-1.56994768E-02 0.00000000E+00 0.00000000E+00 0.00000000E+00-1.40516292E-01
 8  5 2.84254506E-01 3.56758767E-01 5.66971001E-02 0.00000000E+00-8.87242450E-03
 8  6 3.01074749E-02 0.00000000E+00-5.13731510E-03 7.13082286E-03-2.82985762E-03
 8  7-4.30096523E-03 0.00000000E+00-1.99176566E-04 0.00000000E+00-1.40516292E-01
 8  8 2.84254506E-01 3.56758767E-01-5.66971001E-02 0.00000000E+00-8.87242450E-03
 8  9-3.01074749E-02 0.00000000E+00-5.13731510E-03 7.13082286E-03-2.82985762E-03
 8 10-4.30096523E-03 0.00000000E+00 1.99176566E-04 0.00000000E+00
 9  1 0.00000000E+00 0.00000000E+00 0.00000000E+00 0.00000000E+00 6.20215584E-02
 9  2 0.00000000E+00 0.00000000E+00-1.25566286E-01 0.00000000E+00 0.00000000E+00
 9  3-3.24812527E-02 0.00000000E+00 0.00000000E+00 0.00000000E+00 0.00000000E+00
 9  4 0.00000000E+00 0.00000000E+00-1.26404351E-02 0.00000000E+00-1.55897740E-01
 9  5 3.15384313E-01 4.04544592E-01 4.81355108E-02 0.00000000E+00-8.03639085E-03
 9  6 3.15847556E-02 0.00000000E+00-5.15658259E-03 6.60782167E-03-2.46454308E-03
 9  7-4.14327860E-03 0.00000000E+00 5.59240370E-05 0.00000000E+00 1.55897740E-01
 9  8-3.15384313E-01-4.04544592E-01 4.81355108E-02 0.00000000E+00 8.03639085E-03
 9  9 3.15847556E-02 0.00000000E+00 5.15658259E-03-6.60782167E-03 2.46454308E-03
 9 10 4.14327860E-03 0.00000000E+00 5.59240370E-05 0.00000000E+00
10  1 7.80802495E-02-2.26466086E-01 4.80643363E-01 4.69472574E-01 0.00000000E+00
10  2 0.00000000E+00-3.24825024E-03 0.00000000E+00 0.00000000E+00 1.07537729E-02
10  3 0.00000000E+00 0.00000000E+00-1.11413471E-03-9.19829527E-03 5.25116595E-03
10  4 3.94712931E-03 0.00000000E+00 0.00000000E+00 0.00000000E+00 8.41006778E-02
10  5-1.75996549E-01-2.59652073E-01 8.44416285E-02 0.00000000E+00-1.20133714E-02
10  6 3.70934706E-02 0.00000000E+00-3.63557730E-03 6.35859007E-03-3.83428713E-03
10  7-2.52430294E-03 0.00000000E+00-2.83603134E-03 0.00000000E+00 8.41006778E-02
10  8-1.75996549E-01-2.59652073E-01-8.44416285E-02 0.00000000E+00-1.20133714E-02
10  9-3.70934706E-02 0.00000000E+00-3.63557730E-03 6.35859007E-03-3.83428713E-03
10 10-2.52430294E-03 0.00000000E+00 2.83603134E-03 0.00000000E+00
11  1 0.00000000E+00 0.00000000E+00 0.00000000E+00 0.00000000E+00-1.85708887E-01
11  2 0.00000000E+00 0.00000000E+00 4.37471699E-01 0.00000000E+00 0.00000000E+00
11  3 1.39156959E-01 0.00000000E+00 0.00000000E+00 0.00000000E+00 0.00000000E+00
11  4 0.00000000E+00 0.00000000E+00 1.83771290E-02 0.00000000E+00-4.58497949E-02
11  5 1.04963759E-01 1.54073511E-01-3.44196139E-01 0.00000000E+00 5.24158068E-02
11  6-2.25425291E-01 0.00000000E+00 3.51235469E-02-1.44649003E-02 7.93661418E-03
11  7 6.52828611E-03 0.00000000E+00 5.51302000E-03 0.00000000E+00 4.58497949E-02
11  8-1.04963759E-01-1.54073511E-01-3.44196139E-01 0.00000000E+00-5.24158068E-02
11  9-2.25425291E-01 0.00000000E+00-3.51235469E-02 1.44649003E-02-7.93661418E-03
11 10-6.52828611E-03 0.00000000E+00 5.51302000E-03 0.00000000E+00
12  1-7.10694326E-03 2.32836140E-02-4.16202161E-02-8.00479709E-02 0.00000000E+00
12  2 0.00000000E+00-2.10957523E-01 0.00000000E+00 0.00000000E+00 4.96929731E-01
12  3 0.00000000E+00 0.00000000E+00 3.39363225E-01 3.55902953E-03-1.31326764E-02
12  4 9.57364689E-03 0.00000000E+00 0.00000000E+00 0.00000000E+00 6.31687379E-03
12  5-1.24513026E-02-2.81756869E-02 1.45240827E-01 0.00000000E+00 2.47051880E-01
12  6 9.24903803E-02 0.00000000E+00 1.57098156E-01 6.18334531E-03-1.66112657E-03
12  7-4.52221874E-03 0.00000000E+00 9.25614601E-03 0.00000000E+00 6.31687379E-03
12  8-1.24513026E-02-2.81756869E-02-1.45240827E-01 0.00000000E+00 2.47051880E-01
12  9-9.24903803E-02 0.00000000E+00 1.57098156E-01 6.18334531E-03-1.66112657E-03
12 10-4.52221874E-03 0.00000000E+00-9.25614601E-03 0.00000000E+00
13  1 0.00000000E+00 0.00000000E+00 0.00000000E+00 0.00000000E+00 0.00000000E+00
13  2-2.10662345E-01 0.00000000E+00 0.00000000E+00 4.96676643E-01 0.00000000E+00
13  3 0.00000000E+00 3.44422739E-01 0.00000000E+00 0.00000000E+00 0.00000000E+00
13  4 0.00000000E+00 0.00000000E+00 0.00000000E+00 1.30567536E-02 0.00000000E+00
13  5 0.00000000E+00 0.00000000E+00 0.00000000E+00 2.86438311E-01 0.00000000E+00
13  6 0.00000000E+00 1.81998701E-01 0.00000000E+00 0.00000000E+00 0.00000000E+00
13  7 0.00000000E+00 1.12296561E-02 0.00000000E+00-1.90111106E-03 0.00000000E+00
13  8 0.00000000E+00 0.00000000E+00 0.00000000E+00 2.86438311E-01 0.00000000E+00
13  9 0.00000000E+00 1.81998701E-01 0.00000000E+00 0.00000000E+00 0.00000000E+00
13 10 0.00000000E+00-1.12296561E-02 0.00000000E+00-1.90111106E-03
14  1 0.00000000E+00 0.00000000E+00 0.00000000E+00 0.00000000E+00 0.00000000E+00
14  2 0.00000000E+00 0.00000000E+00 0.00000000E+00 0.00000000E+00 0.00000000E+00
14  3 0.00000000E+00 0.00000000E+00 0.00000000E+00 0.00000000E+00 0.00000000E+00
14  4 0.00000000E+00-6.50334433E-02 0.00000000E+00 0.00000000E+00 0.00000000E+00
14  5 0.00000000E+00 0.00000000E+00 0.00000000E+00 4.75763825E-01 0.00000000E+00
14  6 0.00000000E+00 3.36500469E-01 0.00000000E+00 0.00000000E+00 0.00000000E+00
14  7 0.00000000E+00 1.03527319E-02 0.00000000E+00-1.94465441E-03 0.00000000E+00
14  8 0.00000000E+00 0.00000000E+00 0.00000000E+00-4.75763825E-01 0.00000000E+00
14  9 0.00000000E+00-3.36500469E-01 0.00000000E+00 0.00000000E+00 0.00000000E+00
14 10 0.00000000E+00 1.03527319E-02 0.00000000E+00 1.94465441E-03
15  1 0.00000000E+00 0.00000000E+00 0.00000000E+00 0.00000000E+00-1.70257084E-02
15  2 0.00000000E+00 0.00000000E+00 3.87739660E-02 0.00000000E+00 0.00000000E+00
15  3 5.34285563E-02 0.00000000E+00 0.00000000E+00 0.00000000E+00 0.00000000E+00
15  4 0.00000000E+00 0.00000000E+00-6.34330183E-02 0.00000000E+00-2.92150022E-03
15  5 3.22547689E-03 2.52386884E-02 1.01674716E-01 0.00000000E+00 4.62921141E-01
15  6 7.87974431E-02 0.00000000E+00 3.26419095E-01 3.11205690E-03 1.14580754E-04
15  7-3.22663766E-03 0.00000000E+00 9.87816848E-03 0.00000000E+00 2.92150022E-03
15  8-3.22547689E-03-2.52386884E-02 1.01674716E-01 0.00000000E+00-4.62921141E-01
15  9 7.87974431E-02 0.00000000E+00-3.26419095E-01-3.11205690E-03-1.14580754E-04
15 10 3.22663766E-03 0.00000000E+00 9.87816848E-03 0.00000000E+00
16  1-2.37715522E-02 8.26938506E-02-1.36458785E-01-3.39460160E-01 0.00000000E+00
16  2 0.00000000E+00-3.36784278E-02 0.00000000E+00 0.00000000E+00 8.30454982E-02
16  3 0.00000000E+00 0.00000000E+00 2.28252006E-02 1.10375750E-01-5.41146492E-02
16  4-5.62611007E-02 0.00000000E+00 0.00000000E+00 0.00000000E+00 2.16640105E-04
16  5-3.50364459E-03 2.69481656E-02 3.83189891E-01 0.00000000E+00-2.83949318E-01
16  6 2.75222078E-01 0.00000000E+00-2.01167040E-01 6.73543812E-03-4.18609869E-03
16  7-2.54933944E-03 0.00000000E+00-6.05149582E-03 0.00000000E+00 2.16640105E-04
16  8-3.50364459E-03 2.69481656E-02-3.83189891E-01 0.00000000E+00-2.83949318E-01
16  9-2.75222078E-01 0.00000000E+00-2.01167040E-01 6.73543812E-03-4.18609869E-03
16 10-2.54933944E-03 0.00000000E+00 6.05149582E-03 0.00000000E+00
17  1 0.00000000E+00 0.00000000E+00 0.00000000E+00 0.00000000E+00 0.00000000E+00
17  2-1.95989682E-01 0.00000000E+00 0.00000000E+00 4.84691031E-01 0.00000000E+00
17  3 0.00000000E+00 3.39272195E-01 0.00000000E+00 0.00000000E+00 0.00000000E+00
17  4 0.00000000E+00 0.00000000E+00 0.00000000E+00-4.00111600E-03 0.00000000E+00
17  5 0.00000000E+00 0.00000000E+00 0.00000000E+00-4.01064327E-01 0.00000000E+00
17  6 0.00000000E+00-2.87042196E-01 0.00000000E+00 0.00000000E+00 0.00000000E+00
17  7 0.00000000E+00-1.58718955E-04 0.00000000E+00 1.29863734E-04 0.00000000E+00
17  8 0.00000000E+00 0.00000000E+00 0.00000000E+00-4.01064327E-01 0.00000000E+00
17  9 0.00000000E+00-2.87042196E-01 0.00000000E+00 0.00000000E+00 0.00000000E+00
17 10 0.00000000E+00 1.58718955E-04 0.00000000E+00 1.29863734E-04
18  1 1.16230100E-02-3.43108756E-02 7.58313947E-02 1.46466615E-01 0.00000000E+00
18  2 0.00000000E+00-1.93050149E-01 0.00000000E+00 0.00000000E+00 4.78975918E-01
18  3 0.00000000E+00 0.00000000E+00 3.51142666E-01-4.65478766E-02 2.72265207E-02
18  4 1.93213559E-02 0.00000000E+00 0.00000000E+00 0.00000000E+00 7.40404812E-03
18  5-1.48872444E-02-4.88158601E-02-2.57751166E-01 0.00000000E+00-3.12294956E-01
18  6-1.89802423E-01 0.00000000E+00-2.23525628E-01-1.50643877E-03 8.51839556E-04
18  7 6.54599213E-04 0.00000000E+00 1.54174125E-03 0.00000000E+00 7.40404812E-03
18  8-1.48872444E-02-4.88158601E-02 2.57751166E-01 0.00000000E+00-3.12294956E-01
18  9 1.89802423E-01 0.00000000E+00-2.23525628E-01-1.50643877E-03 8.51839556E-04
18 10 6.54599213E-04 0.00000000E+00-1.54174125E-03 0.00000000E+00
19  1 0.00000000E+00 0.00000000E+00 0.00000000E+00 0.00000000E+00-2.48313867E-01
19  2 0.00000000E+00 0.00000000E+00 6.46554165E-01 0.00000000E+00 0.00000000E+00
19  3 6.92251922E-01 0.00000000E+00 0.00000000E+00 0.00000000E+00 0.00000000E+00
19  4 0.00000000E+00 0.00000000E+00-5.10231385E-02 0.00000000E+00-4.67563908E-02
19  5 9.67261402E-02 3.16140921E-01 3.55917200E-01 0.00000000E+00-1.21052866E-01
19  6 3.38921336E-01 0.00000000E+00-9.69119350E-02-4.90975042E-03 3.30929475E-03
19  7 1.60045567E-03 0.00000000E+00 5.03677384E-03 0.00000000E+00 4.67563908E-02
19  8-9.67261402E-02-3.16140921E-01 3.55917200E-01 0.00000000E+00 1.21052866E-01
19  9 3.38921336E-01 0.00000000E+00 9.69119350E-02 4.90975042E-03-3.30929475E-03
19 10-1.60045567E-03 0.00000000E+00 5.03677384E-03 0.00000000E+00
20  1 0.00000000E+00 0.00000000E+00 0.00000000E+00 0.00000000E+00 2.32172034E-01
20  2 0.00000000E+00 0.00000000E+00-9.53797925E-01 0.00000000E+00 0.00000000E+00
20  3 1.72616179E+00 0.00000000E+00 0.00000000E+00 0.00000000E+00 0.00000000E+00
20  4 0.00000000E+00 0.00000000E+00-2.60882274E-01 0.00000000E+00-3.56480891E-02
20  5 3.52543919E-02 5.71240547E-01-1.83777628E-01 0.00000000E+00-8.95015157E-02
20  6 3.77332159E-01 0.00000000E+00-3.66606760E-02 4.99549648E-02-2.35182107E-02
20  7-2.64367541E-02 0.00000000E+00 1.50547931E-04 0.00000000E+00 3.56480891E-02
20  8-3.52543919E-02-5.71240547E-01-1.83777628E-01 0.00000000E+00 8.95015157E-02
20  9 3.77332159E-01 0.00000000E+00 3.66606760E-02-4.99549648E-02 2.35182107E-02
20 10 2.64367541E-02 0.00000000E+00 1.50547931E-04 0.00000000E+00
21  1-2.97250607E-02-1.21561643E-01-4.77522327E-01 6.20380273E-01 0.00000000E+00
21  2 0.00000000E+00 2.82358618E-01 0.00000000E+00 0.00000000E+00-1.08880579E+00
21  3 0.00000000E+00 0.00000000E+00 1.17009611E+00-1.18043439E-01 1.06724421E-01
21  4 1.13190181E-02 0.00000000E+00 0.00000000E+00 0.00000000E+00 6.31883679E-03
21  5 1.44790899E-04-1.27721063E-01 4.23044158E-02 0.00000000E+00-1.34985275E-01
21  6-1.05126457E-01 0.00000000E+00-3.12009429E-02-2.11458375E-02 1.16196449E-02
21  7 9.52619253E-03 0.00000000E+00 7.34015010E-03 0.00000000E+00 6.31883679E-03
21  8 1.44790899E-04-1.27721063E-01-4.23044158E-02 0.00000000E+00-1.34985275E-01
21  9 1.05126457E-01 0.00000000E+00-3.12009429E-02-2.11458375E-02 1.16196449E-02
21 10 9.52619253E-03 0.00000000E+00-7.34015010E-03 0.00000000E+00
22  1 0.00000000E+00 0.00000000E+00 0.00000000E+00 0.00000000E+00 0.00000000E+00
22  2 2.98734557E-01 0.00000000E+00 0.00000000E+00-1.15060866E+00 0.00000000E+00
22  3 0.00000000E+00 1.20814917E+00 0.00000000E+00 0.00000000E+00 0.00000000E+00
22  4 0.00000000E+00 0.00000000E+00 0.00000000E+00-5.38645892E-02 0.00000000E+00
22  5 0.00000000E+00 0.00000000E+00 0.00000000E+00-1.17122842E-01 0.00000000E+00
22  6 0.00000000E+00-5.68920413E-02 0.00000000E+00 0.00000000E+00 0.00000000E+00
22  7 0.00000000E+00-1.46788647E-03 0.00000000E+00-1.71362409E-04 0.00000000E+00
22  8 0.00000000E+00 0.00000000E+00 0.00000000E+00-1.17122842E-01 0.00000000E+00
22  9 0.00000000E+00-5.68920413E-02 0.00000000E+00 0.00000000E+00 0.00000000E+00
22 10 0.00000000E+00 1.46788647E-03 0.00000000E+00-1.71362409E-04
23  1-1.03750111E-01-3.61049297E-01-1.58601074E+00 1.82218712E+00 0.00000000E+00
23  2 0.00000000E+00-9.34621373E-02 0.00000000E+00 0.00000000E+00 3.58684515E-01
23  3 0.00000000E+00 0.00000000E+00-3.41128351E-01-3.41358321E-01 1.59749010E-01
23  4 1.81609311E-01 0.00000000E+00 0.00000000E+00 0.00000000E+00 8.91850371E-03
23  5-9.21460864E-03-1.51096550E-01 8.81983989E-02 0.00000000E+00-2.09219881E-02
23  6-1.41459021E-01 0.00000000E+00 6.06866694E-02-3.89496897E-02 2.14053905E-02
23  7 1.75442992E-02 0.00000000E+00 1.86845978E-02 0.00000000E+00 8.91850371E-03
23  8-9.21460864E-03-1.51096550E-01-8.81983989E-02 0.00000000E+00-2.09219881E-02
23  9 1.41459021E-01 0.00000000E+00 6.06866694E-02-3.89496897E-02 2.14053905E-02
23 10 1.75442992E-02 0.00000000E+00-1.86845978E-02 0.00000000E+00
24  1 0.00000000E+00 0.00000000E+00 0.00000000E+00 0.00000000E+00 0.00000000E+00
24  2 0.00000000E+00 0.00000000E+00 0.00000000E+00 0.00000000E+00 0.00000000E+00
24  3 0.00000000E+00 0.00000000E+00 0.00000000E+00 0.00000000E+00 0.00000000E+00
24  4 0.00000000E+00 8.43989537E-01 0.00000000E+00 0.00000000E+00 0.00000000E+00
24  5 0.00000000E+00 0.00000000E+00 0.00000000E+00 3.32450460E-01 0.00000000E+00
24  6 0.00000000E+00-2.29175481E-01 0.00000000E+00 0.00000000E+00 0.00000000E+00
24  7 0.00000000E+00-4.85310728E-02 0.00000000E+00 9.90411826E-03 0.00000000E+00
24  8 0.00000000E+00 0.00000000E+00 0.00000000E+00-3.32450460E-01 0.00000000E+00
24  9 0.00000000E+00 2.29175481E-01 0.00000000E+00 0.00000000E+00 0.00000000E+00
24 10 0.00000000E+00-4.85310728E-02 0.00000000E+00-9.90411826E-03
25  1 0.00000000E+00 0.00000000E+00 0.00000000E+00 0.00000000E+00 7.36624086E-02
25  2 0.00000000E+00 0.00000000E+00-3.34206570E-01 0.00000000E+00 0.00000000E+00
25  3 8.01062016E-01 0.00000000E+00 0.00000000E+00 0.00000000E+00 0.00000000E+00
25  4 0.00000000E+00 0.00000000E+00 8.06057414E-01 0.00000000E+00-3.18512393E-02
25  5 1.28901644E-01 2.17631770E-01 5.17518118E-02 0.00000000E+00 2.97365264E-01
25  6 1.80974211E-01 0.00000000E+00-2.75088657E-01-8.12153246E-03-3.74425670E-03
25  7 1.18657892E-02 0.00000000E+00-4.35921328E-02 0.00000000E+00 3.18512393E-02
25  8-1.28901644E-01-2.17631770E-01 5.17518118E-02 0.00000000E+00-2.97365264E-01
25  9 1.80974211E-01 0.00000000E+00 2.75088657E-01 8.12153246E-03 3.74425670E-03
25 10-1.18657892E-02 0.00000000E+00-4.35921328E-02 0.00000000E+00
26  1 1.92619732E-03 6.79621045E-03 2.95934231E-02-3.46411507E-02 0.00000000E+00
26  2 0.00000000E+00 1.56528742E-02 0.00000000E+00 0.00000000E+00-5.48485708E-02
26  3 0.00000000E+00 0.00000000E+00 2.36605172E-02-2.88145215E-02-8.43045972E-01
26  4 8.71860494E-01 0.00000000E+00 0.00000000E+00 0.00000000E+00-6.00409376E-04
26  5 3.21825759E-03 1.01319729E-03-1.22998460E-02 0.00000000E+00-7.81919018E-02
26  6 1.42130637E-02 0.00000000E+00 5.61864122E-02 3.43879118E-03-9.71503708E-03
26  7 6.27624590E-03 0.00000000E+00 1.16828790E-02 0.00000000E+00-6.00409376E-04
26  8 3.21825759E-03 1.01319729E-03 1.22998460E-02 0.00000000E+00-7.81919018E-02
26  9-1.42130637E-02 0.00000000E+00 5.61864122E-02 3.43879118E-03-9.71503708E-03
26 10 6.27624590E-03 0.00000000E+00-1.16828790E-02 0.00000000E+00
27  1 0.00000000E+00 0.00000000E+00 0.00000000E+00 0.00000000E+00 0.00000000E+00
27  2 1.51111856E-02 0.00000000E+00 0.00000000E+00-5.29248405E-02 0.00000000E+00
27  3 0.00000000E+00 2.30168266E-02 0.00000000E+00 0.00000000E+00 0.00000000E+00
27  4 0.00000000E+00 0.00000000E+00 0.00000000E+00 9.91026845E-01 0.00000000E+00
27  5 0.00000000E+00 0.00000000E+00 0.00000000E+00-7.74319609E-02 0.00000000E+00
27  6 0.00000000E+00 5.71425896E-02 0.00000000E+00 0.00000000E+00 0.00000000E+00
27  7 0.00000000E+00 1.19193873E-02 0.00000000E+00 9.26976015E-03 0.00000000E+00
27  8 0.00000000E+00 0.00000000E+00 0.00000000E+00-7.74319609E-02 0.00000000E+00
27  9 0.00000000E+00 5.71425896E-02 0.00000000E+00 0.00000000E+00 0.00000000E+00
27 10 0.00000000E+00-1.19193873E-02 0.00000000E+00 9.26976015E-03
28  1-5.16015678E-02-2.29065063E-01-8.55573937E-01 1.16766957E+00 0.00000000E+00
28  2 0.00000000E+00 1.15257475E-02 0.00000000E+00 0.00000000E+00-6.27944828E-02
28  3 0.00000000E+00 0.00000000E+00 2.01363747E-01 8.69674152E-01-4.83894371E-01
28  4-3.85779781E-01 0.00000000E+00 0.00000000E+00 0.00000000E+00 5.06512423E-02
28  5-3.29384427E-01 1.41214186E-02-9.24212702E-02 0.00000000E+00 1.40634372E-01
28  6-2.91953185E-01 0.00000000E+00-9.22652538E-02 4.07346613E-02-2.47184576E-02
28  7-1.60162037E-02 0.00000000E+00-2.69336056E-02 0.00000000E+00 5.06512423E-02
28  8-3.29384427E-01 1.41214186E-02 9.24212702E-02 0.00000000E+00 1.40634372E-01
28  9 2.91953185E-01 0.00000000E+00-9.22652538E-02 4.07346613E-02-2.47184576E-02
28 10-1.60162037E-02 0.00000000E+00 2.69336056E-02 0.00000000E+00
29  1 0.00000000E+00 0.00000000E+00 0.00000000E+00 0.00000000E+00 0.00000000E+00
29  2-3.43617491E-02 0.00000000E+00 0.00000000E+00 1.80167535E-01 0.00000000E+00
29  3 0.00000000E+00-5.11045222E-01 0.00000000E+00 0.00000000E+00 0.00000000E+00
29  4 0.00000000E+00 0.00000000E+00 0.00000000E+00-1.22799004E-01 0.00000000E+00
29  5 0.00000000E+00 0.00000000E+00 0.00000000E+00-6.25089914E-01 0.00000000E+00
29  6 0.00000000E+00 8.22270448E-01 0.00000000E+00 0.00000000E+00 0.00000000E+00
29  7 0.00000000E+00-1.68214762E-02 0.00000000E+00 7.79581606E-04 0.00000000E+00
29  8 0.00000000E+00 0.00000000E+00 0.00000000E+00-6.25089914E-01 0.00000000E+00
29  9 0.00000000E+00 8.22270448E-01 0.00000000E+00 0.00000000E+00 0.00000000E+00
29 10 0.00000000E+00 1.68214762E-02 0.00000000E+00 7.79581606E-04
30  1 0.00000000E+00 0.00000000E+00 0.00000000E+00 0.00000000E+00-2.97853238E-02
30  2 0.00000000E+00 0.00000000E+00 1.46657879E-01 0.00000000E+00 0.00000000E+00
30  3-4.59639097E-02 0.00000000E+00 0.00000000E+00 0.00000000E+00 0.00000000E+00
30  4 0.00000000E+00 0.00000000E+00 5.26956527E-01 0.00000000E+00-9.32085824E-03
30  5 8.07076255E-02-5.39709428E-02-2.33782463E-01 0.00000000E+00-5.04895228E-01
30  6 3.55270687E-01 0.00000000E+00 6.34333380E-01-3.86494766E-02 1.29637889E-02
30  7 2.56856876E-02 0.00000000E+00-3.10383481E-02 0.00000000E+00 9.32085824E-03
30  8-8.07076255E-02 5.39709428E-02-2.33782463E-01 0.00000000E+00 5.04895228E-01
30  9 3.55270687E-01 0.00000000E+00-6.34333380E-01 3.86494766E-02-1.29637889E-02
30 10-2.56856876E-02 0.00000000E+00-3.10383481E-02 0.00000000E+00
31  1 0.00000000E+00 0.00000000E+00 0.00000000E+00 0.00000000E+00 0.00000000E+00
31  2 0.00000000E+00 0.00000000E+00 0.00000000E+00 0.00000000E+00 0.00000000E+00
31  3 0.00000000E+00 0.00000000E+00 0.00000000E+00 0.00000000E+00 0.00000000E+00
31  4 0.00000000E+00 5.52951283E-01 0.00000000E+00 0.00000000E+00 0.00000000E+00
31  5 0.00000000E+00 0.00000000E+00 0.00000000E+00-5.54837728E-01 0.00000000E+00
31  6 0.00000000E+00 7.13228397E-01 0.00000000E+00 0.00000000E+00 0.00000000E+00
31  7 0.00000000E+00-4.63883057E-02 0.00000000E+00 9.32507565E-03 0.00000000E+00
31  8 0.00000000E+00 0.00000000E+00 0.00000000E+00 5.54837728E-01 0.00000000E+00
31  9 0.00000000E+00-7.13228397E-01 0.00000000E+00 0.00000000E+00 0.00000000E+00
31 10 0.00000000E+00-4.63883057E-02 0.00000000E+00-9.32507565E-03
32  1-6.41067480E-03-1.86286953E-02-9.46030734E-02 7.26649085E-02 0.00000000E+00
32  2 0.00000000E+00-3.06995399E-02 0.00000000E+00 0.00000000E+00 1.62310203E-01
32  3 0.00000000E+00 0.00000000E+00-4.83237257E-01 2.20994329E-01-1.07905984E-02
32  4-2.10203731E-01 0.00000000E+00 0.00000000E+00 0.00000000E+00 3.96085890E-03
32  5-1.88641858E-02 1.28986160E-02-1.79937324E-01 0.00000000E+00-5.87331295E-01
32  6 1.82531199E-01 0.00000000E+00 7.86653329E-01 1.11138913E-02-7.58534776E-03
32  7-3.52854357E-03 0.00000000E+00-2.63157834E-02 0.00000000E+00 3.96085890E-03
32  8-1.88641858E-02 1.28986160E-02 1.79937324E-01 0.00000000E+00-5.87331295E-01
32  9-1.82531199E-01 0.00000000E+00 7.86653329E-01 1.11138913E-02-7.58534776E-03
32 10-3.52854357E-03 0.00000000E+00 2.63157834E-02 0.00000000E+00
33  1-2.21653039E-02-1.06303542E-02-2.67212397E-01-2.55005005E-01 0.00000000E+00
33  2 0.00000000E+00 2.36145918E-02 0.00000000E+00 0.00000000E+00-1.11809048E-01
33  3 0.00000000E+00 0.00000000E+00 4.45032468E-02-1.10875463E-01 4.98407396E-02
33  4 6.10347235E-02 0.00000000E+00 0.00000000E+00 0.00000000E+00-2.13072331E-02
33  5 2.15398889E-01-1.25803638E-01-5.95941706E-01 0.00000000E+00 1.55295178E-01
33  6 8.26845355E-01 0.00000000E+00-2.09725980E-01-3.30657661E-02 1.75082182E-02
33  7 1.55575479E-02 0.00000000E+00 1.10201257E-02 0.00000000E+00-2.13072331E-02
33  8 2.15398889E-01-1.25803638E-01 5.95941706E-01 0.00000000E+00 1.55295178E-01
33  9-8.26845355E-01 0.00000000E+00-2.09725980E-01-3.30657661E-02 1.75082182E-02
33 10 1.55575479E-02 0.00000000E+00-1.10201257E-02 0.00000000E+00
34  1 0.00000000E+00 0.00000000E+00 0.00000000E+00 0.00000000E+00-1.14530449E-01
34  2 0.00000000E+00 0.00000000E+00 5.39753187E-01 0.00000000E+00 0.00000000E+00
34  3-9.69558385E-02 0.00000000E+00 0.00000000E+00 0.00000000E+00 0.00000000E+00
34  4 0.00000000E+00 0.00000000E+00-1.28824919E-01 0.00000000E+00-1.68510792E-02
34  5 1.97203038E-01-1.66616935E-01-5.41772409E-01 0.00000000E+00 2.47214907E-01
34  6 7.33781693E-01 0.00000000E+00-3.22348708E-01-4.01873571E-02 2.36311058E-02
34  7 1.65562513E-02 0.00000000E+00 2.67438093E-02 0.00000000E+00 1.68510792E-02
34  8-1.97203038E-01 1.66616935E-01-5.41772409E-01 0.00000000E+00-2.47214907E-01
34  9 7.33781693E-01 0.00000000E+00 3.22348708E-01 4.01873571E-02-2.36311058E-02
34 10-1.65562513E-02 0.00000000E+00 2.67438093E-02 0.00000000E+00
35  1 2.32000348E-02 2.28853888E-01 5.39000565E-01-1.26866939E+00 0.00000000E+00
35  2 0.00000000E+00 3.93204666E-03 0.00000000E+00 0.00000000E+00-7.20261746E-03
35  3 0.00000000E+00 0.00000000E+00-1.84134605E-01-4.67710701E-01 2.49007348E-01
35  4 2.18703353E-01 0.00000000E+00 0.00000000E+00 0.00000000E+00 2.03132483E-02
35  5-1.06169420E+00 1.30222938E+00-1.29222500E-01 0.00000000E+00-1.16468875E-03
35  6 5.11086707E-01 0.00000000E+00-3.81586460E-02-1.87443956E-01 1.00565637E-01
35  7 8.68783187E-02 0.00000000E+00 6.15402345E-02 0.00000000E+00 2.03132483E-02
35  8-1.06169420E+00 1.30222938E+00 1.29222500E-01 0.00000000E+00-1.16468875E-03
35  9-5.11086707E-01 0.00000000E+00-3.81586460E-02-1.87443956E-01 1.00565637E-01
35 10 8.68783187E-02 0.00000000E+00-6.15402345E-02 0.00000000E+00
36  1 0.00000000E+00 0.00000000E+00 0.00000000E+00 0.00000000E+00-2.19344640E-02
36  2 0.00000000E+00 0.00000000E+00 6.68247657E-03 0.00000000E+00 0.00000000E+00
36  3 1.36941693E+00 0.00000000E+00 0.00000000E+00 0.00000000E+00 0.00000000E+00
36  4 0.00000000E+00 0.00000000E+00 1.93743854E-01 0.00000000E+00 1.12829566E-02
36  5-1.21243673E+00 1.76808660E+00-1.46817431E-01 0.00000000E+00 5.23589725E-02
36  6 6.07065958E-01 0.00000000E+00-1.68251358E-01-1.56553306E-01 7.95964379E-02
36  7 7.69568678E-02 0.00000000E+00 3.59875152E-02 0.00000000E+00-1.12829566E-02
36  8 1.21243673E+00-1.76808660E+00-1.46817431E-01 0.00000000E+00-5.23589725E-02
36  9 6.07065958E-01 0.00000000E+00 1.68251358E-01 1.56553306E-01-7.95964379E-02
36 10-7.69568678E-02 0.00000000E+00 3.59875152E-02 0.00000000E+00
37  1 0.00000000E+00 0.00000000E+00 0.00000000E+00 0.00000000E+00-9.80745800E-04
37  2 0.00000000E+00 0.00000000E+00 2.35259414E-03 0.00000000E+00 0.00000000E+00
37  3 5.86597615E-03 0.00000000E+00 0.00000000E+00 0.00000000E+00 0.00000000E+00
37  4 0.00000000E+00 0.00000000E+00-2.98802161E-02 0.00000000E+00 1.65560382E-04
37  5-2.78333655E-03 3.82305503E-03-7.14879742E-04 0.00000000E+00 4.51776252E-03
37  6 6.68673653E-04 0.00000000E+00-7.06031186E-03-5.12802164E-02 5.99008157E-01
37  7-5.47727941E-01 0.00000000E+00-2.43017827E-01 0.00000000E+00-1.65560382E-04
37  8 2.78333655E-03-3.82305503E-03-7.14879742E-04 0.00000000E+00-4.51776252E-03
37  9 6.68673653E-04 0.00000000E+00 7.06031186E-03 5.12802164E-02-5.99008157E-01
37 10 5.47727941E-01 0.00000000E+00-2.43017827E-01 0.00000000E+00
38  1 0.00000000E+00 0.00000000E+00 0.00000000E+00 0.00000000E+00 0.00000000E+00
38  2 0.00000000E+00 0.00000000E+00 0.00000000E+00 0.00000000E+00 0.00000000E+00
38  3 0.00000000E+00 0.00000000E+00 0.00000000E+00 0.00000000E+00 0.00000000E+00
38  4 0.00000000E+00 3.13319451E-02 0.00000000E+00 0.00000000E+00 0.00000000E+00
38  5 0.00000000E+00 0.00000000E+00 0.00000000E+00-4.35594976E-03 0.00000000E+00
38  6 0.00000000E+00 7.03772531E-03 0.00000000E+00 0.00000000E+00 0.00000000E+00
38  7 0.00000000E+00 2.44129898E-01 0.00000000E+00 6.63640758E-01 0.00000000E+00
38  8 0.00000000E+00 0.00000000E+00 0.00000000E+00 4.35594976E-03 0.00000000E+00
38  9 0.00000000E+00-7.03772531E-03 0.00000000E+00 0.00000000E+00 0.00000000E+00
38 10 0.00000000E+00 2.44129898E-01 0.00000000E+00-6.63640758E-01
39  1 0.00000000E+00 0.00000000E+00 0.00000000E+00 0.00000000E+00 0.00000000E+00
39  2 1.92456897E-03 0.00000000E+00 0.00000000E+00 9.91722668E-03 0.00000000E+00
39  3 0.00000000E+00-7.15150728E-02 0.00000000E+00 0.00000000E+00 0.00000000E+00
39  4 0.00000000E+00 0.00000000E+00 0.00000000E+00-4.32958212E-02 0.00000000E+00
39  5 0.00000000E+00 0.00000000E+00 0.00000000E+00-1.58809153E-02 0.00000000E+00
39  6 0.00000000E+00 2.95842072E-02 0.00000000E+00 0.00000000E+00 0.00000000E+00
39  7 0.00000000E+00 4.59253628E-01 0.00000000E+00 5.38682893E-01 0.00000000E+00
39  8 0.00000000E+00 0.00000000E+00 0.00000000E+00-1.58809153E-02 0.00000000E+00
39  9 0.00000000E+00 2.95842072E-02 0.00000000E+00 0.00000000E+00 0.00000000E+00
39 10 0.00000000E+00-4.59253628E-01 0.00000000E+00 5.38682893E-01
40  1-8.13413083E-05-5.77420137E-03-8.26613260E-03 3.05444665E-02 0.00000000E+00
40  2 0.00000000E+00-1.80124636E-03 0.00000000E+00 0.00000000E+00-4.45679749E-03
40  3 0.00000000E+00 0.00000000E+00 4.93756854E-02 1.31686505E-03-3.47277628E-02
40  4 3.34108978E-02 0.00000000E+00 0.00000000E+00 0.00000000E+00 2.95569778E-05
40  5 1.70297076E-02-2.55400549E-02 6.84841362E-03 0.00000000E+00 9.94847483E-03
40  6-1.85128834E-02 0.00000000E+00-1.79451179E-02-1.05994609E-01 5.90185619E-01
40  7-4.84191011E-01 0.00000000E+00-3.23085132E-01 0.00000000E+00 2.95569778E-05
40  8 1.70297076E-02-2.55400549E-02-6.84841362E-03 0.00000000E+00 9.94847483E-03
40  9 1.85128834E-02 0.00000000E+00-1.79451179E-02-1.05994609E-01 5.90185619E-01
40 10-4.84191011E-01 0.00000000E+00 3.23085132E-01 0.00000000E+00
41  1 0.00000000E+00 0.00000000E+00 0.00000000E+00 0.00000000E+00 0.00000000E+00
41  2 3.54176511E-03 0.00000000E+00 0.00000000E+00 1.56026114E-02 0.00000000E+00
41  3 0.00000000E+00-1.18979661E-01 0.00000000E+00 0.00000000E+00 0.00000000E+00
41  4 0.00000000E+00 0.00000000E+00 0.00000000E+00-1.76648071E-02 0.00000000E+00
41  5 0.00000000E+00 0.00000000E+00 0.00000000E+00-2.54086927E-02 0.00000000E+00
41  6 0.00000000E+00 4.64734756E-02 0.00000000E+00 0.00000000E+00 0.00000000E+00
41  7 0.00000000E+00 5.41738415E-01 0.00000000E+00-4.58164811E-01 0.00000000E+00
41  8 0.00000000E+00 0.00000000E+00 0.00000000E+00-2.54086927E-02 0.00000000E+00
41  9 0.00000000E+00 4.64734756E-02 0.00000000E+00 0.00000000E+00 0.00000000E+00
41 10 0.00000000E+00-5.41738415E-01 0.00000000E+00-4.58164811E-01
42  1-8.05324992E-05 1.35051485E-02 1.64386517E-02-7.07620832E-02 0.00000000E+00
42  2 0.00000000E+00 5.55627195E-03 0.00000000E+00 0.00000000E+00 1.11900034E-02
42  3 0.00000000E+00 0.00000000E+00-1.36872759E-01 4.71128235E-03 2.09069736E-02
42  4-2.56182559E-02 0.00000000E+00 0.00000000E+00 0.00000000E+00 5.94426168E-04
42  5-4.19134875E-02 5.94266072E-02-1.80630413E-02 0.00000000E+00-2.65860653E-02
42  6 4.50350243E-02 0.00000000E+00 4.72935092E-02 2.54265074E-01 1.65763389E-01
42  7-4.20028462E-01 0.00000000E+00 5.70036151E-01 0.00000000E+00 5.94426168E-04
42  8-4.19134875E-02 5.94266072E-02 1.80630413E-02 0.00000000E+00-2.65860653E-02
42  9-4.50350243E-02 0.00000000E+00 4.72935092E-02 2.54265074E-01 1.65763389E-01
42 10-4.20028462E-01 0.00000000E+00-5.70036151E-01 0.00000000E+00
43  1 0.00000000E+00 0.00000000E+00 0.00000000E+00 0.00000000E+00 2.28250616E-02
43  2 0.00000000E+00 0.00000000E+00-7.27626010E-02 0.00000000E+00 0.00000000E+00
43  3-6.94203195E-02 0.00000000E+00 0.00000000E+00 0.00000000E+00 0.00000000E+00
43  4 0.00000000E+00 0.00000000E+00 1.56330203E-01 0.00000000E+00 1.66869850E-04
43  5 6.18874742E-02-9.40427200E-02 2.01845185E-02 0.00000000E+00-2.83637277E-02
43  6-4.82856434E-02 0.00000000E+00 4.87294821E-02 6.51591988E-02 1.81325393E-01
43  7-2.46484591E-01 0.00000000E+00 6.59605204E-01 0.00000000E+00-1.66869850E-04
43  8-6.18874742E-02 9.40427200E-02 2.01845185E-02 0.00000000E+00 2.83637277E-02
43  9-4.82856434E-02 0.00000000E+00-4.87294821E-02-6.51591988E-02-1.81325393E-01
43 10 2.46484591E-01 0.00000000E+00 6.59605204E-01 0.00000000E+00
44  1 0.00000000E+00 0.00000000E+00 0.00000000E+00 0.00000000E+00 0.00000000E+00
44  2 0.00000000E+00 0.00000000E+00 0.00000000E+00 0.00000000E+00 0.00000000E+00
44  3 0.00000000E+00 0.00000000E+00 0.00000000E+00 0.00000000E+00 0.00000000E+00
44  4 0.00000000E+00 2.01323300E-01 0.00000000E+00 0.00000000E+00 0.00000000E+00
44  5 0.00000000E+00 0.00000000E+00 0.00000000E+00-2.68900496E-02 0.00000000E+00
44  6 0.00000000E+00 4.50693098E-02 0.00000000E+00 0.00000000E+00 0.00000000E+00
44  7 0.00000000E+00 6.64033807E-01 0.00000000E+00-2.44122076E-01 0.00000000E+00
44  8 0.00000000E+00 0.00000000E+00 0.00000000E+00 2.68900496E-02 0.00000000E+00
44  9 0.00000000E+00-4.50693098E-02 0.00000000E+00 0.00000000E+00 0.00000000E+00
44 10 0.00000000E+00 6.64033807E-01 0.00000000E+00 2.44122076E-01
45  1 0.00000000E+00 0.00000000E+00 0.00000000E+00 0.00000000E+00-1.07680996E-01
45  2 0.00000000E+00 0.00000000E+00 3.62714030E-01 0.00000000E+00 0.00000000E+00
45  3 3.21074415E-01 0.00000000E+00 0.00000000E+00 0.00000000E+00 0.00000000E+00
45  4 0.00000000E+00 0.00000000E+00 1.99931637E-01 0.00000000E+00-1.92676467E-03
45  5-3.52334555E-01 5.28817209E-01-1.03868108E-01 0.00000000E+00 1.16664838E-02
45  6 3.19070839E-01 0.00000000E+00-4.40658508E-02 6.97466308E-01-3.26345274E-01
45  7-3.71121033E-01 0.00000000E+00-7.65676294E-02 0.00000000E+00 1.92676467E-03
45  8 3.52334555E-01-5.28817209E-01-1.03868108E-01 0.00000000E+00-1.16664838E-02
45  9 3.19070839E-01 0.00000000E+00 4.40658508E-02-6.97466308E-01 3.26345274E-01
45 10 3.71121033E-01 0.00000000E+00-7.65676294E-02 0.00000000E+00
46  1-9.32521959E-04-1.57619233E-01-2.12211781E-01 8.29640791E-01 0.00000000E+00
46  2 0.00000000E+00-2.03164327E-02 0.00000000E+00 0.00000000E+00 7.14665720E-02
46  3 0.00000000E+00 0.00000000E+00 6.51708856E-02 6.00656875E-01-3.11524620E-01
46  4-2.89132254E-01 0.00000000E+00 0.00000000E+00 0.00000000E+00 7.75805493E-03
46  5 4.06221513E-01-6.17991185E-01 9.46083991E-02 0.00000000E+00-1.98881193E-02
46  6-4.20005169E-01 0.00000000E+00 7.95417313E-02-6.56770349E-01 3.54730923E-01
46  7 3.02039426E-01 0.00000000E+00 2.75196052E-01 0.00000000E+00 7.75805493E-03
46  8 4.06221513E-01-6.17991185E-01-9.46083991E-02 0.00000000E+00-1.98881193E-02
46  9 4.20005169E-01 0.00000000E+00 7.95417313E-02-6.56770349E-01 3.54730923E-01
46 10 3.02039426E-01 0.00000000E+00-2.75196052E-01 0.00000000E+00
 $END   
 POPULATION ANALYSIS
S           15.31787   0.68213  15.36407   0.63593
O            8.34106  -0.34106   8.31796  -0.31796
O            8.34106  -0.34106   8.31796  -0.31796
 MOMENTS AT POINT    1 X,Y,Z=  0.000000  0.000000  0.000000
 DIPOLE       0.000000  0.000000 -0.676380
