 $DATA  
Title                                                                           
CNV      2

S          16.0      0.0000000000      0.0000000000     -0.3250093041
   PC1     0
        
O           8.0      1.7854159795      0.0000000000      0.3248289682
   PC1     0
        
 $END      
 $ZMAT   IZMAT(1)=
         1,   3,   1,
         1,   2,   1,
         2,   2,   1,   3,
 $END
--- CLOSED SHELL ORBITALS --- GENERATED AT Thu Feb 26 00:22:05 2015
Title                                                                           
E(R-PBE)=     -548.1078040789, E(NUC)=   80.7841121728,   29 ITERS
 $VEC   
 1  1 1.00297735E+00-1.02716857E-02 1.77592470E-03-9.86372715E-04 0.00000000E+00
 1  2 0.00000000E+00 5.18973491E-05 0.00000000E+00 0.00000000E+00-4.19566475E-06
 1  3 0.00000000E+00 0.00000000E+00-4.40173108E-05-2.28168960E-05 1.50465029E-05
 1  4 7.77039313E-06 0.00000000E+00 0.00000000E+00 0.00000000E+00-2.25248043E-06
 1  5-1.80029319E-05 1.07301948E-04 1.22599648E-05 0.00000000E+00-7.77245108E-06
 1  6 1.83471942E-05 0.00000000E+00 5.44681675E-06-2.64871073E-05 1.66325047E-05
 1  7 9.85460267E-06 0.00000000E+00 1.99098336E-05 0.00000000E+00-2.25248043E-06
 1  8-1.80029319E-05 1.07301948E-04-1.22599648E-05 0.00000000E+00-7.77245108E-06
 1  9-1.83471942E-05 0.00000000E+00 5.44681675E-06-2.64871073E-05 1.66325047E-05
 1 10 9.85460267E-06 0.00000000E+00-1.99098336E-05 0.00000000E+00
 2  1 0.00000000E+00 0.00000000E+00 0.00000000E+00 0.00000000E+00 1.13353669E-04
 2  2 0.00000000E+00 0.00000000E+00-3.09450332E-04 0.00000000E+00 0.00000000E+00
 2  3-5.35176943E-03 0.00000000E+00 0.00000000E+00 0.00000000E+00 0.00000000E+00
 2  4 0.00000000E+00 0.00000000E+00-1.15240138E-03 0.00000000E+00 7.03247660E-01
 2  5 2.50737642E-02-1.07092448E-02 6.80106111E-04 0.00000000E+00-3.45461213E-04
 2  6-2.17016069E-03 0.00000000E+00 1.22374366E-03-1.77747613E-04 1.40272719E-04
 2  7 3.74748942E-05 0.00000000E+00 1.87055526E-04 0.00000000E+00-7.03247660E-01
 2  8-2.50737642E-02 1.07092448E-02 6.80106111E-04 0.00000000E+00 3.45461213E-04
 2  9-2.17016069E-03 0.00000000E+00-1.22374366E-03 1.77747613E-04-1.40272719E-04
 2 10-3.74748942E-05 0.00000000E+00 1.87055526E-04 0.00000000E+00
 3  1-5.80046216E-05-9.04660155E-04-1.73402995E-03 5.23389394E-03 0.00000000E+00
 3  2 0.00000000E+00-4.66252704E-05 0.00000000E+00 0.00000000E+00 1.70407438E-04
 3  3 0.00000000E+00 0.00000000E+00 1.53940971E-03 1.34740453E-03-8.49401546E-04
 3  4-4.98002986E-04 0.00000000E+00 0.00000000E+00 0.00000000E+00 7.03209951E-01
 3  5 2.45781770E-02-9.15397356E-03 7.26496919E-04 0.00000000E+00-1.65335645E-04
 3  6-2.05320532E-03 0.00000000E+00 3.93583735E-04-2.77932657E-04 1.76437842E-04
 3  7 1.01494815E-04 0.00000000E+00 1.57629638E-04 0.00000000E+00 7.03209951E-01
 3  8 2.45781770E-02-9.15397356E-03-7.26496919E-04 0.00000000E+00-1.65335645E-04
 3  9 2.05320532E-03 0.00000000E+00 3.93583735E-04-2.77932657E-04 1.76437842E-04
 3 10 1.01494815E-04 0.00000000E+00-1.57629638E-04 0.00000000E+00
 4  1-2.74139496E-01 1.03957960E+00 4.03075192E-02-1.26770221E-02 0.00000000E+00
 4  2 0.00000000E+00 7.75228724E-03 0.00000000E+00 0.00000000E+00 4.39642611E-04
 4  3 0.00000000E+00 0.00000000E+00-5.06527238E-04 8.63961674E-05-1.14186403E-05
 4  4-7.49775271E-05 0.00000000E+00 0.00000000E+00 0.00000000E+00 1.93660831E-06
 4  5-3.43059642E-05 8.50852647E-04 4.97225517E-05 0.00000000E+00-4.85001640E-05
 4  6-5.46861608E-05 0.00000000E+00 1.46981796E-04-4.24881263E-04 2.63698440E-04
 4  7 1.61182823E-04 0.00000000E+00 3.07383955E-04 0.00000000E+00 1.93660831E-06
 4  8-3.43059642E-05 8.50852647E-04-4.97225517E-05 0.00000000E+00-4.85001640E-05
 4  9 5.46861608E-05 0.00000000E+00 1.46981796E-04-4.24881263E-04 2.63698440E-04
 4 10 1.61182823E-04 0.00000000E+00-3.07383955E-04 0.00000000E+00
 5  1 0.00000000E+00 0.00000000E+00 0.00000000E+00 0.00000000E+00 9.96919009E-01
 5  2 0.00000000E+00 0.00000000E+00 8.82030633E-03 0.00000000E+00 0.00000000E+00
 5  3-5.10254792E-05 0.00000000E+00 0.00000000E+00 0.00000000E+00 0.00000000E+00
 5  4 0.00000000E+00 0.00000000E+00 4.37835882E-04 0.00000000E+00 1.49537380E-05
 5  5 2.75541126E-05 5.98485096E-05 4.53772018E-05 0.00000000E+00-2.59668421E-05
 5  6 1.44422103E-06 0.00000000E+00 2.03761548E-05-4.16938413E-05 2.71820012E-05
 5  7 1.45118401E-05 0.00000000E+00 3.27660129E-05 0.00000000E+00-1.49537380E-05
 5  8-2.75541126E-05-5.98485096E-05 4.53772018E-05 0.00000000E+00 2.59668421E-05
 5  9 1.44422103E-06 0.00000000E+00-2.03761548E-05 4.16938413E-05-2.71820012E-05
 5 10-1.45118401E-05 0.00000000E+00 3.27660129E-05 0.00000000E+00
 6  1 0.00000000E+00 0.00000000E+00 0.00000000E+00 0.00000000E+00 0.00000000E+00
 6  2 9.96958395E-01 0.00000000E+00 0.00000000E+00 8.73360925E-03 0.00000000E+00
 6  3 0.00000000E+00-1.44858971E-04 0.00000000E+00 0.00000000E+00 0.00000000E+00
 6  4 0.00000000E+00 0.00000000E+00 0.00000000E+00 3.89774348E-04 0.00000000E+00
 6  5 0.00000000E+00 0.00000000E+00 0.00000000E+00 2.80504976E-06 0.00000000E+00
 6  6 0.00000000E+00-4.10838251E-05 0.00000000E+00 0.00000000E+00 0.00000000E+00
 6  7 0.00000000E+00-2.70961597E-05 0.00000000E+00 8.17103673E-06 0.00000000E+00
 6  8 0.00000000E+00 0.00000000E+00 0.00000000E+00 2.80504976E-06 0.00000000E+00
 6  9 0.00000000E+00-4.10838251E-05 0.00000000E+00 0.00000000E+00 0.00000000E+00
 6 10 0.00000000E+00 2.70961597E-05 0.00000000E+00 8.17103673E-06
 7  1 2.11880736E-03-8.15104659E-03-1.77076555E-04-1.04339167E-04 0.00000000E+00
 7  2 0.00000000E+00 9.96949181E-01 0.00000000E+00 0.00000000E+00 8.66084157E-03
 7  3 0.00000000E+00 0.00000000E+00-1.51418031E-04-2.75418065E-04-1.97554462E-04
 7  4 4.72972527E-04 0.00000000E+00 0.00000000E+00 0.00000000E+00-1.13896951E-05
 7  5-7.09272610E-05 1.10942775E-04-2.20276091E-05 0.00000000E+00 1.48144285E-05
 7  6 8.43529361E-05 0.00000000E+00-8.54222120E-05 3.09544758E-05-2.81495397E-05
 7  7-2.80493608E-06 0.00000000E+00-5.75013511E-05 0.00000000E+00-1.13896951E-05
 7  8-7.09272610E-05 1.10942775E-04 2.20276091E-05 0.00000000E+00 1.48144285E-05
 7  9-8.43529361E-05 0.00000000E+00-8.54222120E-05 3.09544758E-05-2.81495397E-05
 7 10-2.80493608E-06 0.00000000E+00 5.75013511E-05 0.00000000E+00
 8  1 3.69197554E-02-1.10058002E-01 2.15640790E-01 1.82588719E-01 0.00000000E+00
 8  2 0.00000000E+00-2.20258619E-02 0.00000000E+00 0.00000000E+00 4.61762126E-02
 8  3 0.00000000E+00 0.00000000E+00 1.17577762E-02 2.90345216E-02-1.77478298E-02
 8  4-1.12866917E-02 0.00000000E+00 0.00000000E+00 0.00000000E+00-1.39398735E-01
 8  5 2.81662883E-01 3.53330238E-01 5.67625974E-02 0.00000000E+00-1.95737234E-02
 8  6 3.03785608E-02 0.00000000E+00-1.13191788E-02 8.03429590E-03-2.99767661E-03
 8  7-5.03661929E-03 0.00000000E+00-3.85116291E-03 0.00000000E+00-1.39398735E-01
 8  8 2.81662883E-01 3.53330238E-01-5.67625974E-02 0.00000000E+00-1.95737234E-02
 8  9-3.03785608E-02 0.00000000E+00-1.13191788E-02 8.03429590E-03-2.99767661E-03
 8 10-5.03661929E-03 0.00000000E+00 3.85116291E-03 0.00000000E+00
 9  1 0.00000000E+00 0.00000000E+00 0.00000000E+00 0.00000000E+00 6.06982766E-02
 9  2 0.00000000E+00 0.00000000E+00-1.23731067E-01 0.00000000E+00 0.00000000E+00
 9  3-3.21471979E-02 0.00000000E+00 0.00000000E+00 0.00000000E+00 0.00000000E+00
 9  4 0.00000000E+00 0.00000000E+00-2.25407402E-02 0.00000000E+00-1.55950365E-01
 9  5 3.16167411E-01 4.04256858E-01 4.78307247E-02 0.00000000E+00-1.77436166E-02
 9  6 2.99578612E-02 0.00000000E+00-1.10642764E-02 7.13163904E-03-2.27110110E-03
 9  7-4.86053794E-03 0.00000000E+00-3.35453996E-03 0.00000000E+00 1.55950365E-01
 9  8-3.16167411E-01-4.04256858E-01 4.78307247E-02 0.00000000E+00 1.77436166E-02
 9  9 2.99578612E-02 0.00000000E+00 1.10642764E-02-7.13163904E-03 2.27110110E-03
 9 10 4.86053794E-03 0.00000000E+00-3.35453996E-03 0.00000000E+00
10  1 7.79569544E-02-2.24814189E-01 4.81735226E-01 4.63940691E-01 0.00000000E+00
10  2 0.00000000E+00 2.87825070E-03 0.00000000E+00 0.00000000E+00-1.97934667E-03
10  3 0.00000000E+00 0.00000000E+00-1.21045025E-02-7.93753696E-03 5.87047579E-03
10  4 2.06706117E-03 0.00000000E+00 0.00000000E+00 0.00000000E+00 8.51373246E-02
10  5-1.78764246E-01-2.60155055E-01 7.94543927E-02 0.00000000E+00-2.68954502E-02
10  6 3.65066557E-02 0.00000000E+00-9.64642355E-03 4.70789575E-03-3.94509741E-03
10  7-7.62798344E-04 0.00000000E+00-3.81884400E-03 0.00000000E+00 8.51373246E-02
10  8-1.78764246E-01-2.60155055E-01-7.94543927E-02 0.00000000E+00-2.68954502E-02
10  9-3.65066557E-02 0.00000000E+00-9.64642355E-03 4.70789575E-03-3.94509741E-03
10 10-7.62798344E-04 0.00000000E+00 3.81884400E-03 0.00000000E+00
11  1 0.00000000E+00 0.00000000E+00 0.00000000E+00 0.00000000E+00-1.86031396E-01
11  2 0.00000000E+00 0.00000000E+00 4.38639247E-01 0.00000000E+00 0.00000000E+00
11  3 1.52838784E-01 0.00000000E+00 0.00000000E+00 0.00000000E+00 0.00000000E+00
11  4 0.00000000E+00 0.00000000E+00 2.79320665E-02 0.00000000E+00-4.59351022E-02
11  5 1.02604579E-01 1.59118758E-01-3.24009218E-01 0.00000000E+00 1.28490258E-01
11  6-2.06619039E-01 0.00000000E+00 8.41031568E-02-1.09851976E-02 7.85373043E-03
11  7 3.13146719E-03 0.00000000E+00 9.79304060E-03 0.00000000E+00 4.59351022E-02
11  8-1.02604579E-01-1.59118758E-01-3.24009218E-01 0.00000000E+00-1.28490258E-01
11  9-2.06619039E-01 0.00000000E+00-8.41031568E-02 1.09851976E-02-7.85373043E-03
11 10-3.13146719E-03 0.00000000E+00 9.79304060E-03 0.00000000E+00
12  1-1.05056112E-02 3.77621995E-02-5.72096860E-02-1.40322413E-01 0.00000000E+00
12  2 0.00000000E+00-2.13576135E-01 0.00000000E+00 0.00000000E+00 5.03445859E-01
12  3 0.00000000E+00 0.00000000E+00 3.23065309E-01 6.74367747E-03-1.94379708E-02
12  4 1.26942933E-02 0.00000000E+00 0.00000000E+00 0.00000000E+00 1.38852315E-02
12  5-2.85580612E-02-5.81911249E-02 2.48729078E-01 0.00000000E+00 1.42911608E-01
12  6 1.59222941E-01 0.00000000E+00 9.04893073E-02 1.06819113E-02-3.40087917E-03
12  7-7.28103213E-03 0.00000000E+00 3.96737766E-03 0.00000000E+00 1.38852315E-02
12  8-2.85580612E-02-5.81911249E-02-2.48729078E-01 0.00000000E+00 1.42911608E-01
12  9-1.59222941E-01 0.00000000E+00 9.04893073E-02 1.06819113E-02-3.40087917E-03
12 10-7.28103213E-03 0.00000000E+00-3.96737766E-03 0.00000000E+00
13  1 0.00000000E+00 0.00000000E+00 0.00000000E+00 0.00000000E+00 0.00000000E+00
13  2-2.13324824E-01 0.00000000E+00 0.00000000E+00 5.03775823E-01 0.00000000E+00
13  3 0.00000000E+00 3.46597927E-01 0.00000000E+00 0.00000000E+00 0.00000000E+00
13  4 0.00000000E+00 0.00000000E+00 0.00000000E+00 1.87168588E-02 0.00000000E+00
13  5 0.00000000E+00 0.00000000E+00 0.00000000E+00 2.81703003E-01 0.00000000E+00
13  6 0.00000000E+00 1.78543565E-01 0.00000000E+00 0.00000000E+00 0.00000000E+00
13  7 0.00000000E+00 1.09955158E-02 0.00000000E+00-3.97768474E-03 0.00000000E+00
13  8 0.00000000E+00 0.00000000E+00 0.00000000E+00 2.81703003E-01 0.00000000E+00
13  9 0.00000000E+00 1.78543565E-01 0.00000000E+00 0.00000000E+00 0.00000000E+00
13 10 0.00000000E+00-1.09955158E-02 0.00000000E+00-3.97768474E-03
14  1 0.00000000E+00 0.00000000E+00 0.00000000E+00 0.00000000E+00 0.00000000E+00
14  2 0.00000000E+00 0.00000000E+00 0.00000000E+00 0.00000000E+00 0.00000000E+00
14  3 0.00000000E+00 0.00000000E+00 0.00000000E+00 0.00000000E+00 0.00000000E+00
14  4 0.00000000E+00-6.33585447E-02 0.00000000E+00 0.00000000E+00 0.00000000E+00
14  5 0.00000000E+00 0.00000000E+00 0.00000000E+00 4.76753075E-01 0.00000000E+00
14  6 0.00000000E+00 3.36153435E-01 0.00000000E+00 0.00000000E+00 0.00000000E+00
14  7 0.00000000E+00 1.00219900E-02 0.00000000E+00-3.97254149E-03 0.00000000E+00
14  8 0.00000000E+00 0.00000000E+00 0.00000000E+00-4.76753075E-01 0.00000000E+00
14  9 0.00000000E+00-3.36153435E-01 0.00000000E+00 0.00000000E+00 0.00000000E+00
14 10 0.00000000E+00 1.00219900E-02 0.00000000E+00 3.97254149E-03
15  1 0.00000000E+00 0.00000000E+00 0.00000000E+00 0.00000000E+00-2.13742808E-02
15  2 0.00000000E+00 0.00000000E+00 4.67722293E-02 0.00000000E+00 0.00000000E+00
15  3 9.17204669E-02 0.00000000E+00 0.00000000E+00 0.00000000E+00 0.00000000E+00
15  4 0.00000000E+00 0.00000000E+00-5.92533076E-02 0.00000000E+00-3.29500469E-03
15  5 1.57860788E-03 3.77161033E-02 2.14517418E-01 0.00000000E+00 4.22333121E-01
15  6 1.61575742E-01 0.00000000E+00 2.92120963E-01 6.77724848E-03-2.76327933E-04
15  7-6.50092055E-03 0.00000000E+00 7.36423320E-03 0.00000000E+00 3.29500469E-03
15  8-1.57860788E-03-3.77161033E-02 2.14517418E-01 0.00000000E+00-4.22333121E-01
15  9 1.61575742E-01 0.00000000E+00-2.92120963E-01-6.77724848E-03 2.76327933E-04
15 10 6.50092055E-03 0.00000000E+00 7.36423320E-03 0.00000000E+00
16  1 1.82781680E-02-6.64957185E-02 1.00967426E-01 2.74930178E-01 0.00000000E+00
16  2 0.00000000E+00 3.74415024E-02 0.00000000E+00 0.00000000E+00-9.37715677E-02
16  3 0.00000000E+00 0.00000000E+00-6.05203300E-03-9.41126298E-02 4.14615576E-02
16  4 5.26510722E-02 0.00000000E+00 0.00000000E+00 0.00000000E+00-1.44140847E-03
16  5 7.66101112E-03-2.11761426E-02-1.98102697E-01 0.00000000E+00 4.31463465E-01
16  6-1.46851677E-01 0.00000000E+00 3.05963917E-01-2.10586281E-03 3.81572917E-03
16  7-1.70986636E-03 0.00000000E+00 9.31603204E-03 0.00000000E+00-1.44140847E-03
16  8 7.66101112E-03-2.11761426E-02 1.98102697E-01 0.00000000E+00 4.31463465E-01
16  9 1.46851677E-01 0.00000000E+00 3.05963917E-01-2.10586281E-03 3.81572917E-03
16 10-1.70986636E-03 0.00000000E+00-9.31603204E-03 0.00000000E+00
17  1 0.00000000E+00 0.00000000E+00 0.00000000E+00 0.00000000E+00 0.00000000E+00
17  2-1.93872300E-01 0.00000000E+00 0.00000000E+00 4.80052691E-01 0.00000000E+00
17  3 0.00000000E+00 3.34248274E-01 0.00000000E+00 0.00000000E+00 0.00000000E+00
17  4 0.00000000E+00 0.00000000E+00 0.00000000E+00-1.52049949E-02 0.00000000E+00
17  5 0.00000000E+00 0.00000000E+00 0.00000000E+00-4.03665735E-01 0.00000000E+00
17  6 0.00000000E+00-2.88785496E-01 0.00000000E+00 0.00000000E+00 0.00000000E+00
17  7 0.00000000E+00-5.72247131E-04 0.00000000E+00 3.36617204E-04 0.00000000E+00
17  8 0.00000000E+00 0.00000000E+00 0.00000000E+00-4.03665735E-01 0.00000000E+00
17  9 0.00000000E+00-2.88785496E-01 0.00000000E+00 0.00000000E+00 0.00000000E+00
17 10 0.00000000E+00 5.72247131E-04 0.00000000E+00 3.36617204E-04
18  1 1.91141630E-02-5.29383557E-02 1.29582201E-01 2.23560997E-01 0.00000000E+00
18  2 0.00000000E+00-1.91797972E-01 0.00000000E+00 0.00000000E+00 4.79678575E-01
18  3 0.00000000E+00 0.00000000E+00 3.86199208E-01-6.42802811E-02 4.90923604E-02
18  4 1.51879207E-02 0.00000000E+00 0.00000000E+00 0.00000000E+00 1.52198127E-02
18  5-3.09523537E-02-9.62022308E-02-3.77274283E-01 0.00000000E+00-1.55964729E-01
18  6-2.84890996E-01 0.00000000E+00-1.09623487E-01-3.04694800E-05 8.77587397E-04
18  7-8.47117917E-04 0.00000000E+00 3.29347843E-03 0.00000000E+00 1.52198127E-02
18  8-3.09523537E-02-9.62022308E-02 3.77274283E-01 0.00000000E+00-1.55964729E-01
18  9 2.84890996E-01 0.00000000E+00-1.09623487E-01-3.04694800E-05 8.77587397E-04
18 10-8.47117917E-04 0.00000000E+00-3.29347843E-03 0.00000000E+00
19  1 0.00000000E+00 0.00000000E+00 0.00000000E+00 0.00000000E+00-2.38449256E-01
19  2 0.00000000E+00 0.00000000E+00 6.12202432E-01 0.00000000E+00 0.00000000E+00
19  3 6.72136726E-01 0.00000000E+00 0.00000000E+00 0.00000000E+00 0.00000000E+00
19  4 0.00000000E+00 0.00000000E+00-9.25564096E-02 0.00000000E+00-4.14223061E-02
19  5 8.06716676E-02 2.92504224E-01 2.95825891E-01 0.00000000E+00-2.19657237E-01
19  6 2.86011253E-01 0.00000000E+00-1.78983780E-01-2.26290188E-04 2.29603409E-03
19  7-2.06974390E-03 0.00000000E+00 5.71965708E-03 0.00000000E+00 4.14223061E-02
19  8-8.06716676E-02-2.92504224E-01 2.95825891E-01 0.00000000E+00 2.19657237E-01
19  9 2.86011253E-01 0.00000000E+00 1.78983780E-01 2.26290188E-04-2.29603409E-03
19 10 2.06974390E-03 0.00000000E+00 5.71965708E-03 0.00000000E+00
20  1 0.00000000E+00 0.00000000E+00 0.00000000E+00 0.00000000E+00 2.42934024E-01
20  2 0.00000000E+00 0.00000000E+00-9.70131476E-01 0.00000000E+00 0.00000000E+00
20  3 1.55080162E+00 0.00000000E+00 0.00000000E+00 0.00000000E+00 0.00000000E+00
20  4 0.00000000E+00 0.00000000E+00-2.67592532E-01 0.00000000E+00-2.37208424E-02
20  5-9.24902828E-03 4.97887138E-01-2.20642616E-01 0.00000000E+00-5.48762949E-02
20  6 2.86186031E-01 0.00000000E+00-1.01656199E-01 4.66846849E-02-2.33147667E-02
20  7-2.33699182E-02 0.00000000E+00-1.66647238E-02 0.00000000E+00 2.37208424E-02
20  8 9.24902828E-03-4.97887138E-01-2.20642616E-01 0.00000000E+00 5.48762949E-02
20  9 2.86186031E-01 0.00000000E+00 1.01656199E-01-4.66846849E-02 2.33147667E-02
20 10 2.33699182E-02 0.00000000E+00-1.66647238E-02 0.00000000E+00
21  1-1.42865915E-02-8.36266560E-02-2.61651206E-01 4.37474995E-01 0.00000000E+00
21  2 0.00000000E+00 2.84464571E-01 0.00000000E+00 0.00000000E+00-1.10034200E+00
21  3 0.00000000E+00 0.00000000E+00 1.23309348E+00-1.09163128E-01 1.44429165E-01
21  4-3.52660365E-02 0.00000000E+00 0.00000000E+00 0.00000000E+00 8.47516864E-03
21  5 3.20491736E-03-1.83520655E-01 3.92328583E-02 0.00000000E+00-1.50484348E-01
21  6-1.38882586E-01 0.00000000E+00-4.54656340E-03-2.04016055E-02 1.38061509E-02
21  7 6.59545453E-03 0.00000000E+00 1.52449969E-02 0.00000000E+00 8.47516864E-03
21  8 3.20491736E-03-1.83520655E-01-3.92328583E-02 0.00000000E+00-1.50484348E-01
21  9 1.38882586E-01 0.00000000E+00-4.54656340E-03-2.04016055E-02 1.38061509E-02
21 10 6.59545453E-03 0.00000000E+00-1.52449969E-02 0.00000000E+00
22  1 0.00000000E+00 0.00000000E+00 0.00000000E+00 0.00000000E+00 0.00000000E+00
22  2 2.97820402E-01 0.00000000E+00 0.00000000E+00-1.14787447E+00 0.00000000E+00
22  3 0.00000000E+00 1.20914022E+00 0.00000000E+00 0.00000000E+00 0.00000000E+00
22  4 0.00000000E+00 0.00000000E+00 0.00000000E+00-8.67465941E-02 0.00000000E+00
22  5 0.00000000E+00 0.00000000E+00 0.00000000E+00-1.09981642E-01 0.00000000E+00
22  6 0.00000000E+00-6.14877673E-02 0.00000000E+00 0.00000000E+00 0.00000000E+00
22  7 0.00000000E+00-2.57638956E-03 0.00000000E+00 1.64643214E-04 0.00000000E+00
22  8 0.00000000E+00 0.00000000E+00 0.00000000E+00-1.09981642E-01 0.00000000E+00
22  9 0.00000000E+00-6.14877673E-02 0.00000000E+00 0.00000000E+00 0.00000000E+00
22 10 0.00000000E+00 2.57638956E-03 0.00000000E+00 1.64643214E-04
23  1-1.04658509E-01-3.66312982E-01-1.60289240E+00 1.84569524E+00 0.00000000E+00
23  2 0.00000000E+00-6.65418416E-02 0.00000000E+00 0.00000000E+00 2.51533026E-01
23  3 0.00000000E+00 0.00000000E+00-1.88204517E-01-3.82058989E-01 1.97927951E-01
23  4 1.84131038E-01 0.00000000E+00 0.00000000E+00 0.00000000E+00 1.01567986E-02
23  5-1.62333061E-02-1.50194027E-01 5.44511853E-02 0.00000000E+00-8.58945591E-02
23  6-1.24875167E-01 0.00000000E+00 9.98767496E-02-2.72457847E-02 2.13244134E-02
23  7 5.92137125E-03 0.00000000E+00 3.29394871E-02 0.00000000E+00 1.01567986E-02
23  8-1.62333061E-02-1.50194027E-01-5.44511853E-02 0.00000000E+00-8.58945591E-02
23  9 1.24875167E-01 0.00000000E+00 9.98767496E-02-2.72457847E-02 2.13244134E-02
23 10 5.92137125E-03 0.00000000E+00-3.29394871E-02 0.00000000E+00
24  1 0.00000000E+00 0.00000000E+00 0.00000000E+00 0.00000000E+00 0.00000000E+00
24  2 0.00000000E+00 0.00000000E+00 0.00000000E+00 0.00000000E+00 0.00000000E+00
24  3 0.00000000E+00 0.00000000E+00 0.00000000E+00 0.00000000E+00 0.00000000E+00
24  4 0.00000000E+00 8.56009621E-01 0.00000000E+00 0.00000000E+00 0.00000000E+00
24  5 0.00000000E+00 0.00000000E+00 0.00000000E+00 3.20502881E-01 0.00000000E+00
24  6 0.00000000E+00-2.20277928E-01 0.00000000E+00 0.00000000E+00 0.00000000E+00
24  7 0.00000000E+00-4.41318107E-02 0.00000000E+00 1.92205290E-02 0.00000000E+00
24  8 0.00000000E+00 0.00000000E+00 0.00000000E+00-3.20502881E-01 0.00000000E+00
24  9 0.00000000E+00 2.20277928E-01 0.00000000E+00 0.00000000E+00 0.00000000E+00
24 10 0.00000000E+00-4.41318107E-02 0.00000000E+00-1.92205290E-02
25  1 8.10720803E-03 3.04837851E-02 1.27056996E-01-1.54022833E-01 0.00000000E+00
25  2 0.00000000E+00 2.29792530E-02 0.00000000E+00 0.00000000E+00-7.98508222E-02
25  3 0.00000000E+00 0.00000000E+00 2.05058931E-02-1.31511978E-01-7.59274909E-01
25  4 8.90786888E-01 0.00000000E+00 0.00000000E+00 0.00000000E+00-2.91844188E-03
25  5 1.42159005E-02 8.72885276E-03-4.94503361E-02 0.00000000E+00-1.52393298E-01
25  6 5.83068471E-02 0.00000000E+00 1.01849639E-01 1.37888324E-02-8.99710688E-03
25  7-4.79172553E-03 0.00000000E+00 1.98570221E-02 0.00000000E+00-2.91844188E-03
25  8 1.42159005E-02 8.72885276E-03 4.94503361E-02 0.00000000E+00-1.52393298E-01
25  9-5.83068471E-02 0.00000000E+00 1.01849639E-01 1.37888324E-02-8.99710688E-03
25 10-4.79172553E-03 0.00000000E+00-1.98570221E-02 0.00000000E+00
26  1 0.00000000E+00 0.00000000E+00 0.00000000E+00 0.00000000E+00 0.00000000E+00
26  2 2.19465122E-02 0.00000000E+00 0.00000000E+00-7.75215061E-02 0.00000000E+00
26  3 0.00000000E+00 3.18711807E-02 0.00000000E+00 0.00000000E+00 0.00000000E+00
26  4 0.00000000E+00 0.00000000E+00 0.00000000E+00 9.69842061E-01 0.00000000E+00
26  5 0.00000000E+00 0.00000000E+00 0.00000000E+00-1.45715828E-01 0.00000000E+00
26  6 0.00000000E+00 1.06650644E-01 0.00000000E+00 0.00000000E+00 0.00000000E+00
26  7 0.00000000E+00 2.20107419E-02 0.00000000E+00 3.05206471E-03 0.00000000E+00
26  8 0.00000000E+00 0.00000000E+00 0.00000000E+00-1.45715828E-01 0.00000000E+00
26  9 0.00000000E+00 1.06650644E-01 0.00000000E+00 0.00000000E+00 0.00000000E+00
26 10 0.00000000E+00-2.20107419E-02 0.00000000E+00 3.05206471E-03
27  1 0.00000000E+00 0.00000000E+00 0.00000000E+00 0.00000000E+00 7.64656056E-02
27  2 0.00000000E+00 0.00000000E+00-3.56760922E-01 0.00000000E+00 0.00000000E+00
27  3 9.11664920E-01 0.00000000E+00 0.00000000E+00 0.00000000E+00 0.00000000E+00
27  4 0.00000000E+00 0.00000000E+00 8.39078790E-01 0.00000000E+00-4.40059831E-02
27  5 2.18149696E-01 1.96666407E-01 1.06356562E-01 0.00000000E+00 2.23647754E-01
27  6 1.92047251E-01 0.00000000E+00-3.22307584E-01-2.80855216E-02 2.23627633E-03
27  7 2.58492453E-02 0.00000000E+00-2.28676274E-02 0.00000000E+00 4.40059831E-02
27  8-2.18149696E-01-1.96666407E-01 1.06356562E-01 0.00000000E+00-2.23647754E-01
27  9 1.92047251E-01 0.00000000E+00 3.22307584E-01 2.80855216E-02-2.23627633E-03
27 10-2.58492453E-02 0.00000000E+00-2.28676274E-02 0.00000000E+00
28  1-5.56806585E-02-2.47472229E-01-9.23501952E-01 1.25607561E+00 0.00000000E+00
28  2 0.00000000E+00 2.42149371E-02 0.00000000E+00 0.00000000E+00-1.23339351E-01
28  3 0.00000000E+00 0.00000000E+00 3.53510500E-01 8.21567552E-01-5.86027814E-01
28  4-2.35539738E-01 0.00000000E+00 0.00000000E+00 0.00000000E+00 4.95338283E-02
28  5-3.06113529E-01-3.34283624E-02-5.03958386E-02 0.00000000E+00 1.63687842E-01
28  6-3.11172781E-01 0.00000000E+00-5.65833546E-02 1.36948046E-02-1.90254500E-02
28  7 5.33064535E-03 0.00000000E+00-3.22948430E-02 0.00000000E+00 4.95338283E-02
28  8-3.06113529E-01-3.34283624E-02 5.03958386E-02 0.00000000E+00 1.63687842E-01
28  9 3.11172781E-01 0.00000000E+00-5.65833546E-02 1.36948046E-02-1.90254500E-02
28 10 5.33064535E-03 0.00000000E+00 3.22948430E-02 0.00000000E+00
29  1 0.00000000E+00 0.00000000E+00 0.00000000E+00 0.00000000E+00-2.03028393E-02
29  2 0.00000000E+00 0.00000000E+00 1.07244614E-01 0.00000000E+00 0.00000000E+00
29  3-1.08772470E-01 0.00000000E+00 0.00000000E+00 0.00000000E+00 0.00000000E+00
29  4 0.00000000E+00 0.00000000E+00 4.64622425E-01 0.00000000E+00-8.09879758E-03
29  5 5.95586880E-02-4.77777390E-02-2.64530236E-01 0.00000000E+00-5.12365865E-01
29  6 3.96861903E-01 0.00000000E+00 6.14850186E-01-4.32026346E-02 1.48035856E-02
29  7 2.83990490E-02 0.00000000E+00-5.00933944E-03 0.00000000E+00 8.09879758E-03
29  8-5.95586880E-02 4.77777390E-02-2.64530236E-01 0.00000000E+00 5.12365865E-01
29  9 3.96861903E-01 0.00000000E+00-6.14850186E-01 4.32026346E-02-1.48035856E-02
29 10-2.83990490E-02 0.00000000E+00-5.00933944E-03 0.00000000E+00
30  1 0.00000000E+00 0.00000000E+00 0.00000000E+00 0.00000000E+00 0.00000000E+00
30  2 0.00000000E+00 0.00000000E+00 0.00000000E+00 0.00000000E+00 0.00000000E+00
30  3 0.00000000E+00 0.00000000E+00 0.00000000E+00 0.00000000E+00 0.00000000E+00
30  4 0.00000000E+00 5.32708713E-01 0.00000000E+00 0.00000000E+00 0.00000000E+00
30  5 0.00000000E+00 0.00000000E+00 0.00000000E+00-5.61001396E-01 0.00000000E+00
30  6 0.00000000E+00 7.15254542E-01 0.00000000E+00 0.00000000E+00 0.00000000E+00
30  7 0.00000000E+00-3.99369942E-02 0.00000000E+00 1.70583536E-02 0.00000000E+00
30  8 0.00000000E+00 0.00000000E+00 0.00000000E+00 5.61001396E-01 0.00000000E+00
30  9 0.00000000E+00-7.15254542E-01 0.00000000E+00 0.00000000E+00 0.00000000E+00
30 10 0.00000000E+00-3.99369942E-02 0.00000000E+00-1.70583536E-02
31  1 0.00000000E+00 0.00000000E+00 0.00000000E+00 0.00000000E+00 0.00000000E+00
31  2-3.48088328E-02 0.00000000E+00 0.00000000E+00 1.81602019E-01 0.00000000E+00
31  3 0.00000000E+00-5.10312933E-01 0.00000000E+00 0.00000000E+00 0.00000000E+00
31  4 0.00000000E+00 0.00000000E+00 0.00000000E+00-2.33048516E-01 0.00000000E+00
31  5 0.00000000E+00 0.00000000E+00 0.00000000E+00-6.14531250E-01 0.00000000E+00
31  6 0.00000000E+00 8.18255315E-01 0.00000000E+00 0.00000000E+00 0.00000000E+00
31  7 0.00000000E+00-2.24494550E-02 0.00000000E+00 4.20217523E-03 0.00000000E+00
31  8 0.00000000E+00 0.00000000E+00 0.00000000E+00-6.14531250E-01 0.00000000E+00
31  9 0.00000000E+00 8.18255315E-01 0.00000000E+00 0.00000000E+00 0.00000000E+00
31 10 0.00000000E+00 2.24494550E-02 0.00000000E+00 4.20217523E-03
32  1-2.17204930E-02-1.02327511E-02-2.61556074E-01-2.50318991E-01 0.00000000E+00
32  2 0.00000000E+00 3.57199131E-02 0.00000000E+00 0.00000000E+00-1.62862983E-01
32  3 0.00000000E+00 0.00000000E+00-7.10434735E-02-2.12534896E-02 5.27603772E-02
32  4-3.15068876E-02 0.00000000E+00 0.00000000E+00 0.00000000E+00-2.11331032E-02
32  5 2.20244602E-01-1.26077824E-01-6.07631743E-01 0.00000000E+00 1.03227159E-01
32  6 8.34792605E-01 0.00000000E+00-1.43686545E-01-2.98133015E-02 1.59910179E-02
32  7 1.38222836E-02 0.00000000E+00 1.00624087E-02 0.00000000E+00-2.11331032E-02
32  8 2.20244602E-01-1.26077824E-01 6.07631743E-01 0.00000000E+00 1.03227159E-01
32  9-8.34792605E-01 0.00000000E+00-1.43686545E-01-2.98133015E-02 1.59910179E-02
32 10 1.38222836E-02 0.00000000E+00-1.00624087E-02 0.00000000E+00
33  1 1.15991711E-03-6.67268495E-03 6.59905752E-03 9.63262239E-02 0.00000000E+00
33  2 0.00000000E+00-3.75371506E-02 0.00000000E+00 0.00000000E+00 1.93389996E-01
33  3 0.00000000E+00 0.00000000E+00-4.50005317E-01 3.46884194E-01-3.25398713E-03
33  4-3.43630206E-01 0.00000000E+00 0.00000000E+00 0.00000000E+00 7.02168503E-03
33  5-4.95684933E-02 4.75281743E-02-1.16760423E-01 0.00000000E+00-5.74092782E-01
33  6 1.02999048E-01 0.00000000E+00 7.92805322E-01 8.71186312E-03-1.52182485E-02
33  7 6.50638536E-03 0.00000000E+00-4.69676374E-02 0.00000000E+00 7.02168503E-03
33  8-4.95684933E-02 4.75281743E-02 1.16760423E-01 0.00000000E+00-5.74092782E-01
33  9-1.02999048E-01 0.00000000E+00 7.92805322E-01 8.71186312E-03-1.52182485E-02
33 10 6.50638536E-03 0.00000000E+00 4.69676374E-02 0.00000000E+00
34  1 0.00000000E+00 0.00000000E+00 0.00000000E+00 0.00000000E+00-1.14280354E-01
34  2 0.00000000E+00 0.00000000E+00 5.36510841E-01 0.00000000E+00 0.00000000E+00
34  3-9.57116796E-02 0.00000000E+00 0.00000000E+00 0.00000000E+00 0.00000000E+00
34  4 0.00000000E+00 0.00000000E+00-5.59185966E-02 0.00000000E+00-1.63067771E-02
34  5 1.86051459E-01-1.54595614E-01-5.26846206E-01 0.00000000E+00 2.90858998E-01
34  6 7.12286569E-01 0.00000000E+00-3.81400614E-01-3.15381551E-02 2.29280997E-02
34  7 8.61005541E-03 0.00000000E+00 3.11988450E-02 0.00000000E+00 1.63067771E-02
34  8-1.86051459E-01 1.54595614E-01-5.26846206E-01 0.00000000E+00-2.90858998E-01
34  9 7.12286569E-01 0.00000000E+00 3.81400614E-01 3.15381551E-02-2.29280997E-02
34 10-8.61005541E-03 0.00000000E+00 3.11988450E-02 0.00000000E+00
35  1 2.52261634E-02 2.46589634E-01 5.83747055E-01-1.36161403E+00 0.00000000E+00
35  2 0.00000000E+00 6.90946377E-03 0.00000000E+00 0.00000000E+00-9.19952199E-03
35  3 0.00000000E+00 0.00000000E+00-3.90877443E-01-4.14496513E-01 2.68543571E-01
35  4 1.45952942E-01 0.00000000E+00 0.00000000E+00 0.00000000E+00 1.84150786E-02
35  5-1.07699733E+00 1.36204304E+00-1.47103572E-01 0.00000000E+00 2.50502610E-03
35  6 5.47861112E-01 0.00000000E+00-8.29043334E-02-1.66641397E-01 1.04100456E-01
35  7 6.25409411E-02 0.00000000E+00 1.01372567E-01 0.00000000E+00 1.84150786E-02
35  8-1.07699733E+00 1.36204304E+00 1.47103572E-01 0.00000000E+00 2.50502610E-03
35  9-5.47861112E-01 0.00000000E+00-8.29043334E-02-1.66641397E-01 1.04100456E-01
35 10 6.25409411E-02 0.00000000E+00-1.01372567E-01 0.00000000E+00
36  1 0.00000000E+00 0.00000000E+00 0.00000000E+00 0.00000000E+00-1.75159656E-02
36  2 0.00000000E+00 0.00000000E+00 1.28716042E-03 0.00000000E+00 0.00000000E+00
36  3 1.20577883E+00 0.00000000E+00 0.00000000E+00 0.00000000E+00 0.00000000E+00
36  4 0.00000000E+00 0.00000000E+00 3.40770276E-01 0.00000000E+00 1.33558481E-02
36  5-1.16936947E+00 1.65190283E+00-1.08362118E-01 0.00000000E+00 9.04293634E-02
36  6 4.98485233E-01 0.00000000E+00-3.00931710E-01-1.45961997E-01 8.61458525E-02
36  7 5.98161445E-02 0.00000000E+00 9.84058391E-02 0.00000000E+00-1.33558481E-02
36  8 1.16936947E+00-1.65190283E+00-1.08362118E-01 0.00000000E+00-9.04293634E-02
36  9 4.98485233E-01 0.00000000E+00 3.00931710E-01 1.45961997E-01-8.61458525E-02
36 10-5.98161445E-02 0.00000000E+00 9.84058391E-02 0.00000000E+00
37  1 0.00000000E+00 0.00000000E+00 0.00000000E+00 0.00000000E+00-3.02851437E-03
37  2 0.00000000E+00 0.00000000E+00 4.95704030E-03 0.00000000E+00 0.00000000E+00
37  3 4.22438915E-02 0.00000000E+00 0.00000000E+00 0.00000000E+00 0.00000000E+00
37  4 0.00000000E+00 0.00000000E+00-4.10503558E-02 0.00000000E+00 3.20837180E-04
37  5-2.22428255E-02 3.51819481E-02-2.70259329E-03 0.00000000E+00 1.02089006E-02
37  6 9.49377798E-03 0.00000000E+00-1.74432599E-02-2.09246254E-01 5.55835876E-01
37  7-3.46589622E-01 0.00000000E+00-4.30027880E-01 0.00000000E+00-3.20837180E-04
37  8 2.22428255E-02-3.51819481E-02-2.70259329E-03 0.00000000E+00-1.02089006E-02
37  9 9.49377798E-03 0.00000000E+00 1.74432599E-02 2.09246254E-01-5.55835876E-01
37 10 3.46589622E-01 0.00000000E+00-4.30027880E-01 0.00000000E+00
38  1 0.00000000E+00 0.00000000E+00 0.00000000E+00 0.00000000E+00 0.00000000E+00
38  2 0.00000000E+00 0.00000000E+00 0.00000000E+00 0.00000000E+00 0.00000000E+00
38  3 0.00000000E+00 0.00000000E+00 0.00000000E+00 0.00000000E+00 0.00000000E+00
38  4 0.00000000E+00 4.80847415E-02 0.00000000E+00 0.00000000E+00 0.00000000E+00
38  5 0.00000000E+00 0.00000000E+00 0.00000000E+00-6.73041372E-03 0.00000000E+00
38  6 0.00000000E+00 1.03063984E-02 0.00000000E+00 0.00000000E+00 0.00000000E+00
38  7 0.00000000E+00 4.29108996E-01 0.00000000E+00 5.62075003E-01 0.00000000E+00
38  8 0.00000000E+00 0.00000000E+00 0.00000000E+00 6.73041372E-03 0.00000000E+00
38  9 0.00000000E+00-1.03063984E-02 0.00000000E+00 0.00000000E+00 0.00000000E+00
38 10 0.00000000E+00 4.29108996E-01 0.00000000E+00-5.62075003E-01
39  1 0.00000000E+00 0.00000000E+00 0.00000000E+00 0.00000000E+00 0.00000000E+00
39  2 1.88608390E-03 0.00000000E+00 0.00000000E+00 1.18765297E-02 0.00000000E+00
39  3 0.00000000E+00-8.06811172E-02 0.00000000E+00 0.00000000E+00 0.00000000E+00
39  4 0.00000000E+00 0.00000000E+00 0.00000000E+00-6.35201569E-02 0.00000000E+00
39  5 0.00000000E+00 0.00000000E+00 0.00000000E+00-1.92374727E-02 0.00000000E+00
39  6 0.00000000E+00 3.65947992E-02 0.00000000E+00 0.00000000E+00 0.00000000E+00
39  7 0.00000000E+00 5.68132806E-01 0.00000000E+00 4.22503686E-01 0.00000000E+00
39  8 0.00000000E+00 0.00000000E+00 0.00000000E+00-1.92374727E-02 0.00000000E+00
39  9 0.00000000E+00 3.65947992E-02 0.00000000E+00 0.00000000E+00 0.00000000E+00
39 10 0.00000000E+00-5.68132806E-01 0.00000000E+00 4.22503686E-01
40  1-4.51540186E-04-6.50674547E-03-1.31750477E-02 3.50397792E-02 0.00000000E+00
40  2 0.00000000E+00-8.49462936E-04 0.00000000E+00 0.00000000E+00-1.20876244E-03
40  3 0.00000000E+00 0.00000000E+00 2.63119085E-02 3.55158426E-03-3.37203830E-02
40  4 3.01687987E-02 0.00000000E+00 0.00000000E+00 0.00000000E+00 4.72229942E-04
40  5 1.75513859E-02-2.90914508E-02 5.65508026E-03 0.00000000E+00 4.04211764E-03
40  6-1.86446734E-02 0.00000000E+00-6.24759850E-03-1.19719147E-01 6.12176982E-01
40  7-4.92457835E-01 0.00000000E+00-2.80763612E-01 0.00000000E+00 4.72229942E-04
40  8 1.75513859E-02-2.90914508E-02-5.65508026E-03 0.00000000E+00 4.04211764E-03
40  9 1.86446734E-02 0.00000000E+00-6.24759850E-03-1.19719147E-01 6.12176982E-01
40 10-4.92457835E-01 0.00000000E+00 2.80763612E-01 0.00000000E+00
41  1 0.00000000E+00 0.00000000E+00 0.00000000E+00 0.00000000E+00 0.00000000E+00
41  2-3.21746142E-03 0.00000000E+00 0.00000000E+00-1.62780005E-02 0.00000000E+00
41  3 0.00000000E+00 1.18321658E-01 0.00000000E+00 0.00000000E+00 0.00000000E+00
41  4 0.00000000E+00 0.00000000E+00 0.00000000E+00 4.68736791E-02 0.00000000E+00
41  5 0.00000000E+00 0.00000000E+00 0.00000000E+00 2.67609304E-02 0.00000000E+00
41  6 0.00000000E+00-4.92954930E-02 0.00000000E+00 0.00000000E+00 0.00000000E+00
41  7 0.00000000E+00-4.25706921E-01 0.00000000E+00 5.67467247E-01 0.00000000E+00
41  8 0.00000000E+00 0.00000000E+00 0.00000000E+00 2.67609304E-02 0.00000000E+00
41  9 0.00000000E+00-4.92954930E-02 0.00000000E+00 0.00000000E+00 0.00000000E+00
41 10 0.00000000E+00 4.25706921E-01 0.00000000E+00 5.67467247E-01
42  1 0.00000000E+00 0.00000000E+00 0.00000000E+00 0.00000000E+00-2.08168014E-02
42  2 0.00000000E+00 0.00000000E+00 5.90181566E-02 0.00000000E+00 0.00000000E+00
42  3 1.23165116E-01 0.00000000E+00 0.00000000E+00 0.00000000E+00 0.00000000E+00
42  4 0.00000000E+00 0.00000000E+00-8.01081331E-02 0.00000000E+00-3.52517478E-04
42  5-8.58968550E-02 1.36334528E-01-1.84481829E-02 0.00000000E+00 2.89396784E-02
42  6 5.51780495E-02 0.00000000E+00-5.43292992E-02-2.27504371E-01-3.00228519E-01
42  7 5.27732890E-01 0.00000000E+00-4.69103189E-01 0.00000000E+00 3.52517478E-04
42  8 8.58968550E-02-1.36334528E-01-1.84481829E-02 0.00000000E+00-2.89396784E-02
42  9 5.51780495E-02 0.00000000E+00 5.43292992E-02 2.27504371E-01 3.00228519E-01
42 10-5.27732890E-01 0.00000000E+00-4.69103189E-01 0.00000000E+00
43  1-8.00683730E-04-3.04689375E-02-4.76252474E-02 1.61221118E-01 0.00000000E+00
43  2 0.00000000E+00-9.09612924E-03 0.00000000E+00 0.00000000E+00-1.29463929E-03
43  3 0.00000000E+00 0.00000000E+00 1.74668018E-01-3.00028090E-02-5.26515357E-02
43  4 8.26543448E-02 0.00000000E+00 0.00000000E+00 0.00000000E+00-5.63894426E-04
43  5 9.10572979E-02-1.35462770E-01 3.78131175E-02 0.00000000E+00 2.70639769E-02
43  6-9.77056966E-02 0.00000000E+00-4.43023904E-02-4.63449078E-01-1.66612293E-02
43  7 4.80110307E-01 0.00000000E+00-4.54578215E-01 0.00000000E+00-5.63894426E-04
43  8 9.10572979E-02-1.35462770E-01-3.78131175E-02 0.00000000E+00 2.70639769E-02
43  9 9.77056966E-02 0.00000000E+00-4.43023904E-02-4.63449078E-01-1.66612293E-02
43 10 4.80110307E-01 0.00000000E+00 4.54578215E-01 0.00000000E+00
44  1 0.00000000E+00 0.00000000E+00 0.00000000E+00 0.00000000E+00 0.00000000E+00
44  2 0.00000000E+00 0.00000000E+00 0.00000000E+00 0.00000000E+00 0.00000000E+00
44  3 0.00000000E+00 0.00000000E+00 0.00000000E+00 0.00000000E+00 0.00000000E+00
44  4 0.00000000E+00 1.87180823E-01 0.00000000E+00 0.00000000E+00 0.00000000E+00
44  5 0.00000000E+00 0.00000000E+00 0.00000000E+00-2.47909248E-02 0.00000000E+00
44  6 0.00000000E+00 3.98065384E-02 0.00000000E+00 0.00000000E+00 0.00000000E+00
44  7 0.00000000E+00 5.62466695E-01 0.00000000E+00-4.29080626E-01 0.00000000E+00
44  8 0.00000000E+00 0.00000000E+00 0.00000000E+00 2.47909248E-02 0.00000000E+00
44  9 0.00000000E+00-3.98065384E-02 0.00000000E+00 0.00000000E+00 0.00000000E+00
44 10 0.00000000E+00 5.62466695E-01 0.00000000E+00 4.29080626E-01
45  1 0.00000000E+00 0.00000000E+00 0.00000000E+00 0.00000000E+00-1.03086817E-01
45  2 0.00000000E+00 0.00000000E+00 3.44452675E-01 0.00000000E+00 0.00000000E+00
45  3 3.53307273E-01 0.00000000E+00 0.00000000E+00 0.00000000E+00 0.00000000E+00
45  4 0.00000000E+00 0.00000000E+00 3.42402446E-01 0.00000000E+00-3.36923814E-03
45  5-3.75558225E-01 5.71602900E-01-9.39269264E-02 0.00000000E+00 3.21915647E-02
45  6 3.25371264E-01 0.00000000E+00-1.19339316E-01 6.34497051E-01-3.15622722E-01
45  7-3.18874328E-01 0.00000000E+00-3.04168333E-01 0.00000000E+00 3.36923814E-03
45  8 3.75558225E-01-5.71602900E-01-9.39269264E-02 0.00000000E+00-3.21915647E-02
45  9 3.25371264E-01 0.00000000E+00 1.19339316E-01-6.34497051E-01 3.15622722E-01
45 10 3.18874328E-01 0.00000000E+00-3.04168333E-01 0.00000000E+00
46  1-5.15743269E-04-1.52666805E-01-2.01354182E-01 8.02889288E-01 0.00000000E+00
46  2 0.00000000E+00-3.92258986E-02 0.00000000E+00 0.00000000E+00 1.35607843E-01
46  3 0.00000000E+00 0.00000000E+00 1.36101035E-01 5.19056289E-01-3.06309315E-01
46  4-2.12746974E-01 0.00000000E+00 0.00000000E+00 0.00000000E+00 5.87092084E-03
46  5 4.05317560E-01-6.10974213E-01 9.67906351E-02 0.00000000E+00-3.70017229E-02
46  6-3.89173032E-01 0.00000000E+00 1.40088231E-01-5.19603751E-01 3.52114270E-01
46  7 1.67489481E-01 0.00000000E+00 4.68579057E-01 0.00000000E+00 5.87092084E-03
46  8 4.05317560E-01-6.10974213E-01-9.67906351E-02 0.00000000E+00-3.70017229E-02
46  9 3.89173032E-01 0.00000000E+00 1.40088231E-01-5.19603751E-01 3.52114270E-01
46 10 1.67489481E-01 0.00000000E+00-4.68579057E-01 0.00000000E+00
 $END   
 POPULATION ANALYSIS
S           15.30512   0.69488  15.33598   0.66402
O            8.34744  -0.34744   8.33201  -0.33201
O            8.34744  -0.34744   8.33201  -0.33201
 MOMENTS AT POINT    1 X,Y,Z=  0.000000  0.000000  0.000000
 DIPOLE       0.000000  0.000000 -1.441518
