 $DATA  
Title                                                                           
CNV      2

S          16.0      0.0000000000      0.0000000000     -0.2330017827
   PC1     0
        
O           8.0      1.7386664873      0.0000000000      0.2328724984
   PC1     0
        
 $END      
 $ZMAT   IZMAT(1)=
         1,   3,   1,
         1,   2,   1,
         2,   2,   1,   3,
 $END
--- CLOSED SHELL ORBITALS --- GENERATED AT Thu Feb 26 00:21:00 2015
Title                                                                           
E(R-PBE)=     -548.1411319837, E(NUC)=   85.0002239160,   29 ITERS
 $VEC   
 1  1 1.00297766E+00-1.02837830E-02 1.76157089E-03-9.23188212E-04 0.00000000E+00
 1  2 0.00000000E+00 5.48289559E-05 0.00000000E+00 0.00000000E+00-4.01997431E-06
 1  3 0.00000000E+00 0.00000000E+00-2.06664251E-05 4.97688467E-06-2.00781038E-06
 1  4-2.96907429E-06 0.00000000E+00 0.00000000E+00 0.00000000E+00 5.32943054E-07
 1  5 4.87198061E-06 6.59233996E-05 1.14071115E-05 0.00000000E+00-5.34188983E-06
 1  6-2.33302706E-05 0.00000000E+00 1.45420080E-05-5.40098743E-05 3.04311815E-05
 1  7 2.35786928E-05 0.00000000E+00 2.78104443E-05 0.00000000E+00 5.32943054E-07
 1  8 4.87198061E-06 6.59233996E-05-1.14071115E-05 0.00000000E+00-5.34188983E-06
 1  9 2.33302706E-05 0.00000000E+00 1.45420080E-05-5.40098743E-05 3.04311815E-05
 1 10 2.35786928E-05 0.00000000E+00-2.78104443E-05 0.00000000E+00
 2  1 0.00000000E+00 0.00000000E+00 0.00000000E+00 0.00000000E+00 1.47216875E-04
 2  2 0.00000000E+00 0.00000000E+00-7.42738934E-04 0.00000000E+00 0.00000000E+00
 2  3-6.52646417E-03 0.00000000E+00 0.00000000E+00 0.00000000E+00 0.00000000E+00
 2  4 0.00000000E+00 0.00000000E+00-9.82324749E-04 0.00000000E+00 7.03276729E-01
 2  5 2.55376964E-02-1.19841580E-02 7.64175723E-04 0.00000000E+00-2.88644541E-04
 2  6-2.71666826E-03 0.00000000E+00 1.15163978E-03-2.47145473E-04 1.57243235E-04
 2  7 8.99022382E-05 0.00000000E+00 1.70070005E-04 0.00000000E+00-7.03276729E-01
 2  8-2.55376964E-02 1.19841580E-02 7.64175723E-04 0.00000000E+00 2.88644541E-04
 2  9-2.71666826E-03 0.00000000E+00-1.15163978E-03 2.47145473E-04-1.57243235E-04
 2 10-8.99022382E-05 0.00000000E+00 1.70070005E-04 0.00000000E+00
 3  1-4.60167142E-05-8.31981226E-04-1.46987366E-03 5.71720702E-03 0.00000000E+00
 3  2 0.00000000E+00-4.08635514E-05 0.00000000E+00 0.00000000E+00 2.35751896E-04
 3  3 0.00000000E+00 0.00000000E+00 1.26381198E-03 1.45312620E-03-8.33079691E-04
 3  4-6.20046507E-04 0.00000000E+00 0.00000000E+00 0.00000000E+00 7.03218784E-01
 3  5 2.47470194E-02-9.54023468E-03 7.61575384E-04 0.00000000E+00-9.68365728E-05
 3  6-2.32545075E-03 0.00000000E+00 2.93420163E-04-3.72312961E-04 2.17363986E-04
 3  7 1.54948975E-04 0.00000000E+00 1.69336252E-04 0.00000000E+00 7.03218784E-01
 3  8 2.47470194E-02-9.54023468E-03-7.61575384E-04 0.00000000E+00-9.68365728E-05
 3  9 2.32545075E-03 0.00000000E+00 2.93420163E-04-3.72312961E-04 2.17363986E-04
 3 10 1.54948975E-04 0.00000000E+00-1.69336252E-04 0.00000000E+00
 4  1-2.74139168E-01 1.03946640E+00 4.01417874E-02-1.20166892E-02 0.00000000E+00
 4  2 0.00000000E+00 8.68765266E-03 0.00000000E+00 0.00000000E+00 5.73142108E-04
 4  3 0.00000000E+00 0.00000000E+00-3.54628165E-04 4.23578572E-04-1.89383220E-04
 4  4-2.34195351E-04 0.00000000E+00 0.00000000E+00 0.00000000E+00 2.93710391E-05
 4  5 1.04080275E-04 4.77721693E-04-3.40616281E-05 0.00000000E+00-1.38147730E-05
 4  6-4.47014504E-04 0.00000000E+00 2.22473212E-04-6.60252084E-04 3.71394431E-04
 4  7 2.88857653E-04 0.00000000E+00 3.37123329E-04 0.00000000E+00 2.93710391E-05
 4  8 1.04080275E-04 4.77721693E-04 3.40616281E-05 0.00000000E+00-1.38147730E-05
 4  9 4.47014504E-04 0.00000000E+00 2.22473212E-04-6.60252084E-04 3.71394431E-04
 4 10 2.88857653E-04 0.00000000E+00-3.37123329E-04 0.00000000E+00
 5  1 0.00000000E+00 0.00000000E+00 0.00000000E+00 0.00000000E+00 9.96921069E-01
 5  2 0.00000000E+00 0.00000000E+00 8.78815662E-03 0.00000000E+00 0.00000000E+00
 5  3-1.80429198E-04 0.00000000E+00 0.00000000E+00 0.00000000E+00 0.00000000E+00
 5  4 0.00000000E+00 0.00000000E+00 5.18774660E-04 0.00000000E+00 5.06467186E-05
 5  5 9.86814485E-05-1.14410237E-04 4.88391557E-06 0.00000000E+00-1.67521802E-05
 5  6-1.03543769E-04 0.00000000E+00 8.50532604E-05-1.63069463E-04 9.70985957E-05
 5  7 6.59708677E-05 0.00000000E+00 1.04086459E-04 0.00000000E+00-5.06467186E-05
 5  8-9.86814485E-05 1.14410237E-04 4.88391557E-06 0.00000000E+00 1.67521802E-05
 5  9-1.03543769E-04 0.00000000E+00-8.50532604E-05 1.63069463E-04-9.70985957E-05
 5 10-6.59708677E-05 0.00000000E+00 1.04086459E-04 0.00000000E+00
 6  1 0.00000000E+00 0.00000000E+00 0.00000000E+00 0.00000000E+00 0.00000000E+00
 6  2 9.96972037E-01 0.00000000E+00 0.00000000E+00 8.69018969E-03 0.00000000E+00
 6  3 0.00000000E+00-1.23394630E-04 0.00000000E+00 0.00000000E+00 0.00000000E+00
 6  4 0.00000000E+00 0.00000000E+00 0.00000000E+00 4.86574248E-04 0.00000000E+00
 6  5 0.00000000E+00 0.00000000E+00 0.00000000E+00 9.48440600E-07 0.00000000E+00
 6  6 0.00000000E+00-4.05018718E-05 0.00000000E+00 0.00000000E+00 0.00000000E+00
 6  7 0.00000000E+00-1.70954876E-05 0.00000000E+00 1.03923799E-06 0.00000000E+00
 6  8 0.00000000E+00 0.00000000E+00 0.00000000E+00 9.48440600E-07 0.00000000E+00
 6  9 0.00000000E+00-4.05018718E-05 0.00000000E+00 0.00000000E+00 0.00000000E+00
 6 10 0.00000000E+00 1.70954876E-05 0.00000000E+00 1.03923799E-06
 7  1 2.40288562E-03-9.14866680E-03 1.12485316E-06-3.26567414E-04 0.00000000E+00
 7  2 0.00000000E+00 9.96965117E-01 0.00000000E+00 0.00000000E+00 8.58201970E-03
 7  3 0.00000000E+00 0.00000000E+00-1.39213853E-04-3.95148556E-04-2.20961310E-04
 7  4 6.16109866E-04 0.00000000E+00 0.00000000E+00 0.00000000E+00-2.24596404E-05
 7  5-1.02625929E-04 2.20563587E-04 3.22615563E-06 0.00000000E+00 2.60515201E-06
 7  6 1.57959377E-04 0.00000000E+00-9.44083830E-05 9.01320849E-05-5.28924091E-05
 7  7-3.72396758E-05 0.00000000E+00-6.94113445E-05 0.00000000E+00-2.24596404E-05
 7  8-1.02625929E-04 2.20563587E-04-3.22615563E-06 0.00000000E+00 2.60515201E-06
 7  9-1.57959377E-04 0.00000000E+00-9.44083830E-05 9.01320849E-05-5.28924091E-05
 7 10-3.72396758E-05 0.00000000E+00 6.94113445E-05 0.00000000E+00
 8  1 4.07051537E-02-1.20503182E-01 2.38130252E-01 1.85117885E-01 0.00000000E+00
 8  2 0.00000000E+00-2.16942258E-02 0.00000000E+00 0.00000000E+00 4.56934492E-02
 8  3 0.00000000E+00 0.00000000E+00 9.58618048E-03 3.89082766E-02-2.17458059E-02
 8  4-1.71624707E-02 0.00000000E+00 0.00000000E+00 0.00000000E+00-1.34897009E-01
 8  5 2.72080626E-01 3.35725537E-01 6.96171607E-02 0.00000000E+00-1.66161415E-02
 8  6 3.46204982E-02 0.00000000E+00-8.22803111E-03 9.05693178E-03-3.56046322E-03
 8  7-5.49646857E-03 0.00000000E+00-2.16941733E-03 0.00000000E+00-1.34897009E-01
 8  8 2.72080626E-01 3.35725537E-01-6.96171607E-02 0.00000000E+00-1.66161415E-02
 8  9-3.46204982E-02 0.00000000E+00-8.22803111E-03 9.05693178E-03-3.56046322E-03
 8 10-5.49646857E-03 0.00000000E+00 2.16941733E-03 0.00000000E+00
 9  1 0.00000000E+00 0.00000000E+00 0.00000000E+00 0.00000000E+00 7.64258446E-02
 9  2 0.00000000E+00 0.00000000E+00-1.53476269E-01 0.00000000E+00 0.00000000E+00
 9  3-2.74843759E-02 0.00000000E+00 0.00000000E+00 0.00000000E+00 0.00000000E+00
 9  4 0.00000000E+00 0.00000000E+00-2.26667021E-02 0.00000000E+00-1.53440564E-01
 9  5 3.09068706E-01 3.97084962E-01 6.06575825E-02 0.00000000E+00-1.53341402E-02
 9  6 3.68772389E-02 0.00000000E+00-9.93447572E-03 8.15450537E-03-2.97149951E-03
 9  7-5.18300587E-03 0.00000000E+00-2.09832827E-03 0.00000000E+00 1.53440564E-01
 9  8-3.09068706E-01-3.97084962E-01 6.06575825E-02 0.00000000E+00 1.53341402E-02
 9  9 3.68772389E-02 0.00000000E+00 9.93447572E-03-8.15450537E-03 2.97149951E-03
 9 10 5.18300587E-03 0.00000000E+00-2.09832827E-03 0.00000000E+00
10  1 7.51986463E-02-2.15801225E-01 4.67390634E-01 4.48004225E-01 0.00000000E+00
10  2 0.00000000E+00-4.67379899E-04 0.00000000E+00 0.00000000E+00 6.63198364E-03
10  3 0.00000000E+00 0.00000000E+00-7.87259026E-03-1.18122636E-02 7.86012305E-03
10  4 3.95214056E-03 0.00000000E+00 0.00000000E+00 0.00000000E+00 9.28278889E-02
10  5-1.93713610E-01-2.91290648E-01 9.96447166E-02 0.00000000E+00-2.36928399E-02
10  6 4.48862355E-02 0.00000000E+00-7.77719866E-03 6.57222581E-03-4.55138296E-03
10  7-2.02084285E-03 0.00000000E+00-4.00918297E-03 0.00000000E+00 9.28278889E-02
10  8-1.93713610E-01-2.91290648E-01-9.96447166E-02 0.00000000E+00-2.36928399E-02
10  9-4.48862355E-02 0.00000000E+00-7.77719866E-03 6.57222581E-03-4.55138296E-03
10 10-2.02084285E-03 0.00000000E+00 4.00918297E-03 0.00000000E+00
11  1 0.00000000E+00 0.00000000E+00 0.00000000E+00 0.00000000E+00-1.81996507E-01
11  2 0.00000000E+00 0.00000000E+00 4.29262209E-01 0.00000000E+00 0.00000000E+00
11  3 1.05853752E-01 0.00000000E+00 0.00000000E+00 0.00000000E+00 0.00000000E+00
11  4 0.00000000E+00 0.00000000E+00 2.66848626E-02 0.00000000E+00-5.19276570E-02
11  5 1.15481652E-01 1.72567759E-01-3.44373210E-01 0.00000000E+00 9.37090327E-02
11  6-2.19563003E-01 0.00000000E+00 6.26821797E-02-1.31745320E-02 8.15299526E-03
11  7 5.02153670E-03 0.00000000E+00 8.30209331E-03 0.00000000E+00 5.19276570E-02
11  8-1.15481652E-01-1.72567759E-01-3.44373210E-01 0.00000000E+00-9.37090327E-02
11  9-2.19563003E-01 0.00000000E+00-6.26821797E-02 1.31745320E-02-8.15299526E-03
11 10-5.02153670E-03 0.00000000E+00 8.30209331E-03 0.00000000E+00
12  1 0.00000000E+00 0.00000000E+00 0.00000000E+00 0.00000000E+00 0.00000000E+00
12  2-2.08545946E-01 0.00000000E+00 0.00000000E+00 4.91185616E-01 0.00000000E+00
12  3 0.00000000E+00 3.27196553E-01 0.00000000E+00 0.00000000E+00 0.00000000E+00
12  4 0.00000000E+00 0.00000000E+00 0.00000000E+00 2.10272157E-02 0.00000000E+00
12  5 0.00000000E+00 0.00000000E+00 0.00000000E+00 2.90710606E-01 0.00000000E+00
12  6 0.00000000E+00 1.82439608E-01 0.00000000E+00 0.00000000E+00 0.00000000E+00
12  7 0.00000000E+00 1.34955242E-02 0.00000000E+00-3.39983892E-03 0.00000000E+00
12  8 0.00000000E+00 0.00000000E+00 0.00000000E+00 2.90710606E-01 0.00000000E+00
12  9 0.00000000E+00 1.82439608E-01 0.00000000E+00 0.00000000E+00 0.00000000E+00
12 10 0.00000000E+00-1.34955242E-02 0.00000000E+00-3.39983892E-03
13  1-9.23334935E-03 3.25720352E-02-5.06546478E-02-1.19352843E-01 0.00000000E+00
13  2 0.00000000E+00-2.09155773E-01 0.00000000E+00 0.00000000E+00 4.91799266E-01
13  3 0.00000000E+00 0.00000000E+00 3.16067171E-01-1.16947826E-03-1.77259609E-02
13  4 1.88954391E-02 0.00000000E+00 0.00000000E+00 0.00000000E+00 1.00609136E-02
13  5-1.95514079E-02-4.43159755E-02 1.88910361E-01 0.00000000E+00 2.20977109E-01
13  6 1.20275864E-01 0.00000000E+00 1.39439275E-01 9.67424247E-03-2.53988877E-03
13  7-7.13435371E-03 0.00000000E+00 9.26577010E-03 0.00000000E+00 1.00609136E-02
13  8-1.95514079E-02-4.43159755E-02-1.88910361E-01 0.00000000E+00 2.20977109E-01
13  9-1.20275864E-01 0.00000000E+00 1.39439275E-01 9.67424247E-03-2.53988877E-03
13 10-7.13435371E-03 0.00000000E+00-9.26577010E-03 0.00000000E+00
14  1 0.00000000E+00 0.00000000E+00 0.00000000E+00 0.00000000E+00 0.00000000E+00
14  2 0.00000000E+00 0.00000000E+00 0.00000000E+00 0.00000000E+00 0.00000000E+00
14  3 0.00000000E+00 0.00000000E+00 0.00000000E+00 0.00000000E+00 0.00000000E+00
14  4 0.00000000E+00-7.84756775E-02 0.00000000E+00 0.00000000E+00 0.00000000E+00
14  5 0.00000000E+00 0.00000000E+00 0.00000000E+00 4.72495003E-01 0.00000000E+00
14  6 0.00000000E+00 3.36094278E-01 0.00000000E+00 0.00000000E+00 0.00000000E+00
14  7 0.00000000E+00 1.25768591E-02 0.00000000E+00-3.48219921E-03 0.00000000E+00
14  8 0.00000000E+00 0.00000000E+00 0.00000000E+00-4.72495003E-01 0.00000000E+00
14  9 0.00000000E+00-3.36094278E-01 0.00000000E+00 0.00000000E+00 0.00000000E+00
14 10 0.00000000E+00 1.25768591E-02 0.00000000E+00 3.48219921E-03
15  1 0.00000000E+00 0.00000000E+00 0.00000000E+00 0.00000000E+00-1.94706906E-02
15  2 0.00000000E+00 0.00000000E+00 4.36551626E-02 0.00000000E+00 0.00000000E+00
15  3 7.50578867E-02 0.00000000E+00 0.00000000E+00 0.00000000E+00 0.00000000E+00
15  4 0.00000000E+00 0.00000000E+00-7.45812029E-02 0.00000000E+00-3.03207028E-03
15  5 2.27962576E-03 3.41129214E-02 1.57007589E-01 0.00000000E+00 4.43271185E-01
15  6 1.19342027E-01 0.00000000E+00 3.12191585E-01 5.62874295E-03 9.40947057E-05
15  7-5.72283766E-03 0.00000000E+00 1.11739099E-02 0.00000000E+00 3.03207028E-03
15  8-2.27962576E-03-3.41129214E-02 1.57007589E-01 0.00000000E+00-4.43271185E-01
15  9 1.19342027E-01 0.00000000E+00-3.12191585E-01-5.62874295E-03-9.40947057E-05
15 10 5.72283766E-03 0.00000000E+00 1.11739099E-02 0.00000000E+00
16  1 2.27635562E-02-8.67058739E-02 1.20281911E-01 3.81437490E-01 0.00000000E+00
16  2 0.00000000E+00 5.54912108E-02 0.00000000E+00 0.00000000E+00-1.36347986E-01
16  3 0.00000000E+00 0.00000000E+00-4.35074875E-02-1.19818264E-01 5.72984711E-02
16  4 6.25197927E-02 0.00000000E+00 0.00000000E+00 0.00000000E+00 2.65064630E-04
16  5 7.28126322E-04-3.16549727E-02-2.95007587E-01 0.00000000E+00 3.64747089E-01
16  6-2.14248491E-01 0.00000000E+00 2.60380946E-01-4.50686999E-03 3.93244978E-03
16  7 5.74420214E-04 0.00000000E+00 8.24792813E-03 0.00000000E+00 2.65064630E-04
16  8 7.28126322E-04-3.16549727E-02 2.95007587E-01 0.00000000E+00 3.64747089E-01
16  9 2.14248491E-01 0.00000000E+00 2.60380946E-01-4.50686999E-03 3.93244978E-03
16 10 5.74420214E-04 0.00000000E+00-8.24792813E-03 0.00000000E+00
17  1 0.00000000E+00 0.00000000E+00 0.00000000E+00 0.00000000E+00 0.00000000E+00
17  2-2.00736188E-01 0.00000000E+00 0.00000000E+00 4.99180350E-01 0.00000000E+00
17  3 0.00000000E+00 3.60022647E-01 0.00000000E+00 0.00000000E+00 0.00000000E+00
17  4 0.00000000E+00 0.00000000E+00 0.00000000E+00-1.04204655E-02 0.00000000E+00
17  5 0.00000000E+00 0.00000000E+00 0.00000000E+00-3.99342702E-01 0.00000000E+00
17  6 0.00000000E+00-2.92969238E-01 0.00000000E+00 0.00000000E+00 0.00000000E+00
17  7 0.00000000E+00-2.79949417E-04 0.00000000E+00 6.90454766E-05 0.00000000E+00
17  8 0.00000000E+00 0.00000000E+00 0.00000000E+00-3.99342702E-01 0.00000000E+00
17  9 0.00000000E+00-2.92969238E-01 0.00000000E+00 0.00000000E+00 0.00000000E+00
17 10 0.00000000E+00 2.79949417E-04 0.00000000E+00 6.90454766E-05
18  1 1.73595429E-02-5.42763132E-02 1.09573933E-01 2.54553882E-01 0.00000000E+00
18  2 0.00000000E+00-1.92442515E-01 0.00000000E+00 0.00000000E+00 4.82838564E-01
18  3 0.00000000E+00 0.00000000E+00 3.90170233E-01-7.47387837E-02 4.88741349E-02
18  4 2.58646488E-02 0.00000000E+00 0.00000000E+00 0.00000000E+00 1.43490545E-02
18  5-2.98225957E-02-9.50771293E-02-3.35936775E-01 0.00000000E+00-2.31453947E-01
18  6-2.57489462E-01 0.00000000E+00-1.70263779E-01-1.04665672E-03 1.14501039E-03
18  7-9.83536767E-05 0.00000000E+00 3.11291278E-03 0.00000000E+00 1.43490545E-02
18  8-2.98225957E-02-9.50771293E-02 3.35936775E-01 0.00000000E+00-2.31453947E-01
18  9 2.57489462E-01 0.00000000E+00-1.70263779E-01-1.04665672E-03 1.14501039E-03
18 10-9.83536767E-05 0.00000000E+00-3.11291278E-03 0.00000000E+00
19  1 0.00000000E+00 0.00000000E+00 0.00000000E+00 0.00000000E+00-2.40478174E-01
19  2 0.00000000E+00 0.00000000E+00 6.28833814E-01 0.00000000E+00 0.00000000E+00
19  3 8.22721931E-01 0.00000000E+00 0.00000000E+00 0.00000000E+00 0.00000000E+00
19  4 0.00000000E+00 0.00000000E+00-9.81643751E-02 0.00000000E+00-5.25611713E-02
19  5 1.01318690E-01 4.02545929E-01 3.09842486E-01 0.00000000E+00-1.81675025E-01
19  6 3.35918622E-01 0.00000000E+00-1.54381532E-01-3.04847294E-04 2.18243851E-03
19  7-1.87759122E-03 0.00000000E+00 6.84090622E-03 0.00000000E+00 5.25611713E-02
19  8-1.01318690E-01-4.02545929E-01 3.09842486E-01 0.00000000E+00 1.81675025E-01
19  9 3.35918622E-01 0.00000000E+00 1.54381532E-01 3.04847294E-04-2.18243851E-03
19 10 1.87759122E-03 0.00000000E+00 6.84090622E-03 0.00000000E+00
20  1 0.00000000E+00 0.00000000E+00 0.00000000E+00 0.00000000E+00 2.49560886E-01
20  2 0.00000000E+00 0.00000000E+00-9.85328783E-01 0.00000000E+00 0.00000000E+00
20  3 1.67396785E+00 0.00000000E+00 0.00000000E+00 0.00000000E+00 0.00000000E+00
20  4 0.00000000E+00 0.00000000E+00-1.89308179E-01 0.00000000E+00-2.65847125E-02
20  5-1.47272886E-03 5.84830544E-01-2.31854698E-01 0.00000000E+00-5.23797870E-02
20  6 2.83842827E-01 0.00000000E+00-8.07028459E-02 4.93217731E-02-2.43474024E-02
20  7-2.49743707E-02 0.00000000E+00-1.18235910E-02 0.00000000E+00 2.65847125E-02
20  8 1.47272886E-03-5.84830544E-01-2.31854698E-01 0.00000000E+00 5.23797870E-02
20  9 2.83842827E-01 0.00000000E+00 8.07028459E-02-4.93217731E-02 2.43474024E-02
20 10 2.49743707E-02 0.00000000E+00-1.18235910E-02 0.00000000E+00
21  1-3.70437373E-02-1.56360385E-01-6.00629395E-01 8.21076324E-01 0.00000000E+00
21  2 0.00000000E+00 2.71468515E-01 0.00000000E+00 0.00000000E+00-1.05124720E+00
21  3 0.00000000E+00 0.00000000E+00 1.19062050E+00-9.33531621E-02 1.38426363E-01
21  4-4.50732007E-02 0.00000000E+00 0.00000000E+00 0.00000000E+00 9.55061957E-03
21  5-5.04221125E-03-1.97901230E-01 5.67353205E-02 0.00000000E+00-1.38994043E-01
21  6-1.41904444E-01 0.00000000E+00-3.20605556E-02-2.89358884E-02 1.64435105E-02
21  7 1.24923779E-02 0.00000000E+00 9.54331428E-03 0.00000000E+00 9.55061957E-03
21  8-5.04221125E-03-1.97901230E-01-5.67353205E-02 0.00000000E+00-1.38994043E-01
21  9 1.41904444E-01 0.00000000E+00-3.20605556E-02-2.89358884E-02 1.64435105E-02
21 10 1.24923779E-02 0.00000000E+00-9.54331428E-03 0.00000000E+00
22  1 0.00000000E+00 0.00000000E+00 0.00000000E+00 0.00000000E+00 0.00000000E+00
22  2 2.96043924E-01 0.00000000E+00 0.00000000E+00-1.14456208E+00 0.00000000E+00
22  3 0.00000000E+00 1.22626432E+00 0.00000000E+00 0.00000000E+00 0.00000000E+00
22  4 0.00000000E+00 0.00000000E+00 0.00000000E+00-1.01011210E-01 0.00000000E+00
22  5 0.00000000E+00 0.00000000E+00 0.00000000E+00-1.04442475E-01 0.00000000E+00
22  6 0.00000000E+00-7.90453832E-02 0.00000000E+00 0.00000000E+00 0.00000000E+00
22  7 0.00000000E+00-7.93846277E-03 0.00000000E+00 8.10229229E-04 0.00000000E+00
22  8 0.00000000E+00 0.00000000E+00 0.00000000E+00-1.04442475E-01 0.00000000E+00
22  9 0.00000000E+00-7.90453832E-02 0.00000000E+00 0.00000000E+00 0.00000000E+00
22 10 0.00000000E+00 7.93846277E-03 0.00000000E+00 8.10229229E-04
23  1-1.03779968E-01-3.57419261E-01-1.58106709E+00 1.82237249E+00 0.00000000E+00
23  2 0.00000000E+00-1.10771813E-01 0.00000000E+00 0.00000000E+00 4.26534006E-01
23  3 0.00000000E+00 0.00000000E+00-3.98669363E-01-2.90076229E-01 1.22684091E-01
23  4 1.67392138E-01 0.00000000E+00 0.00000000E+00 0.00000000E+00 8.54039336E-03
23  5-1.72542905E-02-1.50249903E-01 7.75414173E-02 0.00000000E+00-4.15136995E-02
23  6-1.13062279E-01 0.00000000E+00 7.93814154E-02-3.30142805E-02 2.10765866E-02
23  7 1.19376939E-02 0.00000000E+00 2.81131566E-02 0.00000000E+00 8.54039336E-03
23  8-1.72542905E-02-1.50249903E-01-7.75414173E-02 0.00000000E+00-4.15136995E-02
23  9 1.13062279E-01 0.00000000E+00 7.93814154E-02-3.30142805E-02 2.10765866E-02
23 10 1.19376939E-02 0.00000000E+00-2.81131566E-02 0.00000000E+00
24  1 0.00000000E+00 0.00000000E+00 0.00000000E+00 0.00000000E+00 0.00000000E+00
24  2 0.00000000E+00 0.00000000E+00 0.00000000E+00 0.00000000E+00 0.00000000E+00
24  3 0.00000000E+00 0.00000000E+00 0.00000000E+00 0.00000000E+00 0.00000000E+00
24  4 0.00000000E+00 8.40912323E-01 0.00000000E+00 0.00000000E+00 0.00000000E+00
24  5 0.00000000E+00 0.00000000E+00 0.00000000E+00 3.43705664E-01 0.00000000E+00
24  6 0.00000000E+00-2.08910175E-01 0.00000000E+00 0.00000000E+00 0.00000000E+00
24  7 0.00000000E+00-5.31349818E-02 0.00000000E+00 1.73305760E-02 0.00000000E+00
24  8 0.00000000E+00 0.00000000E+00 0.00000000E+00-3.43705664E-01 0.00000000E+00
24  9 0.00000000E+00 2.08910175E-01 0.00000000E+00 0.00000000E+00 0.00000000E+00
24 10 0.00000000E+00-5.31349818E-02 0.00000000E+00-1.73305760E-02
25  1 0.00000000E+00 0.00000000E+00 0.00000000E+00 0.00000000E+00 0.00000000E+00
25  2 2.96676795E-02 0.00000000E+00 0.00000000E+00-1.08537706E-01 0.00000000E+00
25  3 0.00000000E+00 6.78025664E-02 0.00000000E+00 0.00000000E+00 0.00000000E+00
25  4 0.00000000E+00 0.00000000E+00 0.00000000E+00 9.77519680E-01 0.00000000E+00
25  5 0.00000000E+00 0.00000000E+00 0.00000000E+00-1.21813939E-01 0.00000000E+00
25  6 0.00000000E+00 7.65508086E-02 0.00000000E+00 0.00000000E+00 0.00000000E+00
25  7 0.00000000E+00 1.99717721E-02 0.00000000E+00 1.02203402E-02 0.00000000E+00
25  8 0.00000000E+00 0.00000000E+00 0.00000000E+00-1.21813939E-01 0.00000000E+00
25  9 0.00000000E+00 7.65508086E-02 0.00000000E+00 0.00000000E+00 0.00000000E+00
25 10 0.00000000E+00-1.99717721E-02 0.00000000E+00 1.02203402E-02
26  1 3.19118040E-03 1.03640882E-02 4.78499149E-02-5.38590158E-02 0.00000000E+00
26  2 0.00000000E+00 3.19430174E-02 0.00000000E+00 0.00000000E+00-1.16976016E-01
26  3 0.00000000E+00 0.00000000E+00 7.35856713E-02-6.31302777E-02-8.10622512E-01
26  4 8.73752790E-01 0.00000000E+00 0.00000000E+00 0.00000000E+00-8.21976065E-04
26  5 4.70084154E-03-1.15530202E-03-2.95957739E-02 0.00000000E+00-1.25565827E-01
26  6 2.58745561E-02 0.00000000E+00 7.52964861E-02 8.25893244E-03-1.27689581E-02
26  7 4.51002561E-03 0.00000000E+00 1.91879901E-02 0.00000000E+00-8.21976065E-04
26  8 4.70084154E-03-1.15530202E-03 2.95957739E-02 0.00000000E+00-1.25565827E-01
26  9-2.58745561E-02 0.00000000E+00 7.52964861E-02 8.25893244E-03-1.27689581E-02
26 10 4.51002561E-03 0.00000000E+00-1.91879901E-02 0.00000000E+00
27  1 0.00000000E+00 0.00000000E+00 0.00000000E+00 0.00000000E+00 3.84763328E-02
27  2 0.00000000E+00 0.00000000E+00-1.96377348E-01 0.00000000E+00 0.00000000E+00
27  3 8.19218446E-01 0.00000000E+00 0.00000000E+00 0.00000000E+00 0.00000000E+00
27  4 0.00000000E+00 0.00000000E+00 8.32856320E-01 0.00000000E+00-4.08621323E-02
27  5 1.70730353E-01 2.51621225E-01 7.90384804E-02 0.00000000E+00 2.93938029E-01
27  6 2.27843822E-01 0.00000000E+00-3.12909911E-01-2.17768061E-02-2.34664908E-03
27  7 2.41234552E-02 0.00000000E+00-4.26417714E-02 0.00000000E+00 4.08621323E-02
27  8-1.70730353E-01-2.51621225E-01 7.90384804E-02 0.00000000E+00-2.93938029E-01
27  9 2.27843822E-01 0.00000000E+00 3.12909911E-01 2.17768061E-02 2.34664908E-03
27 10-2.41234552E-02 0.00000000E+00-4.26417714E-02 0.00000000E+00
28  1-3.49443840E-02-2.08330773E-01-6.42542198E-01 1.26194821E+00 0.00000000E+00
28  2 0.00000000E+00-7.87950278E-03 0.00000000E+00 0.00000000E+00 1.79400412E-02
28  3 0.00000000E+00 0.00000000E+00 2.74089560E-01 8.63304715E-01-5.37518578E-01
28  4-3.25786137E-01 0.00000000E+00 0.00000000E+00 0.00000000E+00 5.85291421E-02
28  5-3.41454572E-01-7.04185373E-02 1.32795349E-01 0.00000000E+00 1.42556669E-01
28  6-6.28613523E-01 0.00000000E+00-3.54972892E-02 2.49851850E-02-2.22351116E-02
28  7-2.75007341E-03 0.00000000E+00-3.40115272E-02 0.00000000E+00 5.85291421E-02
28  8-3.41454572E-01-7.04185373E-02-1.32795349E-01 0.00000000E+00 1.42556669E-01
28  9 6.28613523E-01 0.00000000E+00-3.54972892E-02 2.49851850E-02-2.22351116E-02
28 10-2.75007341E-03 0.00000000E+00 3.40115272E-02 0.00000000E+00
29  1 0.00000000E+00 0.00000000E+00 0.00000000E+00 0.00000000E+00-6.05882859E-02
29  2 0.00000000E+00 0.00000000E+00 3.17569757E-01 0.00000000E+00 0.00000000E+00
29  3-1.00838232E-01 0.00000000E+00 0.00000000E+00 0.00000000E+00 0.00000000E+00
29  4 0.00000000E+00 0.00000000E+00 4.40793798E-01 0.00000000E+00-1.49878688E-02
29  5 1.01345233E-01-5.36163063E-02-3.99470528E-01 0.00000000E+00-3.95663462E-01
29  6 6.19542871E-01 0.00000000E+00 4.81399910E-01-5.49578559E-02 2.07078233E-02
29  7 3.42500326E-02 0.00000000E+00-1.19091941E-02 0.00000000E+00 1.49878688E-02
29  8-1.01345233E-01 5.36163063E-02-3.99470528E-01 0.00000000E+00 3.95663462E-01
29  9 6.19542871E-01 0.00000000E+00-4.81399910E-01 5.49578559E-02-2.07078233E-02
29 10-3.42500326E-02 0.00000000E+00-1.19091941E-02 0.00000000E+00
30  1 0.00000000E+00 0.00000000E+00 0.00000000E+00 0.00000000E+00 0.00000000E+00
30  2 0.00000000E+00 0.00000000E+00 0.00000000E+00 0.00000000E+00 0.00000000E+00
30  3 0.00000000E+00 0.00000000E+00 0.00000000E+00 0.00000000E+00 0.00000000E+00
30  4 0.00000000E+00 5.57046272E-01 0.00000000E+00 0.00000000E+00 0.00000000E+00
30  5 0.00000000E+00 0.00000000E+00 0.00000000E+00-5.50837397E-01 0.00000000E+00
30  6 0.00000000E+00 7.27349101E-01 0.00000000E+00 0.00000000E+00 0.00000000E+00
30  7 0.00000000E+00-5.34946836E-02 0.00000000E+00 1.70267981E-02 0.00000000E+00
30  8 0.00000000E+00 0.00000000E+00 0.00000000E+00 5.50837397E-01 0.00000000E+00
30  9 0.00000000E+00-7.27349101E-01 0.00000000E+00 0.00000000E+00 0.00000000E+00
30 10 0.00000000E+00-5.34946836E-02 0.00000000E+00-1.70267981E-02
31  1 2.44054920E-02 6.25664116E-02 3.57728017E-01 1.71526442E-02 0.00000000E+00
31  2 0.00000000E+00-4.12128472E-02 0.00000000E+00 0.00000000E+00 2.19070104E-01
31  3 0.00000000E+00 0.00000000E+00-3.93153788E-01 4.41152422E-02 9.44983954E-02
31  4-1.38613638E-01 0.00000000E+00 0.00000000E+00 0.00000000E+00 7.72073394E-03
31  5-6.77697489E-02 6.24349971E-02 3.22014622E-01 0.00000000E+00-5.30136664E-01
31  6-4.25075549E-01 0.00000000E+00 7.10078537E-01 2.35656122E-02-1.36911414E-02
31  7-9.87447079E-03 0.00000000E+00-2.57943321E-02 0.00000000E+00 7.72073394E-03
31  8-6.77697489E-02 6.24349971E-02-3.22014622E-01 0.00000000E+00-5.30136664E-01
31  9 4.25075549E-01 0.00000000E+00 7.10078537E-01 2.35656122E-02-1.36911414E-02
31 10-9.87447079E-03 0.00000000E+00 2.57943321E-02 0.00000000E+00
32  1 0.00000000E+00 0.00000000E+00 0.00000000E+00 0.00000000E+00 0.00000000E+00
32  2-3.00368196E-02 0.00000000E+00 0.00000000E+00 1.59772746E-01 0.00000000E+00
32  3 0.00000000E+00-5.45846290E-01 0.00000000E+00 0.00000000E+00 0.00000000E+00
32  4 0.00000000E+00 0.00000000E+00 0.00000000E+00-1.87365865E-01 0.00000000E+00
32  5 0.00000000E+00 0.00000000E+00 0.00000000E+00-6.21043236E-01 0.00000000E+00
32  6 0.00000000E+00 8.43086996E-01 0.00000000E+00 0.00000000E+00 0.00000000E+00
32  7 0.00000000E+00-2.30128652E-02 0.00000000E+00 1.64129834E-03 0.00000000E+00
32  8 0.00000000E+00 0.00000000E+00 0.00000000E+00-6.21043236E-01 0.00000000E+00
32  9 0.00000000E+00 8.43086996E-01 0.00000000E+00 0.00000000E+00 0.00000000E+00
32 10 0.00000000E+00 2.30128652E-02 0.00000000E+00 1.64129834E-03
33  1 0.00000000E+00 0.00000000E+00 0.00000000E+00 0.00000000E+00-9.24195276E-02
33  2 0.00000000E+00 0.00000000E+00 4.84161068E-01 0.00000000E+00 0.00000000E+00
33  3-1.06923219E-01 0.00000000E+00 0.00000000E+00 0.00000000E+00 0.00000000E+00
33  4 0.00000000E+00 0.00000000E+00-3.16578622E-01 0.00000000E+00-1.17536340E-02
33  5 1.38763045E-01-1.28158335E-01-4.32145605E-01 0.00000000E+00 3.99581712E-01
33  6 5.69412447E-01 0.00000000E+00-5.30378563E-01-1.84931209E-02 2.02423535E-02
33  7-1.74923263E-03 0.00000000E+00 4.56589765E-02 0.00000000E+00 1.17536340E-02
33  8-1.38763045E-01 1.28158335E-01-4.32145605E-01 0.00000000E+00-3.99581712E-01
33  9 5.69412447E-01 0.00000000E+00 5.30378563E-01 1.84931209E-02-2.02423535E-02
33 10 1.74923263E-03 0.00000000E+00 4.56589765E-02 0.00000000E+00
34  1-2.83699148E-02-9.25334533E-02-4.37249040E-01 2.07773759E-01 0.00000000E+00
34  2 0.00000000E+00-4.26025602E-03 0.00000000E+00 0.00000000E+00 1.66585169E-02
34  3 0.00000000E+00 0.00000000E+00-3.06067250E-01 4.36234266E-01-1.32540684E-01
34  4-3.03693582E-01 0.00000000E+00 0.00000000E+00 0.00000000E+00 4.57103698E-03
34  5 2.61628146E-02-6.67074749E-02-5.23655238E-01 0.00000000E+00-2.82428513E-01
34  6 5.60488918E-01 0.00000000E+00 4.46907022E-01-8.73164708E-03-2.69792072E-03
34  7 1.14295678E-02 0.00000000E+00-3.62643711E-02 0.00000000E+00 4.57103698E-03
34  8 2.61628146E-02-6.67074749E-02 5.23655238E-01 0.00000000E+00-2.82428513E-01
34  9-5.60488918E-01 0.00000000E+00 4.46907022E-01-8.73164708E-03-2.69792072E-03
34 10 1.14295678E-02 0.00000000E+00 3.62643711E-02 0.00000000E+00
35  1-2.22056287E-02-2.32468679E-01-5.27588127E-01 1.42900684E+00 0.00000000E+00
35  2 0.00000000E+00-7.33579284E-03 0.00000000E+00 0.00000000E+00 2.69617454E-02
35  3 0.00000000E+00 0.00000000E+00 3.17478386E-01 4.30534389E-01-2.52717897E-01
35  4-1.77816492E-01 0.00000000E+00 0.00000000E+00 0.00000000E+00-1.57336397E-02
35  5 1.09145419E+00-1.42305844E+00 1.15354981E-01 0.00000000E+00 1.83571746E-02
35  6-5.59955239E-01 0.00000000E+00 4.22622641E-02 1.80694813E-01-1.05125659E-01
35  7-7.55691536E-02 0.00000000E+00-8.46975122E-02 0.00000000E+00-1.57336397E-02
35  8 1.09145419E+00-1.42305844E+00-1.15354981E-01 0.00000000E+00 1.83571746E-02
35  9 5.59955239E-01 0.00000000E+00 4.22622641E-02 1.80694813E-01-1.05125659E-01
35 10-7.55691536E-02 0.00000000E+00 8.46975122E-02 0.00000000E+00
36  1 0.00000000E+00 0.00000000E+00 0.00000000E+00 0.00000000E+00-2.53960374E-02
36  2 0.00000000E+00 0.00000000E+00 7.45264826E-02 0.00000000E+00 0.00000000E+00
36  3 1.37827705E+00 0.00000000E+00 0.00000000E+00 0.00000000E+00 0.00000000E+00
36  4 0.00000000E+00 0.00000000E+00 2.56879094E-01 0.00000000E+00 7.74972238E-03
36  5-1.21045609E+00 1.82937025E+00-1.02397481E-01 0.00000000E+00 7.71308492E-02
36  6 5.55664180E-01 0.00000000E+00-2.62084133E-01-1.79047357E-01 9.43377100E-02
36  7 8.47096473E-02 0.00000000E+00 7.39179490E-02 0.00000000E+00-7.74972238E-03
36  8 1.21045609E+00-1.82937025E+00-1.02397481E-01 0.00000000E+00-7.71308492E-02
36  9 5.55664180E-01 0.00000000E+00 2.62084133E-01 1.79047357E-01-9.43377100E-02
36 10-8.47096473E-02 0.00000000E+00 7.39179490E-02 0.00000000E+00
37  1 0.00000000E+00 0.00000000E+00 0.00000000E+00 0.00000000E+00-9.72835285E-04
37  2 0.00000000E+00 0.00000000E+00 2.04754690E-03 0.00000000E+00 0.00000000E+00
37  3 1.11028019E-02 0.00000000E+00 0.00000000E+00 0.00000000E+00 0.00000000E+00
37  4 0.00000000E+00 0.00000000E+00-2.90369004E-02 0.00000000E+00 3.74977620E-04
37  5-6.21720568E-03 8.17801431E-03-1.04957696E-03 0.00000000E+00 5.32655354E-03
37  6 8.26541403E-04 0.00000000E+00-8.49500990E-03-9.28763414E-02 6.02318622E-01
37  7-5.09442281E-01 0.00000000E+00-2.81873340E-01 0.00000000E+00-3.74977620E-04
37  8 6.21720568E-03-8.17801431E-03-1.04957696E-03 0.00000000E+00-5.32655354E-03
37  9 8.26541403E-04 0.00000000E+00 8.49500990E-03 9.28763414E-02-6.02318622E-01
37 10 5.09442281E-01 0.00000000E+00-2.81873340E-01 0.00000000E+00
38  1 0.00000000E+00 0.00000000E+00 0.00000000E+00 0.00000000E+00 0.00000000E+00
38  2 0.00000000E+00 0.00000000E+00 0.00000000E+00 0.00000000E+00 0.00000000E+00
38  3 0.00000000E+00 0.00000000E+00 0.00000000E+00 0.00000000E+00 0.00000000E+00
38  4 0.00000000E+00 2.89018529E-02 0.00000000E+00 0.00000000E+00 0.00000000E+00
38  5 0.00000000E+00 0.00000000E+00 0.00000000E+00-4.26326088E-03 0.00000000E+00
38  6 0.00000000E+00 7.21534288E-03 0.00000000E+00 0.00000000E+00 0.00000000E+00
38  7 0.00000000E+00 2.85090308E-01 0.00000000E+00 6.47143899E-01 0.00000000E+00
38  8 0.00000000E+00 0.00000000E+00 0.00000000E+00 4.26326088E-03 0.00000000E+00
38  9 0.00000000E+00-7.21534288E-03 0.00000000E+00 0.00000000E+00 0.00000000E+00
38 10 0.00000000E+00 2.85090308E-01 0.00000000E+00-6.47143899E-01
39  1 0.00000000E+00 0.00000000E+00 0.00000000E+00 0.00000000E+00 0.00000000E+00
39  2 2.88913298E-03 0.00000000E+00 0.00000000E+00-1.62228037E-03 0.00000000E+00
39  3 0.00000000E+00-3.60610989E-02 0.00000000E+00 0.00000000E+00 0.00000000E+00
39  4 0.00000000E+00 0.00000000E+00 0.00000000E+00-5.70839147E-02 0.00000000E+00
39  5 0.00000000E+00 0.00000000E+00 0.00000000E+00-1.06441620E-02 0.00000000E+00
39  6 0.00000000E+00 2.09265982E-02 0.00000000E+00 0.00000000E+00 0.00000000E+00
39  7 0.00000000E+00 3.35676199E-01 0.00000000E+00 6.22571925E-01 0.00000000E+00
39  8 0.00000000E+00 0.00000000E+00 0.00000000E+00-1.06441620E-02 0.00000000E+00
39  9 0.00000000E+00 2.09265982E-02 0.00000000E+00 0.00000000E+00 0.00000000E+00
39 10 0.00000000E+00-3.35676199E-01 0.00000000E+00 6.22571925E-01
40  1-2.25493833E-04-3.78899628E-03-7.15747186E-03 2.29243170E-02 0.00000000E+00
40  2 0.00000000E+00-9.79646049E-04 0.00000000E+00 0.00000000E+00 6.56092044E-04
40  3 0.00000000E+00 0.00000000E+00 1.77423296E-02 2.53886812E-03-4.20212450E-02
40  4 3.94823769E-02 0.00000000E+00 0.00000000E+00 0.00000000E+00 3.87121899E-04
40  5 1.12855698E-02-1.95643292E-02 3.28050862E-03 0.00000000E+00 4.26625644E-03
40  6-1.23708104E-02 0.00000000E+00-7.88489763E-03-6.39528120E-02 6.11891913E-01
40  7-5.47939101E-01 0.00000000E+00-2.17809782E-01 0.00000000E+00 3.87121899E-04
40  8 1.12855698E-02-1.95643292E-02-3.28050862E-03 0.00000000E+00 4.26625644E-03
40  9 1.23708104E-02 0.00000000E+00-7.88489763E-03-6.39528120E-02 6.11891913E-01
40 10-5.47939101E-01 0.00000000E+00 2.17809782E-01 0.00000000E+00
41  1 0.00000000E+00 0.00000000E+00 0.00000000E+00 0.00000000E+00 0.00000000E+00
41  2 1.33765602E-02 0.00000000E+00 0.00000000E+00-1.28098658E-02 0.00000000E+00
41  3 0.00000000E+00-1.36718908E-01 0.00000000E+00 0.00000000E+00 0.00000000E+00
41  4 0.00000000E+00 0.00000000E+00 0.00000000E+00-6.09461487E-02 0.00000000E+00
41  5 0.00000000E+00 0.00000000E+00 0.00000000E+00-3.69513967E-02 0.00000000E+00
41  6 0.00000000E+00 6.83006805E-02 0.00000000E+00 0.00000000E+00 0.00000000E+00
41  7 0.00000000E+00 6.26791107E-01 0.00000000E+00-3.35744333E-01 0.00000000E+00
41  8 0.00000000E+00 0.00000000E+00 0.00000000E+00-3.69513967E-02 0.00000000E+00
41  9 0.00000000E+00 6.83006805E-02 0.00000000E+00 0.00000000E+00 0.00000000E+00
41 10 0.00000000E+00-6.26791107E-01 0.00000000E+00-3.35744333E-01
42  1-1.53310464E-03 2.09099194E-02 8.92459387E-03-1.31156858E-01 0.00000000E+00
42  2 0.00000000E+00 1.86541235E-02 0.00000000E+00 0.00000000E+00-3.29602515E-02
42  3 0.00000000E+00 0.00000000E+00-1.60439235E-01 2.67189309E-02 5.00915387E-02
42  4-7.68104696E-02 0.00000000E+00 0.00000000E+00 0.00000000E+00 8.30432484E-04
42  5-8.73906992E-02 1.26217731E-01-3.90311268E-02 0.00000000E+00-3.34917506E-02
42  6 9.41404865E-02 0.00000000E+00 6.00997953E-02 3.96748657E-01-1.13890437E-02
42  7-3.85359613E-01 0.00000000E+00 5.48786128E-01 0.00000000E+00 8.30432484E-04
42  8-8.73906992E-02 1.26217731E-01 3.90311268E-02 0.00000000E+00-3.34917506E-02
42  9-9.41404865E-02 0.00000000E+00 6.00997953E-02 3.96748657E-01-1.13890437E-02
42 10-3.85359613E-01 0.00000000E+00-5.48786128E-01 0.00000000E+00
43  1 0.00000000E+00 0.00000000E+00 0.00000000E+00 0.00000000E+00 3.39282023E-02
43  2 0.00000000E+00 0.00000000E+00-1.20292947E-01 0.00000000E+00 0.00000000E+00
43  3-8.20962293E-02 0.00000000E+00 0.00000000E+00 0.00000000E+00 0.00000000E+00
43  4 0.00000000E+00 0.00000000E+00 1.72632892E-01 0.00000000E+00-2.09127772E-04
43  5 8.99530205E-02-1.31611479E-01 2.78489619E-02 0.00000000E+00-3.82067374E-02
43  6-6.30331054E-02 0.00000000E+00 7.13291478E-02 1.51353280E-01 1.80638966E-01
43  7-3.31992246E-01 0.00000000E+00 6.25419878E-01 0.00000000E+00 2.09127772E-04
43  8-8.99530205E-02 1.31611479E-01 2.78489619E-02 0.00000000E+00 3.82067374E-02
43  9-6.30331054E-02 0.00000000E+00-7.13291478E-02-1.51353280E-01-1.80638966E-01
43 10 3.31992246E-01 0.00000000E+00 6.25419878E-01 0.00000000E+00
44  1 0.00000000E+00 0.00000000E+00 0.00000000E+00 0.00000000E+00 0.00000000E+00
44  2 0.00000000E+00 0.00000000E+00 0.00000000E+00 0.00000000E+00 0.00000000E+00
44  3 0.00000000E+00 0.00000000E+00 0.00000000E+00 0.00000000E+00 0.00000000E+00
44  4 0.00000000E+00 2.61733049E-01 0.00000000E+00 0.00000000E+00 0.00000000E+00
44  5 0.00000000E+00 0.00000000E+00 0.00000000E+00-3.39012588E-02 0.00000000E+00
44  6 0.00000000E+00 6.53377990E-02 0.00000000E+00 0.00000000E+00 0.00000000E+00
44  7 0.00000000E+00 6.50054485E-01 0.00000000E+00-2.85519758E-01 0.00000000E+00
44  8 0.00000000E+00 0.00000000E+00 0.00000000E+00 3.39012588E-02 0.00000000E+00
44  9 0.00000000E+00-6.53377990E-02 0.00000000E+00 0.00000000E+00 0.00000000E+00
44 10 0.00000000E+00 6.50054485E-01 0.00000000E+00 2.85519758E-01
45  1 0.00000000E+00 0.00000000E+00 0.00000000E+00 0.00000000E+00-1.35469766E-01
45  2 0.00000000E+00 0.00000000E+00 5.06691716E-01 0.00000000E+00 0.00000000E+00
45  3 3.77206249E-01 0.00000000E+00 0.00000000E+00 0.00000000E+00 0.00000000E+00
45  4 0.00000000E+00 0.00000000E+00 3.23295418E-01 0.00000000E+00-6.21720684E-03
45  5-4.37356881E-01 6.93343209E-01-9.95102767E-02 0.00000000E+00 2.26175794E-02
45  6 3.99701233E-01 0.00000000E+00-9.59470432E-02 6.88694725E-01-3.24498353E-01
45  7-3.64196372E-01 0.00000000E+00-1.71562826E-01 0.00000000E+00 6.21720684E-03
45  8 4.37356881E-01-6.93343209E-01-9.95102767E-02 0.00000000E+00-2.26175794E-02
45  9 3.99701233E-01 0.00000000E+00 9.59470432E-02-6.88694725E-01 3.24498353E-01
45 10 3.64196372E-01 0.00000000E+00-1.71562826E-01 0.00000000E+00
46  1 6.88112450E-03-1.54938887E-01-1.17164610E-01 9.35717239E-01 0.00000000E+00
46  2 0.00000000E+00-3.81187138E-02 0.00000000E+00 0.00000000E+00 1.48324539E-01
46  3 0.00000000E+00 0.00000000E+00 1.06979361E-01 6.58880563E-01-3.57047321E-01
46  4-3.01833242E-01 0.00000000E+00 0.00000000E+00 0.00000000E+00 1.24667250E-02
46  5 4.63979216E-01-7.58759750E-01 8.04120234E-02 0.00000000E+00-2.39089016E-02
46  6-4.84763459E-01 0.00000000E+00 1.37313470E-01-6.01492240E-01 3.64720772E-01
46  7 2.36771468E-01 0.00000000E+00 4.08486904E-01 0.00000000E+00 1.24667250E-02
46  8 4.63979216E-01-7.58759750E-01-8.04120234E-02 0.00000000E+00-2.39089016E-02
46  9 4.84763459E-01 0.00000000E+00 1.37313470E-01-6.01492240E-01 3.64720772E-01
46 10 2.36771468E-01 0.00000000E+00-4.08486904E-01 0.00000000E+00
 $END   
 POPULATION ANALYSIS
S           15.25327   0.74673  15.30272   0.69728
O            8.37337  -0.37337   8.34864  -0.34864
O            8.37337  -0.37337   8.34864  -0.34864
 MOMENTS AT POINT    1 X,Y,Z=  0.000000  0.000000  0.000000
 DIPOLE       0.000000  0.000000 -0.964232
