 $DATA  
Title                                                                           
CNV      2

S          16.0      0.0000000000      0.0000000000     -0.0741029399
   PC1     0
        
O           8.0      1.6935309868      0.0000000000      0.0740618228
   PC1     0
        
 $END      
 $ZMAT   IZMAT(1)=
         1,   3,   1,
         1,   2,   1,
         2,   2,   1,   3,
 $END
--- CLOSED SHELL ORBITALS --- GENERATED AT Thu Feb 26 00:20:03 2015
Title                                                                           
E(R-PBE)=     -548.1514911386, E(NUC)=   89.6869009748,   29 ITERS
 $VEC   
 1  1 1.00297968E+00-1.03008190E-02 1.75634090E-03-8.19182187E-04 0.00000000E+00
 1  2 0.00000000E+00 3.19673490E-05 0.00000000E+00 0.00000000E+00-2.09869820E-06
 1  3 0.00000000E+00 0.00000000E+00 2.88153468E-07 6.39231140E-05-3.22193160E-05
 1  4-3.17037980E-05 0.00000000E+00 0.00000000E+00 0.00000000E+00 5.08149950E-06
 1  5 3.40767752E-05-6.45575744E-06 1.95637690E-06 0.00000000E+00-7.45120078E-07
 1  6-8.73737472E-05 0.00000000E+00 1.01055585E-05-9.74261310E-05 4.94060677E-05
 1  7 4.80200633E-05 0.00000000E+00 1.62265886E-05 0.00000000E+00 5.08149950E-06
 1  8 3.40767752E-05-6.45575744E-06-1.95637690E-06 0.00000000E+00-7.45120078E-07
 1  9 8.73737472E-05 0.00000000E+00 1.01055585E-05-9.74261310E-05 4.94060677E-05
 1 10 4.80200633E-05 0.00000000E+00-1.62265886E-05 0.00000000E+00
 2  1 0.00000000E+00 0.00000000E+00 0.00000000E+00 0.00000000E+00 1.71680922E-04
 2  2 0.00000000E+00 0.00000000E+00-1.30058222E-03 0.00000000E+00 0.00000000E+00
 2  3-8.21646019E-03 0.00000000E+00 0.00000000E+00 0.00000000E+00 0.00000000E+00
 2  4 0.00000000E+00 0.00000000E+00-3.68221625E-04 0.00000000E+00 7.03315055E-01
 2  5 2.62059954E-02-1.38452962E-02 8.19051649E-04 0.00000000E+00-9.72768477E-05
 2  6-3.44693777E-03 0.00000000E+00 4.90790310E-04-3.25574968E-04 1.67713788E-04
 2  7 1.57861180E-04 0.00000000E+00 6.90531125E-05 0.00000000E+00-7.03315055E-01
 2  8-2.62059954E-02 1.38452962E-02 8.19051649E-04 0.00000000E+00 9.72768477E-05
 2  9-3.44693777E-03 0.00000000E+00-4.90790310E-04 3.25574968E-04-1.67713788E-04
 2 10-1.57861180E-04 0.00000000E+00 6.90531125E-05 0.00000000E+00
 3  1-3.16836558E-05-6.47488868E-04-1.03673832E-03 5.94277481E-03 0.00000000E+00
 3  2 0.00000000E+00-1.22604984E-05 0.00000000E+00 0.00000000E+00 1.10819531E-04
 3  3 0.00000000E+00 0.00000000E+00 4.51061188E-04 1.39589825E-03-7.09879819E-04
 3  4-6.86018435E-04 0.00000000E+00 0.00000000E+00 0.00000000E+00 7.03218077E-01
 3  5 2.48595834E-02-9.79027078E-03 7.13190886E-04 0.00000000E+00-1.04979022E-06
 3  6-2.47288746E-03 0.00000000E+00 7.46087791E-05-4.80789222E-04 2.45915273E-04
 3  7 2.34873949E-04 0.00000000E+00 7.81446293E-05 0.00000000E+00 7.03218077E-01
 3  8 2.48595834E-02-9.79027078E-03-7.13190886E-04 0.00000000E+00-1.04979022E-06
 3  9 2.47288746E-03 0.00000000E+00 7.46087791E-05-4.80789222E-04 2.45915273E-04
 3 10 2.34873949E-04 0.00000000E+00-7.81446293E-05 0.00000000E+00
 4  1-2.74147873E-01 1.03938204E+00 3.99496580E-02-1.10676815E-02 0.00000000E+00
 4  2 0.00000000E+00 5.44154198E-03 0.00000000E+00 0.00000000E+00 3.97190026E-04
 4  3 0.00000000E+00 0.00000000E+00-1.40685493E-04 9.73426192E-04-4.80167172E-04
 4  4-4.93259020E-04 0.00000000E+00 0.00000000E+00 0.00000000E+00 5.60163394E-05
 4  5 2.24608279E-04-6.97599369E-05-1.85705258E-04 0.00000000E+00 8.64813823E-06
 4  6-9.60322744E-04 0.00000000E+00 1.25930049E-04-9.13660301E-04 4.62834969E-04
 4  7 4.50825332E-04 0.00000000E+00 1.48891740E-04 0.00000000E+00 5.60163394E-05
 4  8 2.24608279E-04-6.97599369E-05 1.85705258E-04 0.00000000E+00 8.64813823E-06
 4  9 9.60322744E-04 0.00000000E+00 1.25930049E-04-9.13660301E-04 4.62834969E-04
 4 10 4.50825332E-04 0.00000000E+00-1.48891740E-04 0.00000000E+00
 5  1 0.00000000E+00 0.00000000E+00 0.00000000E+00 0.00000000E+00 9.96977138E-01
 5  2 0.00000000E+00 0.00000000E+00 8.52606628E-03 0.00000000E+00 0.00000000E+00
 5  3-5.20628251E-04 0.00000000E+00 0.00000000E+00 0.00000000E+00 0.00000000E+00
 5  4 0.00000000E+00 0.00000000E+00 3.39138851E-04 0.00000000E+00 1.25810786E-04
 5  5 2.17145161E-04-5.68614449E-04-1.19862008E-04 0.00000000E+00-4.09711862E-07
 5  6-3.71981378E-04 0.00000000E+00 9.20312642E-05-4.16807639E-04 2.13333331E-04
 5  7 2.03474308E-04 0.00000000E+00 9.36579219E-05 0.00000000E+00-1.25810786E-04
 5  8-2.17145161E-04 5.68614449E-04-1.19862008E-04 0.00000000E+00 4.09711862E-07
 5  9-3.71981378E-04 0.00000000E+00-9.20312642E-05 4.16807639E-04-2.13333331E-04
 5 10-2.03474308E-04 0.00000000E+00 9.36579219E-05 0.00000000E+00
 6  1 0.00000000E+00 0.00000000E+00 0.00000000E+00 0.00000000E+00 0.00000000E+00
 6  2 9.97039444E-01 0.00000000E+00 0.00000000E+00 8.48219495E-03 0.00000000E+00
 6  3 0.00000000E+00-5.98738707E-05 0.00000000E+00 0.00000000E+00 0.00000000E+00
 6  4 0.00000000E+00 0.00000000E+00 0.00000000E+00 3.37852584E-04 0.00000000E+00
 6  5 0.00000000E+00 0.00000000E+00 0.00000000E+00 1.82436600E-06 0.00000000E+00
 6  6 0.00000000E+00-2.30398976E-05 0.00000000E+00 0.00000000E+00 0.00000000E+00
 6  7 0.00000000E+00 2.25760292E-05 0.00000000E+00-5.88119541E-06 0.00000000E+00
 6  8 0.00000000E+00 0.00000000E+00 0.00000000E+00 1.82436600E-06 0.00000000E+00
 6  9 0.00000000E+00-2.30398976E-05 0.00000000E+00 0.00000000E+00 0.00000000E+00
 6 10 0.00000000E+00-2.25760292E-05 0.00000000E+00-5.88119541E-06
 7  1 1.52257155E-03-5.73706078E-03 1.26367505E-04-3.42297715E-04 0.00000000E+00
 7  2 0.00000000E+00 9.97034512E-01 0.00000000E+00 0.00000000E+00 8.44645418E-03
 7  3 0.00000000E+00 0.00000000E+00-6.38665432E-05-3.17708405E-04-1.33474426E-04
 7  4 4.51182831E-04 0.00000000E+00 0.00000000E+00 0.00000000E+00-1.78520580E-05
 7  5-6.61019512E-05 1.96398071E-04 2.68072141E-05 0.00000000E+00-1.34824093E-07
 7  6 1.34669509E-04 0.00000000E+00-3.78087238E-05 8.58448496E-05-3.84446339E-05
 7  7-4.74002157E-05 0.00000000E+00 7.06889032E-06 0.00000000E+00-1.78520580E-05
 7  8-6.61019512E-05 1.96398071E-04-2.68072141E-05 0.00000000E+00-1.34824093E-07
 7  9-1.34669509E-04 0.00000000E+00-3.78087238E-05 8.58448496E-05-3.84446339E-05
 7 10-4.74002157E-05 0.00000000E+00-7.06889032E-06 0.00000000E+00
 8  1 4.38912125E-02-1.30505318E-01 2.55066589E-01 1.86747538E-01 0.00000000E+00
 8  2 0.00000000E+00-1.03600352E-02 0.00000000E+00 0.00000000E+00 2.23399432E-02
 8  3 0.00000000E+00 0.00000000E+00 4.43908432E-03 5.32145916E-02-2.69561512E-02
 8  4-2.62584404E-02 0.00000000E+00 0.00000000E+00 0.00000000E+00-1.31415048E-01
 8  5 2.65675111E-01 3.16968996E-01 8.05394611E-02 0.00000000E+00-5.11372688E-03
 8  6 3.48620345E-02 0.00000000E+00-1.71450615E-03 7.50620266E-03-3.48818361E-03
 8  7-4.01801905E-03 0.00000000E+00 5.22817172E-04 0.00000000E+00-1.31415048E-01
 8  8 2.65675111E-01 3.16968996E-01-8.05394611E-02 0.00000000E+00-5.11372688E-03
 8  9-3.48620345E-02 0.00000000E+00-1.71450615E-03 7.50620266E-03-3.48818361E-03
 8 10-4.01801905E-03 0.00000000E+00-5.22817172E-04 0.00000000E+00
 9  1 0.00000000E+00 0.00000000E+00 0.00000000E+00 0.00000000E+00 9.37861883E-02
 9  2 0.00000000E+00 0.00000000E+00-1.84192846E-01 0.00000000E+00 0.00000000E+00
 9  3-1.82779286E-02 0.00000000E+00 0.00000000E+00 0.00000000E+00 0.00000000E+00
 9  4 0.00000000E+00 0.00000000E+00-1.08095262E-02 0.00000000E+00-1.50914208E-01
 9  5 3.00900647E-01 3.90947518E-01 7.26289306E-02 0.00000000E+00-4.77799084E-03
 9  6 4.34414507E-02 0.00000000E+00-3.43802400E-03 8.05490284E-03-3.75954917E-03
 9  7-4.29535366E-03 0.00000000E+00 1.10883448E-04 0.00000000E+00 1.50914208E-01
 9  8-3.00900647E-01-3.90947518E-01 7.26289306E-02 0.00000000E+00 4.77799084E-03
 9  9 4.34414507E-02 0.00000000E+00 3.43802400E-03-8.05490284E-03 3.75954917E-03
 9 10 4.29535366E-03 0.00000000E+00 1.10883448E-04 0.00000000E+00
10  1 7.22077150E-02-2.06703653E-01 4.50905660E-01 4.33803524E-01 0.00000000E+00
10  2 0.00000000E+00-4.58116026E-03 0.00000000E+00 0.00000000E+00 1.38857644E-02
10  3 0.00000000E+00 0.00000000E+00 1.22115087E-03-1.72539464E-02 9.01470060E-03
10  4 8.23924582E-03 0.00000000E+00 0.00000000E+00 0.00000000E+00 9.83294058E-02
10  5-2.03620970E-01-3.18971572E-01 1.24400148E-01 0.00000000E+00-7.72330753E-03
10  6 5.50420905E-02 0.00000000E+00-2.02470790E-03 9.76615267E-03-5.12541594E-03
10  7-4.64073672E-03 0.00000000E+00-2.03792622E-03 0.00000000E+00 9.83294058E-02
10  8-2.03620970E-01-3.18971572E-01-1.24400148E-01 0.00000000E+00-7.72330753E-03
10  9-5.50420905E-02 0.00000000E+00-2.02470790E-03 9.76615267E-03-5.12541594E-03
10 10-4.64073672E-03 0.00000000E+00 2.03792622E-03 0.00000000E+00
11  1 0.00000000E+00 0.00000000E+00 0.00000000E+00 0.00000000E+00-1.77939804E-01
11  2 0.00000000E+00 0.00000000E+00 4.19093634E-01 0.00000000E+00 0.00000000E+00
11  3 5.47934567E-02 0.00000000E+00 0.00000000E+00 0.00000000E+00 0.00000000E+00
11  4 0.00000000E+00 0.00000000E+00 1.35862815E-02 0.00000000E+00-5.66967974E-02
11  5 1.26958475E-01 1.79147244E-01-3.63382638E-01 0.00000000E+00 2.45155248E-02
11  6-2.32806000E-01 0.00000000E+00 1.70754047E-02-1.60372237E-02 8.24012496E-03
11  7 7.79709869E-03 0.00000000E+00 3.05019257E-03 0.00000000E+00 5.66967974E-02
11  8-1.26958475E-01-1.79147244E-01-3.63382638E-01 0.00000000E+00-2.45155248E-02
11  9-2.32806000E-01 0.00000000E+00-1.70754047E-02 1.60372237E-02-8.24012496E-03
11 10-7.79709869E-03 0.00000000E+00 3.05019257E-03 0.00000000E+00
12  1 0.00000000E+00 0.00000000E+00 0.00000000E+00 0.00000000E+00 0.00000000E+00
12  2-2.03848352E-01 0.00000000E+00 0.00000000E+00 4.78003351E-01 0.00000000E+00
12  3 0.00000000E+00 3.06754445E-01 0.00000000E+00 0.00000000E+00 0.00000000E+00
12  4 0.00000000E+00 0.00000000E+00 0.00000000E+00 1.20241764E-02 0.00000000E+00
12  5 0.00000000E+00 0.00000000E+00 0.00000000E+00 2.99731892E-01 0.00000000E+00
12  6 0.00000000E+00 1.85873963E-01 0.00000000E+00 0.00000000E+00 0.00000000E+00
12  7 0.00000000E+00 1.58840357E-02 0.00000000E+00-1.11070704E-03 0.00000000E+00
12  8 0.00000000E+00 0.00000000E+00 0.00000000E+00 2.99731892E-01 0.00000000E+00
12  9 0.00000000E+00 1.85873963E-01 0.00000000E+00 0.00000000E+00 0.00000000E+00
12 10 0.00000000E+00-1.58840357E-02 0.00000000E+00-1.11070704E-03
13  1-4.21924186E-03 1.34582149E-02-2.48285515E-02-4.30703397E-02 0.00000000E+00
13  2 0.00000000E+00-2.03532762E-01 0.00000000E+00 0.00000000E+00 4.77017614E-01
13  3 0.00000000E+00 0.00000000E+00 3.05694583E-01-5.66434290E-03-7.61461353E-03
13  4 1.32789564E-02 0.00000000E+00 0.00000000E+00 0.00000000E+00 2.48956052E-03
13  5-4.60081838E-03-1.21388383E-02 5.65380216E-02 0.00000000E+00 2.94223618E-01
13  6 3.61571257E-02 0.00000000E+00 1.82694797E-01 3.58964622E-03-8.54611865E-04
13  7-2.73503436E-03 0.00000000E+00 1.54326703E-02 0.00000000E+00 2.48956052E-03
13  8-4.60081838E-03-1.21388383E-02-5.65380216E-02 0.00000000E+00 2.94223618E-01
13  9-3.61571257E-02 0.00000000E+00 1.82694797E-01 3.58964622E-03-8.54611865E-04
13 10-2.73503436E-03 0.00000000E+00-1.54326703E-02 0.00000000E+00
14  1 0.00000000E+00 0.00000000E+00 0.00000000E+00 0.00000000E+00 0.00000000E+00
14  2 0.00000000E+00 0.00000000E+00 0.00000000E+00 0.00000000E+00 0.00000000E+00
14  3 0.00000000E+00 0.00000000E+00 0.00000000E+00 0.00000000E+00 0.00000000E+00
14  4 0.00000000E+00-9.50959278E-02 0.00000000E+00 0.00000000E+00 0.00000000E+00
14  5 0.00000000E+00 0.00000000E+00 0.00000000E+00 4.67463664E-01 0.00000000E+00
14  6 0.00000000E+00 3.34695026E-01 0.00000000E+00 0.00000000E+00 0.00000000E+00
14  7 0.00000000E+00 1.46921469E-02 0.00000000E+00-1.13467617E-03 0.00000000E+00
14  8 0.00000000E+00 0.00000000E+00 0.00000000E+00-4.67463664E-01 0.00000000E+00
14  9 0.00000000E+00-3.34695026E-01 0.00000000E+00 0.00000000E+00 0.00000000E+00
14 10 0.00000000E+00 1.46921469E-02 0.00000000E+00 1.13467617E-03
15  1 0.00000000E+00 0.00000000E+00 0.00000000E+00 0.00000000E+00-1.02661274E-02
15  2 0.00000000E+00 0.00000000E+00 2.38816888E-02 0.00000000E+00 0.00000000E+00
15  3 2.48778979E-02 0.00000000E+00 0.00000000E+00 0.00000000E+00 0.00000000E+00
15  4 0.00000000E+00 0.00000000E+00-9.42209824E-02 0.00000000E+00-1.58498064E-03
15  5 2.27163474E-03 1.36204508E-02 4.60657666E-02 0.00000000E+00 4.64715583E-01
15  6 3.52675514E-02 0.00000000E+00 3.32588124E-01 1.43317727E-03 2.69338822E-04
15  7-1.70251609E-03 0.00000000E+00 1.46536705E-02 0.00000000E+00 1.58498064E-03
15  8-2.27163474E-03-1.36204508E-02 4.60657666E-02 0.00000000E+00-4.64715583E-01
15  9 3.52675514E-02 0.00000000E+00-3.32588124E-01-1.43317727E-03-2.69338822E-04
15 10 1.70251609E-03 0.00000000E+00 1.46536705E-02 0.00000000E+00
16  1 2.94286793E-02-1.16149892E-01 1.50419955E-01 5.50422379E-01 0.00000000E+00
16  2 0.00000000E+00 3.68515317E-02 0.00000000E+00 0.00000000E+00-8.97731149E-02
16  3 0.00000000E+00 0.00000000E+00-4.36791784E-02-1.66507204E-01 8.37826903E-02
16  4 8.27245133E-02 0.00000000E+00 0.00000000E+00 0.00000000E+00 7.11377874E-03
16  5-1.93442270E-02-6.76520847E-02-4.39127008E-01 0.00000000E+00 1.50734276E-01
16  6-3.19473308E-01 0.00000000E+00 1.10046610E-01-5.78013113E-03 3.02126162E-03
16  7 2.75886951E-03 0.00000000E+00 2.46441648E-03 0.00000000E+00 7.11377874E-03
16  8-1.93442270E-02-6.76520847E-02 4.39127008E-01 0.00000000E+00 1.50734276E-01
16  9 3.19473308E-01 0.00000000E+00 1.10046610E-01-5.78013113E-03 3.02126162E-03
16 10 2.75886951E-03 0.00000000E+00-2.46441648E-03 0.00000000E+00
17  1 0.00000000E+00 0.00000000E+00 0.00000000E+00 0.00000000E+00 0.00000000E+00
17  2-2.06325501E-01 0.00000000E+00 0.00000000E+00 5.15419793E-01 0.00000000E+00
17  3 0.00000000E+00 3.92640337E-01 0.00000000E+00 0.00000000E+00 0.00000000E+00
17  4 0.00000000E+00 0.00000000E+00 0.00000000E+00-3.35478159E-04 0.00000000E+00
17  5 0.00000000E+00 0.00000000E+00 0.00000000E+00-3.95852178E-01 0.00000000E+00
17  6 0.00000000E+00-3.01053486E-01 0.00000000E+00 0.00000000E+00 0.00000000E+00
17  7 0.00000000E+00 3.00658755E-04 0.00000000E+00-1.02314359E-04 0.00000000E+00
17  8 0.00000000E+00 0.00000000E+00 0.00000000E+00-3.95852178E-01 0.00000000E+00
17  9 0.00000000E+00-3.01053486E-01 0.00000000E+00 0.00000000E+00 0.00000000E+00
17 10 0.00000000E+00-3.00658755E-04 0.00000000E+00-1.02314359E-04
18  1 7.58949122E-03-2.74453208E-02 4.30498474E-02 1.43159669E-01 0.00000000E+00
18  2 0.00000000E+00-2.03056468E-01 0.00000000E+00 0.00000000E+00 5.08135424E-01
18  3 0.00000000E+00 0.00000000E+00 3.94435174E-01-4.39218120E-02 2.24694951E-02
18  4 2.14523168E-02 0.00000000E+00 0.00000000E+00 0.00000000E+00 6.31581667E-03
18  5-1.38286094E-02-4.41024664E-02-1.51897074E-01 0.00000000E+00-3.68765134E-01
18  6-1.16859687E-01 0.00000000E+00-2.81134239E-01-7.77497933E-04 5.02124383E-04
18  7 2.75373550E-04 0.00000000E+00 7.98007944E-04 0.00000000E+00 6.31581667E-03
18  8-1.38286094E-02-4.41024664E-02 1.51897074E-01 0.00000000E+00-3.68765134E-01
18  9 1.16859687E-01 0.00000000E+00-2.81134239E-01-7.77497933E-04 5.02124383E-04
18 10 2.75373550E-04 0.00000000E+00-7.98007944E-04 0.00000000E+00
19  1 0.00000000E+00 0.00000000E+00 0.00000000E+00 0.00000000E+00-2.36077763E-01
19  2 0.00000000E+00 0.00000000E+00 6.31653731E-01 0.00000000E+00 0.00000000E+00
19  3 1.12179214E+00 0.00000000E+00 0.00000000E+00 0.00000000E+00 0.00000000E+00
19  4 0.00000000E+00 0.00000000E+00-4.89169726E-02 0.00000000E+00-7.02174135E-02
19  5 1.34747967E-01 6.01599611E-01 3.30058911E-01 0.00000000E+00-7.14416019E-02
19  6 4.33716288E-01 0.00000000E+00-6.48832820E-02-7.19084095E-04 7.82677948E-04
19  7-6.35938527E-05 0.00000000E+00 4.04211838E-03 0.00000000E+00 7.02174135E-02
19  8-1.34747967E-01-6.01599611E-01 3.30058911E-01 0.00000000E+00 7.14416019E-02
19  9 4.33716288E-01 0.00000000E+00 6.48832820E-02 7.19084095E-04-7.82677948E-04
19 10 6.35938527E-05 0.00000000E+00 4.04211838E-03 0.00000000E+00
20  1 0.00000000E+00 0.00000000E+00 0.00000000E+00 0.00000000E+00 2.62091364E-01
20  2 0.00000000E+00 0.00000000E+00-1.01368730E+00 0.00000000E+00 0.00000000E+00
20  3 1.81395168E+00 0.00000000E+00 0.00000000E+00 0.00000000E+00 0.00000000E+00
20  4 0.00000000E+00 0.00000000E+00-5.92828440E-02 0.00000000E+00-3.00488744E-02
20  5 8.81364403E-03 6.85972128E-01-2.46938456E-01 0.00000000E+00-2.09315899E-02
20  6 2.78331481E-01 0.00000000E+00-2.78111535E-02 5.22305087E-02-2.60678047E-02
20  7-2.61627040E-02 0.00000000E+00-3.75786386E-03 0.00000000E+00 3.00488744E-02
20  8-8.81364403E-03-6.85972128E-01-2.46938456E-01 0.00000000E+00 2.09315899E-02
20  9 2.78331481E-01 0.00000000E+00 2.78111535E-02-5.22305087E-02 2.60678047E-02
20 10 2.61627040E-02 0.00000000E+00-3.75786386E-03 0.00000000E+00
21  1-4.35337872E-02-1.62695622E-01-6.78546931E-01 8.63140385E-01 0.00000000E+00
21  2 0.00000000E+00 2.72202026E-01 0.00000000E+00 0.00000000E+00-1.05437680E+00
21  3 0.00000000E+00 0.00000000E+00 1.16455323E+00-5.05721973E-02 6.98415406E-02
21  4-1.92693433E-02 0.00000000E+00 0.00000000E+00 0.00000000E+00 6.91264581E-03
21  5-7.20410530E-03-1.44830119E-01 5.87126356E-02 0.00000000E+00-1.08451372E-01
21  6-9.75843098E-02 0.00000000E+00-7.65987276E-02-2.63589955E-02 1.32945379E-02
21  7 1.30644576E-02 0.00000000E+00-7.22140325E-03 0.00000000E+00 6.91264581E-03
21  8-7.20410530E-03-1.44830119E-01-5.87126356E-02 0.00000000E+00-1.08451372E-01
21  9 9.75843098E-02 0.00000000E+00-7.65987276E-02-2.63589955E-02 1.32945379E-02
21 10 1.30644576E-02 0.00000000E+00 7.22140325E-03 0.00000000E+00
22  1 0.00000000E+00 0.00000000E+00 0.00000000E+00 0.00000000E+00 0.00000000E+00
22  2 2.95882229E-01 0.00000000E+00 0.00000000E+00-1.14639907E+00 0.00000000E+00
22  3 0.00000000E+00 1.24774361E+00 0.00000000E+00 0.00000000E+00 0.00000000E+00
22  4 0.00000000E+00 0.00000000E+00 0.00000000E+00-5.51216646E-02 0.00000000E+00
22  5 0.00000000E+00 0.00000000E+00 0.00000000E+00-1.04035793E-01 0.00000000E+00
22  6 0.00000000E+00-9.26785138E-02 0.00000000E+00 0.00000000E+00 0.00000000E+00
22  7 0.00000000E+00-1.29732149E-02 0.00000000E+00 1.52068316E-04 0.00000000E+00
22  8 0.00000000E+00 0.00000000E+00 0.00000000E+00-1.04035793E-01 0.00000000E+00
22  9 0.00000000E+00-9.26785138E-02 0.00000000E+00 0.00000000E+00 0.00000000E+00
22 10 0.00000000E+00 1.29732149E-02 0.00000000E+00 1.52068316E-04
23  1-1.05886703E-01-3.66104852E-01-1.61339925E+00 1.91142176E+00 0.00000000E+00
23  2 0.00000000E+00-1.15027324E-01 0.00000000E+00 0.00000000E+00 4.46281540E-01
23  3 0.00000000E+00 0.00000000E+00-4.59790465E-01-1.82908481E-01 7.29213361E-02
23  4 1.09987145E-01 0.00000000E+00 0.00000000E+00 0.00000000E+00 9.69714401E-03
23  5-1.72116270E-02-2.07963292E-01 1.18744972E-01 0.00000000E+00 1.25593236E-02
23  6-1.41373050E-01 0.00000000E+00 5.05761691E-02-4.62186090E-02 2.36360264E-02
23  7 2.25825826E-02 0.00000000E+00 1.43814331E-02 0.00000000E+00 9.69714401E-03
23  8-1.72116270E-02-2.07963292E-01-1.18744972E-01 0.00000000E+00 1.25593236E-02
23  9 1.41373050E-01 0.00000000E+00 5.05761691E-02-4.62186090E-02 2.36360264E-02
23 10 2.25825826E-02 0.00000000E+00-1.43814331E-02 0.00000000E+00
24  1 0.00000000E+00 0.00000000E+00 0.00000000E+00 0.00000000E+00 0.00000000E+00
24  2 0.00000000E+00 0.00000000E+00 0.00000000E+00 0.00000000E+00 0.00000000E+00
24  3 0.00000000E+00 0.00000000E+00 0.00000000E+00 0.00000000E+00 0.00000000E+00
24  4 0.00000000E+00 8.26537668E-01 0.00000000E+00 0.00000000E+00 0.00000000E+00
24  5 0.00000000E+00 0.00000000E+00 0.00000000E+00 3.70355671E-01 0.00000000E+00
24  6 0.00000000E+00-1.94927894E-01 0.00000000E+00 0.00000000E+00 0.00000000E+00
24  7 0.00000000E+00-6.16838652E-02 0.00000000E+00 6.61948283E-03 0.00000000E+00
24  8 0.00000000E+00 0.00000000E+00 0.00000000E+00-3.70355671E-01 0.00000000E+00
24  9 0.00000000E+00 1.94927894E-01 0.00000000E+00 0.00000000E+00 0.00000000E+00
24 10 0.00000000E+00-6.16838652E-02 0.00000000E+00-6.61948283E-03
25  1 0.00000000E+00 0.00000000E+00 0.00000000E+00 0.00000000E+00 5.39498200E-03
25  2 0.00000000E+00 0.00000000E+00-3.59582887E-02 0.00000000E+00 0.00000000E+00
25  3 3.45064540E-01 0.00000000E+00 0.00000000E+00 0.00000000E+00 0.00000000E+00
25  4 0.00000000E+00 0.00000000E+00 8.25326833E-01 0.00000000E+00-1.76309170E-02
25  5 6.01811195E-02 1.40322767E-01 3.39416385E-02 0.00000000E+00 3.63859920E-01
25  6 1.11455299E-01 0.00000000E+00-2.12652607E-01-6.03035378E-03-2.66594202E-03
25  7 8.69629580E-03 0.00000000E+00-6.09045105E-02 0.00000000E+00 1.76309170E-02
25  8-6.01811195E-02-1.40322767E-01 3.39416385E-02 0.00000000E+00-3.63859920E-01
25  9 1.11455299E-01 0.00000000E+00 2.12652607E-01 6.03035378E-03 2.66594202E-03
25 10-8.69629580E-03 0.00000000E+00-6.09045105E-02 0.00000000E+00
26  1 0.00000000E+00 0.00000000E+00 0.00000000E+00 0.00000000E+00 0.00000000E+00
26  2 1.81128809E-02 0.00000000E+00 0.00000000E+00-6.69666286E-02 0.00000000E+00
26  3 0.00000000E+00 4.91782847E-02 0.00000000E+00 0.00000000E+00 0.00000000E+00
26  4 0.00000000E+00 0.00000000E+00 0.00000000E+00 9.95103000E-01 0.00000000E+00
26  5 0.00000000E+00 0.00000000E+00 0.00000000E+00-4.48384059E-02 0.00000000E+00
26  6 0.00000000E+00 2.17476209E-02 0.00000000E+00 0.00000000E+00 0.00000000E+00
26  7 0.00000000E+00 7.32579441E-03 0.00000000E+00 2.07079265E-02 0.00000000E+00
26  8 0.00000000E+00 0.00000000E+00 0.00000000E+00-4.48384059E-02 0.00000000E+00
26  9 0.00000000E+00 2.17476209E-02 0.00000000E+00 0.00000000E+00 0.00000000E+00
26 10 0.00000000E+00-7.32579441E-03 0.00000000E+00 2.07079265E-02
27  1 3.34966052E-04 3.15614846E-04 4.01872492E-03-1.36125659E-03 0.00000000E+00
27  2 0.00000000E+00 1.83283116E-02 0.00000000E+00 0.00000000E+00-6.77956526E-02
27  3 0.00000000E+00 0.00000000E+00 5.02958490E-02-3.26595022E-03-8.60101165E-01
27  4 8.63367115E-01 0.00000000E+00 0.00000000E+00 0.00000000E+00 1.25823929E-04
27  5-1.39628615E-04-1.79188040E-03-3.51585158E-03 0.00000000E+00-4.49069728E-02
27  6 7.58660604E-04 0.00000000E+00 2.16939209E-02 8.42117051E-04-1.83546151E-02
27  7 1.75124981E-02 0.00000000E+00 7.27839152E-03 0.00000000E+00 1.25823929E-04
27  8-1.39628615E-04-1.79188040E-03 3.51585158E-03 0.00000000E+00-4.49069728E-02
27  9-7.58660604E-04 0.00000000E+00 2.16939209E-02 8.42117051E-04-1.83546151E-02
27 10 1.75124981E-02 0.00000000E+00-7.27839152E-03 0.00000000E+00
28  1-4.36457574E-03-1.03826275E-01-1.66689494E-01 1.12026107E+00 0.00000000E+00
28  2 0.00000000E+00-1.19944358E-02 0.00000000E+00 0.00000000E+00 5.37749416E-02
28  3 0.00000000E+00 0.00000000E+00 6.36435511E-02 7.48366699E-01-3.82050435E-01
28  4-3.66316264E-01 0.00000000E+00 0.00000000E+00 0.00000000E+00 5.86309820E-02
28  5-2.85348041E-01-1.58154727E-01 3.36833037E-01 0.00000000E+00 1.85402901E-02
28  6-9.44056755E-01 0.00000000E+00 3.08902574E-02 3.46212327E-02-1.84098844E-02
28  7-1.62113483E-02 0.00000000E+00-1.17120024E-02 0.00000000E+00 5.86309820E-02
28  8-2.85348041E-01-1.58154727E-01-3.36833037E-01 0.00000000E+00 1.85402901E-02
28  9 9.44056755E-01 0.00000000E+00 3.08902574E-02 3.46212327E-02-1.84098844E-02
28 10-1.62113483E-02 0.00000000E+00 1.17120024E-02 0.00000000E+00
29  1 0.00000000E+00 0.00000000E+00 0.00000000E+00 0.00000000E+00-7.20816677E-02
29  2 0.00000000E+00 0.00000000E+00 4.26879408E-01 0.00000000E+00 0.00000000E+00
29  3-6.93334470E-02 0.00000000E+00 0.00000000E+00 0.00000000E+00 0.00000000E+00
29  4 0.00000000E+00 0.00000000E+00 3.89415968E-01 0.00000000E+00-1.79837599E-02
29  5 1.16005553E-01-4.10545319E-02-4.34756487E-01 0.00000000E+00-3.49857547E-01
29  6 6.85613053E-01 0.00000000E+00 4.67028969E-01-5.12795954E-02 2.22163995E-02
29  7 2.90631959E-02 0.00000000E+00-3.43441813E-02 0.00000000E+00 1.79837599E-02
29  8-1.16005553E-01 4.10545319E-02-4.34756487E-01 0.00000000E+00 3.49857547E-01
29  9 6.85613053E-01 0.00000000E+00-4.67028969E-01 5.12795954E-02-2.22163995E-02
29 10-2.90631959E-02 0.00000000E+00-3.43441813E-02 0.00000000E+00
30  1 0.00000000E+00 0.00000000E+00 0.00000000E+00 0.00000000E+00 0.00000000E+00
30  2 0.00000000E+00 0.00000000E+00 0.00000000E+00 0.00000000E+00 0.00000000E+00
30  3 0.00000000E+00 0.00000000E+00 0.00000000E+00 0.00000000E+00 0.00000000E+00
30  4 0.00000000E+00 5.78921381E-01 0.00000000E+00 0.00000000E+00 0.00000000E+00
30  5 0.00000000E+00 0.00000000E+00 0.00000000E+00-5.37282263E-01 0.00000000E+00
30  6 0.00000000E+00 7.42324639E-01 0.00000000E+00 0.00000000E+00 0.00000000E+00
30  7 0.00000000E+00-6.71756226E-02 0.00000000E+00 6.98187872E-03 0.00000000E+00
30  8 0.00000000E+00 0.00000000E+00 0.00000000E+00 5.37282263E-01 0.00000000E+00
30  9 0.00000000E+00-7.42324639E-01 0.00000000E+00 0.00000000E+00 0.00000000E+00
30 10 0.00000000E+00-6.71756226E-02 0.00000000E+00-6.98187872E-03
31  1 0.00000000E+00 0.00000000E+00 0.00000000E+00 0.00000000E+00 6.55816354E-02
31  2 0.00000000E+00 0.00000000E+00-3.98806377E-01 0.00000000E+00 0.00000000E+00
31  3 7.37319736E-02 0.00000000E+00 0.00000000E+00 0.00000000E+00 0.00000000E+00
31  4 0.00000000E+00 0.00000000E+00 4.30442291E-01 0.00000000E+00 1.34865871E-02
31  5-1.18550374E-01 8.09877449E-02 3.85366457E-01 0.00000000E+00-4.08892565E-01
31  6-5.52019500E-01 0.00000000E+00 5.73147779E-01 3.02472023E-02-2.00920313E-02
31  7-1.01551709E-02 0.00000000E+00-5.75995234E-02 0.00000000E+00-1.34865871E-02
31  8 1.18550374E-01-8.09877449E-02 3.85366457E-01 0.00000000E+00 4.08892565E-01
31  9-5.52019500E-01 0.00000000E+00-5.73147779E-01-3.02472023E-02 2.00920313E-02
31 10 1.01551709E-02 0.00000000E+00-5.75995234E-02 0.00000000E+00
32  1 0.00000000E+00 0.00000000E+00 0.00000000E+00 0.00000000E+00 0.00000000E+00
32  2-2.45084332E-02 0.00000000E+00 0.00000000E+00 1.31125434E-01 0.00000000E+00
32  3 0.00000000E+00-5.83844097E-01 0.00000000E+00 0.00000000E+00 0.00000000E+00
32  4 0.00000000E+00 0.00000000E+00 0.00000000E+00-6.52028885E-02 0.00000000E+00
32  5 0.00000000E+00 0.00000000E+00 0.00000000E+00-6.31453494E-01 0.00000000E+00
32  6 0.00000000E+00 8.71798489E-01 0.00000000E+00 0.00000000E+00 0.00000000E+00
32  7 0.00000000E+00-2.09097482E-02 0.00000000E+00-3.79897104E-04 0.00000000E+00
32  8 0.00000000E+00 0.00000000E+00 0.00000000E+00-6.31453494E-01 0.00000000E+00
32  9 0.00000000E+00 8.71798489E-01 0.00000000E+00 0.00000000E+00 0.00000000E+00
32 10 0.00000000E+00 2.09097482E-02 0.00000000E+00-3.79897104E-04
33  1 5.26803928E-03 2.15112083E-02 8.73066925E-02-3.54308616E-02 0.00000000E+00
33  2 0.00000000E+00-2.49810563E-02 0.00000000E+00 0.00000000E+00 1.35015337E-01
33  3 0.00000000E+00 0.00000000E+00-5.80226182E-01 1.38173971E-02 4.93361401E-02
33  4-6.31535372E-02 0.00000000E+00 0.00000000E+00 0.00000000E+00-1.19612002E-03
33  5 1.87459821E-02 1.05288603E-03 1.43625293E-02 0.00000000E+00-6.30982592E-01
33  6-1.17053663E-02 0.00000000E+00 8.69339225E-01 4.37992967E-03-1.88759088E-03
33  7-2.49233879E-03 0.00000000E+00-2.14679644E-02 0.00000000E+00-1.19612002E-03
33  8 1.87459821E-02 1.05288603E-03-1.43625293E-02 0.00000000E+00-6.30982592E-01
33  9 1.17053663E-02 0.00000000E+00 8.69339225E-01 4.37992967E-03-1.88759088E-03
33 10-2.49233879E-03 0.00000000E+00 2.14679644E-02 0.00000000E+00
34  1-4.02211526E-02-1.98591185E-01-7.06059218E-01 6.49861015E-01 0.00000000E+00
34  2 0.00000000E+00-3.32775609E-03 0.00000000E+00 0.00000000E+00 3.21455203E-04
34  3 0.00000000E+00 0.00000000E+00-2.81157713E-02 7.56163523E-01-3.77390095E-01
34  4-3.78773428E-01 0.00000000E+00 0.00000000E+00 0.00000000E+00 2.88577061E-02
34  5-1.23187748E-01-1.28689604E-01-5.48562516E-01 0.00000000E+00-1.26917903E-03
34  6 3.55849991E-01 0.00000000E+00 5.84109036E-02 1.14481967E-02-7.34278893E-03
34  7-4.10540776E-03 0.00000000E+00-2.04748706E-02 0.00000000E+00 2.88577061E-02
34  8-1.23187748E-01-1.28689604E-01 5.48562516E-01 0.00000000E+00-1.26917903E-03
34  9-3.55849991E-01 0.00000000E+00 5.84109036E-02 1.14481967E-02-7.34278893E-03
34 10-4.10540776E-03 0.00000000E+00 2.04748706E-02 0.00000000E+00
35  1 1.80157868E-02 2.06135120E-01 4.43056194E-01-1.48207198E+00 0.00000000E+00
35  2 0.00000000E+00 3.52618705E-03 0.00000000E+00 0.00000000E+00-1.82868002E-02
35  3 0.00000000E+00 0.00000000E+00-1.14448730E-01-4.51998087E-01 2.30625598E-01
35  4 2.21372489E-01 0.00000000E+00 0.00000000E+00 0.00000000E+00 1.40663331E-02
35  5-1.11254538E+00 1.49013280E+00-6.83776988E-02 0.00000000E+00-1.58979854E-02
35  6 5.59501541E-01 0.00000000E+00-3.98303306E-03-1.82474667E-01 9.32553900E-02
35  7 8.92192773E-02 0.00000000E+00 2.91658644E-02 0.00000000E+00 1.40663331E-02
35  8-1.11254538E+00 1.49013280E+00 6.83776988E-02 0.00000000E+00-1.58979854E-02
35  9-5.59501541E-01 0.00000000E+00-3.98303306E-03-1.82474667E-01 9.32553900E-02
35 10 8.92192773E-02 0.00000000E+00-2.91658644E-02 0.00000000E+00
36  1 0.00000000E+00 0.00000000E+00 0.00000000E+00 0.00000000E+00-2.69717938E-02
36  2 0.00000000E+00 0.00000000E+00 1.41460747E-01 0.00000000E+00 0.00000000E+00
36  3 1.60233778E+00 0.00000000E+00 0.00000000E+00 0.00000000E+00 0.00000000E+00
36  4 0.00000000E+00 0.00000000E+00 8.07401684E-02 0.00000000E+00 9.82725886E-04
36  5-1.25604149E+00 2.05138588E+00-1.03788592E-01 0.00000000E+00 3.13573025E-02
36  6 6.26434686E-01 0.00000000E+00-1.04655233E-01-2.23146156E-01 1.11967522E-01
36  7 1.11178634E-01 0.00000000E+00 2.59980500E-02 0.00000000E+00-9.82725886E-04
36  8 1.25604149E+00-2.05138588E+00-1.03788592E-01 0.00000000E+00-3.13573025E-02
36  9 6.26434686E-01 0.00000000E+00 1.04655233E-01 2.23146156E-01-1.11967522E-01
36 10-1.11178634E-01 0.00000000E+00 2.59980500E-02 0.00000000E+00
37  1 0.00000000E+00 0.00000000E+00 0.00000000E+00 0.00000000E+00 0.00000000E+00
37  2 0.00000000E+00 0.00000000E+00 0.00000000E+00 0.00000000E+00 0.00000000E+00
37  3 0.00000000E+00 0.00000000E+00 0.00000000E+00 0.00000000E+00 0.00000000E+00
37  4 0.00000000E+00 1.16391458E-02 0.00000000E+00 0.00000000E+00 0.00000000E+00
37  5 0.00000000E+00 0.00000000E+00 0.00000000E+00-1.72363859E-03 0.00000000E+00
37  6 0.00000000E+00 3.23277054E-03 0.00000000E+00 0.00000000E+00 0.00000000E+00
37  7 0.00000000E+00 9.60137463E-02 0.00000000E+00 7.00570744E-01 0.00000000E+00
37  8 0.00000000E+00 0.00000000E+00 0.00000000E+00 1.72363859E-03 0.00000000E+00
37  9 0.00000000E+00-3.23277054E-03 0.00000000E+00 0.00000000E+00 0.00000000E+00
37 10 0.00000000E+00 9.60137463E-02 0.00000000E+00-7.00570744E-01
38  1 0.00000000E+00 0.00000000E+00 0.00000000E+00 0.00000000E+00 2.16428848E-05
38  2 0.00000000E+00 0.00000000E+00-2.33545606E-04 0.00000000E+00 0.00000000E+00
38  3 2.31016814E-04 0.00000000E+00 0.00000000E+00 0.00000000E+00 0.00000000E+00
38  4 0.00000000E+00 0.00000000E+00-1.16973759E-02 0.00000000E+00 8.44088585E-05
38  5-8.23398957E-05-4.30275934E-04-1.25098037E-04 0.00000000E+00 1.74924499E-03
38  6-5.32483228E-04 0.00000000E+00-3.19380374E-03-1.03013265E-02 6.11845054E-01
38  7-6.01543727E-01 0.00000000E+00-9.56090281E-02 0.00000000E+00-8.44088585E-05
38  8 8.23398957E-05 4.30275934E-04-1.25098037E-04 0.00000000E+00-1.74924499E-03
38  9-5.32483228E-04 0.00000000E+00 3.19380374E-03 1.03013265E-02-6.11845054E-01
38 10 6.01543727E-01 0.00000000E+00-9.56090281E-02 0.00000000E+00
39  1 0.00000000E+00 0.00000000E+00 0.00000000E+00 0.00000000E+00 0.00000000E+00
39  2 3.14967407E-03 0.00000000E+00 0.00000000E+00-6.57063955E-03 0.00000000E+00
39  3 0.00000000E+00-1.84653500E-02 0.00000000E+00 0.00000000E+00 0.00000000E+00
39  4 0.00000000E+00 0.00000000E+00 0.00000000E+00-6.45463068E-02 0.00000000E+00
39  5 0.00000000E+00 0.00000000E+00 0.00000000E+00-6.47011372E-03 0.00000000E+00
39  6 0.00000000E+00 1.24696713E-02 0.00000000E+00 0.00000000E+00 0.00000000E+00
39  7 0.00000000E+00 1.48772309E-01 0.00000000E+00 6.91398922E-01 0.00000000E+00
39  8 0.00000000E+00 0.00000000E+00 0.00000000E+00-6.47011372E-03 0.00000000E+00
39  9 0.00000000E+00 1.24696713E-02 0.00000000E+00 0.00000000E+00 0.00000000E+00
39 10 0.00000000E+00-1.48772309E-01 0.00000000E+00 6.91398922E-01
40  1 1.00265231E-04-7.17634514E-04 2.93694501E-04 6.18605704E-03 0.00000000E+00
40  2 0.00000000E+00-2.32097512E-03 0.00000000E+00 0.00000000E+00 4.88404362E-03
40  3 0.00000000E+00 0.00000000E+00 1.44828568E-02-4.19735605E-04-5.50229097E-02
40  4 5.54426453E-02 0.00000000E+00 0.00000000E+00 0.00000000E+00 3.40293713E-05
40  5 4.17527623E-03-6.44430026E-03 1.68832055E-03 0.00000000E+00 4.96290443E-03
40  6-4.59223875E-03 0.00000000E+00-9.66539252E-03-1.77137824E-02 6.11657505E-01
40  7-5.93943722E-01 0.00000000E+00-1.23683077E-01 0.00000000E+00 3.40293713E-05
40  8 4.17527623E-03-6.44430026E-03-1.68832055E-03 0.00000000E+00 4.96290443E-03
40  9 4.59223875E-03 0.00000000E+00-9.66539252E-03-1.77137824E-02 6.11657505E-01
40 10-5.93943722E-01 0.00000000E+00 1.23683077E-01 0.00000000E+00
41  1 0.00000000E+00 0.00000000E+00 0.00000000E+00 0.00000000E+00 0.00000000E+00
41  2 2.66724433E-02 0.00000000E+00 0.00000000E+00-5.97188165E-02 0.00000000E+00
41  3 0.00000000E+00-1.29144088E-01 0.00000000E+00 0.00000000E+00 0.00000000E+00
41  4 0.00000000E+00 0.00000000E+00 0.00000000E+00-2.23983200E-02 0.00000000E+00
41  5 0.00000000E+00 0.00000000E+00 0.00000000E+00-4.29345671E-02 0.00000000E+00
41  6 0.00000000E+00 7.83810549E-02 0.00000000E+00 0.00000000E+00 0.00000000E+00
41  7 0.00000000E+00 6.96591442E-01 0.00000000E+00-1.48412786E-01 0.00000000E+00
41  8 0.00000000E+00 0.00000000E+00 0.00000000E+00-4.29345671E-02 0.00000000E+00
41  9 0.00000000E+00 7.83810549E-02 0.00000000E+00 0.00000000E+00 0.00000000E+00
41 10 0.00000000E+00-6.96591442E-01 0.00000000E+00-1.48412786E-01
42  1-1.74481697E-03 3.23289869E-03-1.60543913E-02-3.82446752E-02 0.00000000E+00
42  2 0.00000000E+00 2.75177875E-02 0.00000000E+00 0.00000000E+00-6.34606463E-02
42  3 0.00000000E+00 0.00000000E+00-1.31652839E-01 1.40851797E-02 1.43344194E-02
42  4-2.84195991E-02 0.00000000E+00 0.00000000E+00 0.00000000E+00 6.59263261E-04
42  5-3.62910129E-02 4.84242660E-02-1.85441151E-02 0.00000000E+00-4.22314290E-02
42  6 3.88118513E-02 0.00000000E+00 7.74709009E-02 1.53833379E-01 3.08011085E-02
42  7-1.84634488E-01 0.00000000E+00 6.84146957E-01 0.00000000E+00 6.59263261E-04
42  8-3.62910129E-02 4.84242660E-02 1.85441151E-02 0.00000000E+00-4.22314290E-02
42  9-3.88118513E-02 0.00000000E+00 7.74709009E-02 1.53833379E-01 3.08011085E-02
42 10-1.84634488E-01 0.00000000E+00-6.84146957E-01 0.00000000E+00
43  1 0.00000000E+00 0.00000000E+00 0.00000000E+00 0.00000000E+00 2.19538499E-02
43  2 0.00000000E+00 0.00000000E+00-8.99869914E-02 0.00000000E+00 0.00000000E+00
43  3-2.31799038E-02 0.00000000E+00 0.00000000E+00 0.00000000E+00 0.00000000E+00
43  4 0.00000000E+00 0.00000000E+00 3.34424862E-01 0.00000000E+00-1.09433222E-04
43  5 5.04590336E-02-6.88262380E-02 1.93644499E-02 0.00000000E+00-4.18398270E-02
43  6-3.94634436E-02 0.00000000E+00 9.98277924E-02 2.38822361E-02 7.15471928E-02
43  7-9.54294289E-02 0.00000000E+00 7.08713228E-01 0.00000000E+00 1.09433222E-04
43  8-5.04590336E-02 6.88262380E-02 1.93644499E-02 0.00000000E+00 4.18398270E-02
43  9-3.94634436E-02 0.00000000E+00-9.98277924E-02-2.38822361E-02-7.15471928E-02
43 10 9.54294289E-02 0.00000000E+00 7.08713228E-01 0.00000000E+00
44  1 0.00000000E+00 0.00000000E+00 0.00000000E+00 0.00000000E+00 0.00000000E+00
44  2 0.00000000E+00 0.00000000E+00 0.00000000E+00 0.00000000E+00 0.00000000E+00
44  3 0.00000000E+00 0.00000000E+00 0.00000000E+00 0.00000000E+00 0.00000000E+00
44  4 0.00000000E+00 3.50706750E-01 0.00000000E+00 0.00000000E+00 0.00000000E+00
44  5 0.00000000E+00 0.00000000E+00 0.00000000E+00-4.06698550E-02 0.00000000E+00
44  6 0.00000000E+00 9.91640765E-02 0.00000000E+00 0.00000000E+00 0.00000000E+00
44  7 0.00000000E+00 7.10060868E-01 0.00000000E+00-9.66033404E-02 0.00000000E+00
44  8 0.00000000E+00 0.00000000E+00 0.00000000E+00 4.06698550E-02 0.00000000E+00
44  9 0.00000000E+00-9.91640765E-02 0.00000000E+00 0.00000000E+00 0.00000000E+00
44 10 0.00000000E+00 7.10060868E-01 0.00000000E+00 9.66033404E-02
45  1 0.00000000E+00 0.00000000E+00 0.00000000E+00 0.00000000E+00-1.71923377E-01
45  2 0.00000000E+00 0.00000000E+00 7.21008521E-01 0.00000000E+00 0.00000000E+00
45  3 4.27274295E-01 0.00000000E+00 0.00000000E+00 0.00000000E+00 0.00000000E+00
45  4 0.00000000E+00 0.00000000E+00 1.44880037E-01 0.00000000E+00-9.62633985E-03
45  5-5.27231744E-01 8.69815772E-01-1.10468956E-01 0.00000000E+00 7.79186962E-03
45  6 4.98998828E-01 0.00000000E+00-3.24181883E-02 7.12176195E-01-3.49511558E-01
45  7-3.62664637E-01 0.00000000E+00-1.89318861E-02 0.00000000E+00 9.62633985E-03
45  8 5.27231744E-01-8.69815772E-01-1.10468956E-01 0.00000000E+00-7.79186962E-03
45  9 4.98998828E-01 0.00000000E+00 3.24181883E-02-7.12176195E-01 3.49511558E-01
45 10 3.62664637E-01 0.00000000E+00-1.89318861E-02 0.00000000E+00
46  1 1.68593546E-02-1.45582063E-01 1.50963014E-02 1.09860374E+00 0.00000000E+00
46  2 0.00000000E+00-1.57730238E-02 0.00000000E+00 0.00000000E+00 6.89712400E-02
46  3 0.00000000E+00 0.00000000E+00 3.68465440E-02 8.32012228E-01-4.19008754E-01
46  4-4.13003473E-01 0.00000000E+00 0.00000000E+00 0.00000000E+00 2.26587627E-02
46  5 5.04772851E-01-9.35423252E-01 3.26866199E-02 0.00000000E+00-3.10435921E-03
46  6-6.04138114E-01 0.00000000E+00 5.92016474E-02-7.58414490E-01 3.88126691E-01
46  7 3.70287800E-01 0.00000000E+00 1.67347270E-01 0.00000000E+00 2.26587627E-02
46  8 5.04772851E-01-9.35423252E-01-3.26866199E-02 0.00000000E+00-3.10435921E-03
46  9 6.04138114E-01 0.00000000E+00 5.92016474E-02-7.58414490E-01 3.88126691E-01
46 10 3.70287800E-01 0.00000000E+00-1.67347270E-01 0.00000000E+00
 $END   
 POPULATION ANALYSIS
S           15.25025   0.74975  15.31283   0.68717
O            8.37488  -0.37488   8.34359  -0.34359
O            8.37488  -0.37488   8.34359  -0.34359
 MOMENTS AT POINT    1 X,Y,Z=  0.000000  0.000000  0.000000
 DIPOLE       0.000000  0.000000 -0.203524
