 $DATA  
Title                                                                           
CNV      2

S          16.0      0.0000000000      0.0000000000     -0.4227355421
   PC1     0
        
O           8.0      1.8126155741      0.0000000000      0.4225009814
   PC1     0
        
 $END      
 $ZMAT   IZMAT(1)=
         1,   3,   1,
         1,   2,   1,
         2,   2,   1,   3,
 $END
--- CLOSED SHELL ORBITALS --- GENERATED AT Thu Feb 26 00:22:54 2015
Title                                                                           
E(R-PBE)=        0.0000000000, E(NUC)=   77.0768077752,   30 ITERS
 $VEC   
 1  1 1.00297762E+00-1.02621458E-02 1.79293254E-03-1.02766437E-03 0.00000000E+00
 1  2 0.00000000E+00 4.69556368E-05 0.00000000E+00 0.00000000E+00-6.64372045E-08
 1  3 0.00000000E+00 0.00000000E+00-6.92349218E-05-3.34643860E-05 2.45688878E-05
 1  4 8.89549820E-06 0.00000000E+00 0.00000000E+00 0.00000000E+00-3.98193170E-06
 1  5-3.69458422E-05 1.33438370E-04 8.41716676E-06 0.00000000E+00-8.32726706E-06
 1  6 4.85829524E-05 0.00000000E+00-6.51273824E-06-7.83785583E-06 6.41631021E-06
 1  7 1.42154562E-06 0.00000000E+00 1.01437153E-05 0.00000000E+00-3.98193170E-06
 1  8-3.69458422E-05 1.33438370E-04-8.41716676E-06 0.00000000E+00-8.32726706E-06
 1  9-4.85829524E-05 0.00000000E+00-6.51273824E-06-7.83785583E-06 6.41631021E-06
 1 10 1.42154562E-06 0.00000000E+00-1.01437153E-05 0.00000000E+00
 2  1 0.00000000E+00 0.00000000E+00 0.00000000E+00 0.00000000E+00 7.15855635E-05
 2  2 0.00000000E+00 0.00000000E+00 1.54923361E-05 0.00000000E+00 0.00000000E+00
 2  3-4.31604852E-03 0.00000000E+00 0.00000000E+00 0.00000000E+00 0.00000000E+00
 2  4 0.00000000E+00 0.00000000E+00-1.19494788E-03 0.00000000E+00 7.03221855E-01
 2  5 2.46819187E-02-9.67100606E-03 5.82073570E-04 0.00000000E+00-3.75013666E-04
 2  6-1.65978072E-03 0.00000000E+00 1.18984931E-03-1.09140136E-04 1.19795469E-04
 2  7-1.06553337E-05 0.00000000E+00 1.76095669E-04 0.00000000E+00-7.03221855E-01
 2  8-2.46819187E-02 9.67100606E-03 5.82073570E-04 0.00000000E+00 3.75013666E-04
 2  9-1.65978072E-03 0.00000000E+00-1.18984931E-03 1.09140136E-04-1.19795469E-04
 2 10 1.06553337E-05 0.00000000E+00 1.76095669E-04 0.00000000E+00
 3  1-6.89445771E-05-9.22765152E-04-1.90996382E-03 4.77258885E-03 0.00000000E+00
 3  2 0.00000000E+00-4.00771140E-05 0.00000000E+00 0.00000000E+00 4.64770569E-05
 3  3 0.00000000E+00 0.00000000E+00 1.76658722E-03 1.14287656E-03-8.17286150E-04
 3  4-3.25590407E-04 0.00000000E+00 0.00000000E+00 0.00000000E+00 7.03201201E-01
 3  5 2.44230274E-02-8.82498108E-03 6.64538048E-04 0.00000000E+00-2.16132392E-04
 3  6-1.79155038E-03 0.00000000E+00 4.68652052E-04-2.04391107E-04 1.39845834E-04
 3  7 6.45452726E-05 0.00000000E+00 1.30348767E-04 0.00000000E+00 7.03201201E-01
 3  8 2.44230274E-02-8.82498108E-03-6.64538048E-04 0.00000000E+00-2.16132392E-04
 3  9 1.79155038E-03 0.00000000E+00 4.68652052E-04-2.04391107E-04 1.39845834E-04
 3 10 6.45452726E-05 0.00000000E+00-1.30348767E-04 0.00000000E+00
 4  1-2.74135605E-01 1.03968196E+00 4.05045244E-02-1.31686228E-02 0.00000000E+00
 4  2 0.00000000E+00 6.70532948E-03 0.00000000E+00 0.00000000E+00 3.40904539E-04
 4  3 0.00000000E+00 0.00000000E+00-6.95390992E-04-8.99691927E-05 9.22968459E-05
 4  4-2.32765321E-06 0.00000000E+00 0.00000000E+00 0.00000000E+00-2.11243452E-05
 4  5-1.83185032E-04 1.12284833E-03 7.70123868E-05 0.00000000E+00-7.44027211E-05
 4  6 2.59270312E-04 0.00000000E+00 3.44673466E-05-2.17800819E-04 1.58315559E-04
 4  7 5.94852602E-05 0.00000000E+00 2.23722393E-04 0.00000000E+00-2.11243452E-05
 4  8-1.83185032E-04 1.12284833E-03-7.70123868E-05 0.00000000E+00-7.44027211E-05
 4  9-2.59270312E-04 0.00000000E+00 3.44673466E-05-2.17800819E-04 1.58315559E-04
 4 10 5.94852602E-05 0.00000000E+00-2.23722393E-04 0.00000000E+00
 5  1 0.00000000E+00 0.00000000E+00 0.00000000E+00 0.00000000E+00 9.96919245E-01
 5  2 0.00000000E+00 0.00000000E+00 8.82772002E-03 0.00000000E+00 0.00000000E+00
 5  3-1.46850152E-05 0.00000000E+00 0.00000000E+00 0.00000000E+00 0.00000000E+00
 5  4 0.00000000E+00 0.00000000E+00 3.44218936E-04 0.00000000E+00-7.97109672E-07
 5  5-2.33763539E-05 1.29971285E-04 4.64535872E-05 0.00000000E+00-2.41210365E-05
 5  6 5.02313428E-05 0.00000000E+00-2.89499095E-05 1.49604110E-05-1.31522891E-05
 5  7-1.80812186E-06 0.00000000E+00-2.23192835E-05 0.00000000E+00 7.97109672E-07
 5  8 2.33763539E-05-1.29971285E-04 4.64535872E-05 0.00000000E+00 2.41210365E-05
 5  9 5.02313428E-05 0.00000000E+00 2.89499095E-05-1.49604110E-05 1.31522891E-05
 5 10 1.80812186E-06 0.00000000E+00-2.23192835E-05 0.00000000E+00
 6  1 0.00000000E+00 0.00000000E+00 0.00000000E+00 0.00000000E+00 0.00000000E+00
 6  2 9.96953347E-01 0.00000000E+00 0.00000000E+00 8.75065685E-03 0.00000000E+00
 6  3 0.00000000E+00-1.58540434E-04 0.00000000E+00 0.00000000E+00 0.00000000E+00
 6  4 0.00000000E+00 0.00000000E+00 0.00000000E+00 2.94626046E-04 0.00000000E+00
 6  5 0.00000000E+00 0.00000000E+00 0.00000000E+00 5.55053145E-06 0.00000000E+00
 6  6 0.00000000E+00-3.78183961E-05 0.00000000E+00 0.00000000E+00 0.00000000E+00
 6  7 0.00000000E+00-2.56697369E-05 0.00000000E+00 1.12346166E-05 0.00000000E+00
 6  8 0.00000000E+00 0.00000000E+00 0.00000000E+00 5.55053145E-06 0.00000000E+00
 6  9 0.00000000E+00-3.78183961E-05 0.00000000E+00 0.00000000E+00 0.00000000E+00
 6 10 0.00000000E+00 2.56697369E-05 0.00000000E+00 1.12346166E-05
 7  1 1.80881278E-03-7.04301913E-03-3.33260447E-04 7.48494553E-05 0.00000000E+00
 7  2 0.00000000E+00 9.96937505E-01 0.00000000E+00 0.00000000E+00 8.72333340E-03
 7  3 0.00000000E+00 0.00000000E+00-1.47893132E-04-1.82900458E-04-1.63282831E-04
 7  4 3.46183289E-04 0.00000000E+00 0.00000000E+00 0.00000000E+00-3.06493410E-06
 7  5-3.06260743E-05 2.06684462E-05-2.79847517E-05 0.00000000E+00 2.36808749E-05
 7  6 1.87169061E-05 0.00000000E+00-6.25148571E-05-1.15358874E-05-4.65892343E-06
 7  7 1.61948108E-05 0.00000000E+00-2.57282063E-05 0.00000000E+00-3.06493410E-06
 7  8-3.06260743E-05 2.06684462E-05 2.79847517E-05 0.00000000E+00 2.36808749E-05
 7  9-1.87169061E-05 0.00000000E+00-6.25148571E-05-1.15358874E-05-4.65892343E-06
 7 10 1.61948108E-05 0.00000000E+00 2.57282063E-05 0.00000000E+00
 8  1 3.26364892E-02-9.85712329E-02 1.89392585E-01 1.74884763E-01 0.00000000E+00
 8  2 0.00000000E+00-2.10402769E-02 0.00000000E+00 0.00000000E+00 4.40631371E-02
 8  3 0.00000000E+00 0.00000000E+00 1.40289715E-02 2.11715772E-02-1.45939689E-02
 8  4-6.57760837E-03 0.00000000E+00 0.00000000E+00 0.00000000E+00-1.44144009E-01
 8  5 2.92488397E-01 3.69141108E-01 4.45651020E-02 0.00000000E+00-2.04512970E-02
 8  6 2.46540349E-02 0.00000000E+00-1.28549777E-02 6.37556363E-03-2.22015284E-03
 8  7-4.15541080E-03 0.00000000E+00-4.99027328E-03 0.00000000E+00-1.44144009E-01
 8  8 2.92488397E-01 3.69141108E-01-4.45651020E-02 0.00000000E+00-2.04512970E-02
 8  9-2.46540349E-02 0.00000000E+00-1.28549777E-02 6.37556363E-03-2.22015284E-03
 8 10-4.15541080E-03 0.00000000E+00 4.99027328E-03 0.00000000E+00
 9  1 0.00000000E+00 0.00000000E+00 0.00000000E+00 0.00000000E+00 4.69610134E-02
 9  2 0.00000000E+00 0.00000000E+00-9.68808727E-02 0.00000000E+00 0.00000000E+00
 9  3-3.29996993E-02 0.00000000E+00 0.00000000E+00 0.00000000E+00 0.00000000E+00
 9  4 0.00000000E+00 0.00000000E+00-2.09431891E-02 0.00000000E+00-1.58078093E-01
 9  5 3.22115501E-01 4.10602437E-01 3.64044276E-02 0.00000000E+00-1.82189627E-02
 9  6 2.33371714E-02 0.00000000E+00-1.11969588E-02 5.76819761E-03-1.58398971E-03
 9  7-4.18420790E-03 0.00000000E+00-4.45420652E-03 0.00000000E+00 1.58078093E-01
 9  8-3.22115501E-01-4.10602437E-01 3.64044276E-02 0.00000000E+00 1.82189627E-02
 9  9 2.33371714E-02 0.00000000E+00 1.11969588E-02-5.76819761E-03 1.58398971E-03
 9 10 4.18420790E-03 0.00000000E+00-4.45420652E-03 0.00000000E+00
10  1 8.03742102E-02-2.32882924E-01 4.94130119E-01 4.79118063E-01 0.00000000E+00
10  2 0.00000000E+00 4.90734419E-03 0.00000000E+00 0.00000000E+00-7.73216884E-03
10  3 0.00000000E+00 0.00000000E+00-1.45682068E-02-4.88149154E-03 3.89679111E-03
10  4 9.84700425E-04 0.00000000E+00 0.00000000E+00 0.00000000E+00 7.60738811E-02
10  5-1.60672894E-01-2.27368719E-01 6.31929543E-02 0.00000000E+00-2.81529653E-02
10  6 2.99127421E-02 0.00000000E+00-1.10798339E-02 3.30037353E-03-3.38072656E-03
10  7 8.03530313E-05 0.00000000E+00-3.28945019E-03 0.00000000E+00 7.60738811E-02
10  8-1.60672894E-01-2.27368719E-01-6.31929543E-02 0.00000000E+00-2.81529653E-02
10  9-2.99127421E-02 0.00000000E+00-1.10798339E-02 3.30037353E-03-3.38072656E-03
10 10 8.03530313E-05 0.00000000E+00 3.28945019E-03 0.00000000E+00
11  1 0.00000000E+00 0.00000000E+00 0.00000000E+00 0.00000000E+00-1.89151494E-01
11  2 0.00000000E+00 0.00000000E+00 4.45900850E-01 0.00000000E+00 0.00000000E+00
11  3 1.95556027E-01 0.00000000E+00 0.00000000E+00 0.00000000E+00 0.00000000E+00
11  4 0.00000000E+00 0.00000000E+00 2.72790274E-02 0.00000000E+00-3.96265332E-02
11  5 8.91533590E-02 1.42430107E-01-3.00066653E-01 0.00000000E+00 1.60932312E-01
11  6-1.91069800E-01 0.00000000E+00 1.03722269E-01-8.42170952E-03 7.27927933E-03
11  7 1.14243019E-03 0.00000000E+00 1.03232651E-02 0.00000000E+00 3.96265332E-02
11  8-8.91533590E-02-1.42430107E-01-3.00066653E-01 0.00000000E+00-1.60932312E-01
11  9-1.91069800E-01 0.00000000E+00-1.03722269E-01 8.42170952E-03-7.27927933E-03
11 10-1.14243019E-03 0.00000000E+00 1.03232651E-02 0.00000000E+00
12  1-1.08699481E-02 3.89381369E-02-5.97952556E-02-1.42036880E-01 0.00000000E+00
12  2 0.00000000E+00-2.14799040E-01 0.00000000E+00 0.00000000E+00 5.07164809E-01
12  3 0.00000000E+00 0.00000000E+00 3.23261867E-01 1.08981190E-02-1.84948660E-02
12  4 7.59674696E-03 0.00000000E+00 0.00000000E+00 0.00000000E+00 1.65148407E-02
12  5-3.57207256E-02-6.69201003E-02 2.82645406E-01 0.00000000E+00 5.87564909E-02
12  6 1.81764479E-01 0.00000000E+00 3.64224356E-02 1.01240954E-02-3.99631130E-03
12  7-6.12778409E-03 0.00000000E+00-4.83061113E-04 0.00000000E+00 1.65148407E-02
12  8-3.57207256E-02-6.69201003E-02-2.82645406E-01 0.00000000E+00 5.87564909E-02
12  9-1.81764479E-01 0.00000000E+00 3.64224356E-02 1.01240954E-02-3.99631130E-03
12 10-6.12778409E-03 0.00000000E+00 4.83061113E-04 0.00000000E+00
13  1 0.00000000E+00 0.00000000E+00 0.00000000E+00 0.00000000E+00 0.00000000E+00
13  2-2.18117469E-01 0.00000000E+00 0.00000000E+00 5.16034654E-01 0.00000000E+00
13  3 0.00000000E+00 3.63559078E-01 0.00000000E+00 0.00000000E+00 0.00000000E+00
13  4 0.00000000E+00 0.00000000E+00 0.00000000E+00 1.53757341E-02 0.00000000E+00
13  5 0.00000000E+00 0.00000000E+00 0.00000000E+00 2.72955117E-01 0.00000000E+00
13  6 0.00000000E+00 1.74384724E-01 0.00000000E+00 0.00000000E+00 0.00000000E+00
13  7 0.00000000E+00 8.69002156E-03 0.00000000E+00-4.15871972E-03 0.00000000E+00
13  8 0.00000000E+00 0.00000000E+00 0.00000000E+00 2.72955117E-01 0.00000000E+00
13  9 0.00000000E+00 1.74384724E-01 0.00000000E+00 0.00000000E+00 0.00000000E+00
13 10 0.00000000E+00-8.69002156E-03 0.00000000E+00-4.15871972E-03
14  1 0.00000000E+00 0.00000000E+00 0.00000000E+00 0.00000000E+00 0.00000000E+00
14  2 0.00000000E+00 0.00000000E+00 0.00000000E+00 0.00000000E+00 0.00000000E+00
14  3 0.00000000E+00 0.00000000E+00 0.00000000E+00 0.00000000E+00 0.00000000E+00
14  4 0.00000000E+00-5.00900288E-02 0.00000000E+00 0.00000000E+00 0.00000000E+00
14  5 0.00000000E+00 0.00000000E+00 0.00000000E+00 4.80564701E-01 0.00000000E+00
14  6 0.00000000E+00 3.35139613E-01 0.00000000E+00 0.00000000E+00 0.00000000E+00
14  7 0.00000000E+00 7.62692054E-03 0.00000000E+00-4.00409187E-03 0.00000000E+00
14  8 0.00000000E+00 0.00000000E+00 0.00000000E+00-4.80564701E-01 0.00000000E+00
14  9 0.00000000E+00-3.35139613E-01 0.00000000E+00 0.00000000E+00 0.00000000E+00
14 10 0.00000000E+00 7.62692054E-03 0.00000000E+00 4.00409187E-03
15  1 0.00000000E+00 0.00000000E+00 0.00000000E+00 0.00000000E+00-2.29835225E-02
15  2 0.00000000E+00 0.00000000E+00 4.96396391E-02 0.00000000E+00 0.00000000E+00
15  3 9.89887565E-02 0.00000000E+00 0.00000000E+00 0.00000000E+00 0.00000000E+00
15  4 0.00000000E+00 0.00000000E+00-4.66676563E-02 0.00000000E+00-3.26567792E-03
15  5 1.30318280E-03 3.60624470E-02 2.69204471E-01 0.00000000E+00 3.93790288E-01
15  6 1.98829898E-01 0.00000000E+00 2.66981508E-01 6.77663342E-03-5.14115491E-04
15  7-6.26251793E-03 0.00000000E+00 3.98605900E-03 0.00000000E+00 3.26567792E-03
15  8-1.30318280E-03-3.60624470E-02 2.69204471E-01 0.00000000E+00-3.93790288E-01
15  9 1.98829898E-01 0.00000000E+00-2.66981508E-01-6.77663342E-03 5.14115491E-04
15 10 6.26251793E-03 0.00000000E+00 3.98605900E-03 0.00000000E+00
16  1 1.43250835E-02-4.92244546E-02 8.31381848E-02 1.90363548E-01 0.00000000E+00
16  2 0.00000000E+00 1.80139840E-02 0.00000000E+00 0.00000000E+00-4.77283229E-02
16  3 0.00000000E+00 0.00000000E+00 2.70078247E-02-7.32960918E-02 2.94829560E-02
16  4 4.38131359E-02 0.00000000E+00 0.00000000E+00 0.00000000E+00-1.29774227E-03
16  5 8.71069946E-03-1.78901557E-02-9.53233235E-02 0.00000000E+00 4.67807735E-01
16  6-7.53293177E-02 0.00000000E+00 3.30969540E-01 5.07544589E-04 3.12690816E-03
16  7-3.63445275E-03 0.00000000E+00 8.21940399E-03 0.00000000E+00-1.29774227E-03
16  8 8.71069946E-03-1.78901557E-02 9.53233235E-02 0.00000000E+00 4.67807735E-01
16  9 7.53293177E-02 0.00000000E+00 3.30969540E-01 5.07544589E-04 3.12690816E-03
16 10-3.63445275E-03 0.00000000E+00-8.21940399E-03 0.00000000E+00
17  1 0.00000000E+00 0.00000000E+00 0.00000000E+00 0.00000000E+00 0.00000000E+00
17  2-1.86529670E-01 0.00000000E+00 0.00000000E+00 4.60060846E-01 0.00000000E+00
17  3 0.00000000E+00 3.12914302E-01 0.00000000E+00 0.00000000E+00 0.00000000E+00
17  4 0.00000000E+00 0.00000000E+00 0.00000000E+00-1.81843825E-02 0.00000000E+00
17  5 0.00000000E+00 0.00000000E+00 0.00000000E+00-4.08409009E-01 0.00000000E+00
17  6 0.00000000E+00-2.86756089E-01 0.00000000E+00 0.00000000E+00 0.00000000E+00
17  7 0.00000000E+00-7.42229147E-04 0.00000000E+00 5.75021576E-04 0.00000000E+00
17  8 0.00000000E+00 0.00000000E+00 0.00000000E+00-4.08409009E-01 0.00000000E+00
17  9 0.00000000E+00-2.86756089E-01 0.00000000E+00 0.00000000E+00 0.00000000E+00
17 10 0.00000000E+00 7.42229147E-04 0.00000000E+00 5.75021576E-04
18  1 1.96525326E-02-4.87905490E-02 1.40553536E-01 1.84056582E-01 0.00000000E+00
18  2 0.00000000E+00-1.93416424E-01 0.00000000E+00 0.00000000E+00 4.81747946E-01
18  3 0.00000000E+00 0.00000000E+00 3.85136095E-01-4.99859775E-02 4.60308515E-02
18  4 3.95512594E-03 0.00000000E+00 0.00000000E+00 0.00000000E+00 1.54609219E-02
18  5-3.16637291E-02-9.29291111E-02-3.98071349E-01 0.00000000E+00-8.14088580E-02
18  6-2.96300291E-01 0.00000000E+00-5.31920800E-02 1.17786018E-03 2.85775186E-04
18  7-1.46363537E-03 0.00000000E+00 2.39645988E-03 0.00000000E+00 1.54609219E-02
18  8-3.16637291E-02-9.29291111E-02 3.98071349E-01 0.00000000E+00-8.14088580E-02
18  9 2.96300291E-01 0.00000000E+00-5.31920800E-02 1.17786018E-03 2.85775186E-04
18 10-1.46363537E-03 0.00000000E+00-2.39645988E-03 0.00000000E+00
19  1 0.00000000E+00 0.00000000E+00 0.00000000E+00 0.00000000E+00-2.33224261E-01
19  2 0.00000000E+00 0.00000000E+00 5.89341854E-01 0.00000000E+00 0.00000000E+00
19  3 5.74703362E-01 0.00000000E+00 0.00000000E+00 0.00000000E+00 0.00000000E+00
19  4 0.00000000E+00 0.00000000E+00-8.31340187E-02 0.00000000E+00-3.24996083E-02
19  5 6.37167970E-02 2.16282317E-01 2.73713733E-01 0.00000000E+00-2.54064646E-01
19  6 2.44649246E-01 0.00000000E+00-2.00344217E-01 8.00702654E-05 1.97051161E-03
19  7-2.05058187E-03 0.00000000E+00 4.22738463E-03 0.00000000E+00 3.24996083E-02
19  8-6.37167970E-02-2.16282317E-01 2.73713733E-01 0.00000000E+00 2.54064646E-01
19  9 2.44649246E-01 0.00000000E+00 2.00344217E-01-8.00702654E-05-1.97051161E-03
19 10 2.05058187E-03 0.00000000E+00 4.22738463E-03 0.00000000E+00
20  1 0.00000000E+00 0.00000000E+00 0.00000000E+00 0.00000000E+00 2.40538382E-01
20  2 0.00000000E+00 0.00000000E+00-9.63674413E-01 0.00000000E+00 0.00000000E+00
20  3 1.43478249E+00 0.00000000E+00 0.00000000E+00 0.00000000E+00 0.00000000E+00
20  4 0.00000000E+00 0.00000000E+00-3.24837664E-01 0.00000000E+00-2.06215360E-02
20  5-1.74034604E-02 4.17716874E-01-2.12344952E-01 0.00000000E+00-4.08937861E-02
20  6 2.77614392E-01 0.00000000E+00-1.21968154E-01 4.17989822E-02-2.21940638E-02
20  7-1.96049183E-02 0.00000000E+00-2.23211040E-02 0.00000000E+00 2.06215360E-02
20  8 1.74034604E-02-4.17716874E-01-2.12344952E-01 0.00000000E+00 4.08937861E-02
20  9 2.77614392E-01 0.00000000E+00 1.21968154E-01-4.17989822E-02 2.21940638E-02
20 10 1.96049183E-02 0.00000000E+00-2.23211040E-02 0.00000000E+00
21  1 6.09054356E-03-1.84650681E-02 4.20235231E-02 9.92283621E-02 0.00000000E+00
21  2 0.00000000E+00 2.86211813E-01 0.00000000E+00 0.00000000E+00-1.10623871E+00
21  3 0.00000000E+00 0.00000000E+00 1.23174416E+00-1.23944238E-01 1.42524074E-01
21  4-1.85798360E-02 0.00000000E+00 0.00000000E+00 0.00000000E+00 7.66040512E-03
21  5 1.13265349E-02-1.74506910E-01 2.73512216E-02 0.00000000E+00-1.55580715E-01
21  6-1.36397652E-01 0.00000000E+00 2.71591184E-02-1.26862415E-02 1.19436756E-02
21  7 7.42565900E-04 0.00000000E+00 1.85681443E-02 0.00000000E+00 7.66040512E-03
21  8 1.13265349E-02-1.74506910E-01-2.73512216E-02 0.00000000E+00-1.55580715E-01
21  9 1.36397652E-01 0.00000000E+00 2.71591184E-02-1.26862415E-02 1.19436756E-02
21 10 7.42565900E-04 0.00000000E+00-1.85681443E-02 0.00000000E+00
22  1 0.00000000E+00 0.00000000E+00 0.00000000E+00 0.00000000E+00 0.00000000E+00
22  2 2.99240548E-01 0.00000000E+00 0.00000000E+00-1.14970938E+00 0.00000000E+00
22  3 0.00000000E+00 1.19336248E+00 0.00000000E+00 0.00000000E+00 0.00000000E+00
22  4 0.00000000E+00 0.00000000E+00 0.00000000E+00-6.38029258E-02 0.00000000E+00
22  5 0.00000000E+00 0.00000000E+00 0.00000000E+00-1.15906577E-01 0.00000000E+00
22  6 0.00000000E+00-4.20302446E-02 0.00000000E+00 0.00000000E+00 0.00000000E+00
22  7 0.00000000E+00 1.95985469E-03 0.00000000E+00-1.27219038E-03 0.00000000E+00
22  8 0.00000000E+00 0.00000000E+00 0.00000000E+00-1.15906577E-01 0.00000000E+00
22  9 0.00000000E+00-4.20302446E-02 0.00000000E+00 0.00000000E+00 0.00000000E+00
22 10 0.00000000E+00-1.95985469E-03 0.00000000E+00-1.27219038E-03
23  1-1.01009171E-01-3.58224400E-01-1.55381415E+00 1.78706044E+00 0.00000000E+00
23  2 0.00000000E+00-3.15284998E-02 0.00000000E+00 0.00000000E+00 1.12257580E-01
23  3 0.00000000E+00 0.00000000E+00-2.36779683E-02-4.67583317E-01 2.71163042E-01
23  4 1.96420275E-01 0.00000000E+00 0.00000000E+00 0.00000000E+00 1.17213437E-02
23  5-1.70736451E-02-1.45276841E-01 2.63573102E-02 0.00000000E+00-1.21637349E-01
23  6-1.26936664E-01 0.00000000E+00 1.31171401E-01-1.81580443E-02 1.96872566E-02
23  7-1.52921236E-03 0.00000000E+00 3.42811117E-02 0.00000000E+00 1.17213437E-02
23  8-1.70736451E-02-1.45276841E-01-2.63573102E-02 0.00000000E+00-1.21637349E-01
23  9 1.26936664E-01 0.00000000E+00 1.31171401E-01-1.81580443E-02 1.96872566E-02
23 10-1.52921236E-03 0.00000000E+00-3.42811117E-02 0.00000000E+00
24  1 0.00000000E+00 0.00000000E+00 0.00000000E+00 0.00000000E+00 0.00000000E+00
24  2 0.00000000E+00 0.00000000E+00 0.00000000E+00 0.00000000E+00 0.00000000E+00
24  3 0.00000000E+00 0.00000000E+00 0.00000000E+00 0.00000000E+00 0.00000000E+00
24  4 0.00000000E+00 8.74532202E-01 0.00000000E+00 0.00000000E+00 0.00000000E+00
24  5 0.00000000E+00 0.00000000E+00 0.00000000E+00 2.96070230E-01 0.00000000E+00
24  6 0.00000000E+00-2.24679870E-01 0.00000000E+00 0.00000000E+00 0.00000000E+00
24  7 0.00000000E+00-3.44664509E-02 0.00000000E+00 1.90415681E-02 0.00000000E+00
24  8 0.00000000E+00 0.00000000E+00 0.00000000E+00-2.96070230E-01 0.00000000E+00
24  9 0.00000000E+00 2.24679870E-01 0.00000000E+00 0.00000000E+00 0.00000000E+00
24 10 0.00000000E+00-3.44664509E-02 0.00000000E+00-1.90415681E-02
25  1 1.51477463E-02 5.77348204E-02 2.38521417E-01-2.86471850E-01 0.00000000E+00
25  2 0.00000000E+00 7.46413701E-03 0.00000000E+00 0.00000000E+00-1.72412430E-02
25  3 0.00000000E+00 0.00000000E+00-5.69536328E-02-2.10670956E-01-6.93584237E-01
25  4 9.04255193E-01 0.00000000E+00 0.00000000E+00 0.00000000E+00-5.40462374E-03
25  5 2.56267677E-02 2.07873568E-02-7.05636944E-02 0.00000000E+00-1.66364994E-01
25  6 9.56538893E-02 0.00000000E+00 1.16770697E-01 1.79854397E-02-6.48638322E-03
25  7-1.14990564E-02 0.00000000E+00 1.62057562E-02 0.00000000E+00-5.40462374E-03
25  8 2.56267677E-02 2.07873568E-02 7.05636944E-02 0.00000000E+00-1.66364994E-01
25  9-9.56538893E-02 0.00000000E+00 1.16770697E-01 1.79854397E-02-6.48638322E-03
25 10-1.14990564E-02 0.00000000E+00-1.62057562E-02 0.00000000E+00
26  1 0.00000000E+00 0.00000000E+00 0.00000000E+00 0.00000000E+00 0.00000000E+00
26  2 1.14927773E-02 0.00000000E+00 0.00000000E+00-3.66447139E-02 0.00000000E+00
26  3 0.00000000E+00-9.00636985E-03 0.00000000E+00 0.00000000E+00 0.00000000E+00
26  4 0.00000000E+00 0.00000000E+00 0.00000000E+00 9.63967872E-01 0.00000000E+00
26  5 0.00000000E+00 0.00000000E+00 0.00000000E+00-1.60409949E-01 0.00000000E+00
26  6 0.00000000E+00 1.30425938E-01 0.00000000E+00 0.00000000E+00 0.00000000E+00
26  7 0.00000000E+00 2.10564308E-02 0.00000000E+00-2.19243581E-03 0.00000000E+00
26  8 0.00000000E+00 0.00000000E+00 0.00000000E+00-1.60409949E-01 0.00000000E+00
26  9 0.00000000E+00 1.30425938E-01 0.00000000E+00 0.00000000E+00 0.00000000E+00
26 10 0.00000000E+00-2.10564308E-02 0.00000000E+00-2.19243581E-03
27  1 0.00000000E+00 0.00000000E+00 0.00000000E+00 0.00000000E+00 1.12422849E-01
27  2 0.00000000E+00 0.00000000E+00-4.95823802E-01 0.00000000E+00 0.00000000E+00
27  3 9.01517349E-01 0.00000000E+00 0.00000000E+00 0.00000000E+00 0.00000000E+00
27  4 0.00000000E+00 0.00000000E+00 8.45696187E-01 0.00000000E+00-4.29005694E-02
27  5 2.47049393E-01 1.16171928E-01 1.40174259E-01 0.00000000E+00 1.12521676E-01
27  6 1.17458948E-01 0.00000000E+00-2.53080738E-01-2.95090912E-02 7.77976042E-03
27  7 2.17293308E-02 0.00000000E+00-1.81459576E-03 0.00000000E+00 4.29005694E-02
27  8-2.47049393E-01-1.16171928E-01 1.40174259E-01 0.00000000E+00-1.12521676E-01
27  9 1.17458948E-01 0.00000000E+00 2.53080738E-01 2.95090912E-02-7.77976042E-03
27 10-2.17293308E-02 0.00000000E+00-1.81459576E-03 0.00000000E+00
28  1-6.45705997E-02-2.52188541E-01-1.02683578E+00 1.22992532E+00 0.00000000E+00
28  2 0.00000000E+00 5.67560048E-02 0.00000000E+00 0.00000000E+00-2.50851153E-01
28  3 0.00000000E+00 0.00000000E+00 4.22442074E-01 7.28110336E-01-6.06626701E-01
28  4-1.21483635E-01 0.00000000E+00 0.00000000E+00 0.00000000E+00 4.24250580E-02
28  5-2.71769814E-01-1.65129723E-02-1.16330947E-01 0.00000000E+00 1.37131712E-01
28  6-1.65571039E-01 0.00000000E+00-3.41814548E-02 8.79718484E-03-1.58237442E-02
28  7 7.02655933E-03 0.00000000E+00-2.48249226E-02 0.00000000E+00 4.24250580E-02
28  8-2.71769814E-01-1.65129723E-02 1.16330947E-01 0.00000000E+00 1.37131712E-01
28  9 1.65571039E-01 0.00000000E+00-3.41814548E-02 8.79718484E-03-1.58237442E-02
28 10 7.02655933E-03 0.00000000E+00 2.48249226E-02 0.00000000E+00
29  1 0.00000000E+00 0.00000000E+00 0.00000000E+00 0.00000000E+00 6.41298169E-03
29  2 0.00000000E+00 0.00000000E+00-7.87250907E-03 0.00000000E+00 0.00000000E+00
29  3-1.85203654E-01 0.00000000E+00 0.00000000E+00 0.00000000E+00 0.00000000E+00
29  4 0.00000000E+00 0.00000000E+00 3.23423034E-01 0.00000000E+00 1.70868533E-03
29  5-1.47533038E-02-2.69868420E-02-1.68070211E-01 0.00000000E+00-5.87337300E-01
29  6 2.10717078E-01 0.00000000E+00 7.09759214E-01-2.39871450E-02 8.30070462E-03
29  7 1.56864404E-02 0.00000000E+00 1.36249579E-03 0.00000000E+00-1.70868533E-03
29  8 1.47533038E-02 2.69868420E-02-1.68070211E-01 0.00000000E+00 5.87337300E-01
29  9 2.10717078E-01 0.00000000E+00-7.09759214E-01 2.39871450E-02-8.30070462E-03
29 10-1.56864404E-02 0.00000000E+00 1.36249579E-03 0.00000000E+00
30  1 0.00000000E+00 0.00000000E+00 0.00000000E+00 0.00000000E+00 0.00000000E+00
30  2 0.00000000E+00 0.00000000E+00 0.00000000E+00 0.00000000E+00 0.00000000E+00
30  3 0.00000000E+00 0.00000000E+00 0.00000000E+00 0.00000000E+00 0.00000000E+00
30  4 0.00000000E+00 4.99285648E-01 0.00000000E+00 0.00000000E+00 0.00000000E+00
30  5 0.00000000E+00 0.00000000E+00 0.00000000E+00-5.70686690E-01 0.00000000E+00
30  6 0.00000000E+00 7.07410025E-01 0.00000000E+00 0.00000000E+00 0.00000000E+00
30  7 0.00000000E+00-2.71836527E-02 0.00000000E+00 1.47067999E-02 0.00000000E+00
30  8 0.00000000E+00 0.00000000E+00 0.00000000E+00 5.70686690E-01 0.00000000E+00
30  9 0.00000000E+00-7.07410025E-01 0.00000000E+00 0.00000000E+00 0.00000000E+00
30 10 0.00000000E+00-2.71836527E-02 0.00000000E+00-1.47067999E-02
31  1 0.00000000E+00 0.00000000E+00 0.00000000E+00 0.00000000E+00 0.00000000E+00
31  2-3.91967594E-02 0.00000000E+00 0.00000000E+00 1.98961875E-01 0.00000000E+00
31  3 0.00000000E+00-4.78101448E-01 0.00000000E+00 0.00000000E+00 0.00000000E+00
31  4 0.00000000E+00 0.00000000E+00 0.00000000E+00-2.64810950E-01 0.00000000E+00
31  5 0.00000000E+00 0.00000000E+00 0.00000000E+00-6.09052573E-01 0.00000000E+00
31  6 0.00000000E+00 7.96743455E-01 0.00000000E+00 0.00000000E+00 0.00000000E+00
31  7 0.00000000E+00-2.09583036E-02 0.00000000E+00 6.67036383E-03 0.00000000E+00
31  8 0.00000000E+00 0.00000000E+00 0.00000000E+00-6.09052573E-01 0.00000000E+00
31  9 0.00000000E+00 7.96743455E-01 0.00000000E+00 0.00000000E+00 0.00000000E+00
31 10 0.00000000E+00 2.09583036E-02 0.00000000E+00 6.67036383E-03
32  1-7.27568719E-03 3.93499258E-02-3.46615562E-02-3.30896671E-01 0.00000000E+00
32  2 0.00000000E+00 1.24241516E-02 0.00000000E+00 0.00000000E+00-3.11726316E-02
32  3 0.00000000E+00 0.00000000E+00-3.18752460E-01 7.31745029E-02 1.36952805E-01
32  4-2.10127308E-01 0.00000000E+00 0.00000000E+00 0.00000000E+00-2.11828613E-02
32  5 2.25844101E-01-1.10246503E-01-5.76316422E-01 0.00000000E+00-1.88541480E-01
32  6 7.99304582E-01 0.00000000E+00 2.26509001E-01-2.32376254E-02 8.05561115E-03
32  7 1.51820143E-02 0.00000000E+00-5.76717459E-03 0.00000000E+00-2.11828613E-02
32  8 2.25844101E-01-1.10246503E-01 5.76316422E-01 0.00000000E+00-1.88541480E-01
32  9-7.99304582E-01 0.00000000E+00 2.26509001E-01-2.32376254E-02 8.05561115E-03
32 10 1.51820143E-02 0.00000000E+00 5.76717459E-03 0.00000000E+00
33  1 0.00000000E+00 0.00000000E+00 0.00000000E+00 0.00000000E+00-1.08908479E-01
33  2 0.00000000E+00 0.00000000E+00 4.73110948E-01 0.00000000E+00 0.00000000E+00
33  3-5.72962377E-02 0.00000000E+00 0.00000000E+00 0.00000000E+00 0.00000000E+00
33  4 0.00000000E+00 0.00000000E+00 1.72413463E-01 0.00000000E+00-1.97850082E-02
33  5 2.35112172E-01-1.86938978E-01-5.61416878E-01 0.00000000E+00 1.92711069E-01
33  6 7.63861855E-01 0.00000000E+00-2.64347185E-01-3.76465919E-02 2.41181599E-02
33  7 1.35284320E-02 0.00000000E+00 2.89250336E-02 0.00000000E+00 1.97850082E-02
33  8-2.35112172E-01 1.86938978E-01-5.61416878E-01 0.00000000E+00-1.92711069E-01
33  9 7.63861855E-01 0.00000000E+00 2.64347185E-01 3.76465919E-02-2.41181599E-02
33 10-1.35284320E-02 0.00000000E+00 2.89250336E-02 0.00000000E+00
34  1 8.68491278E-03-1.93640274E-02 7.57456457E-02 2.28053974E-01 0.00000000E+00
34  2 0.00000000E+00-5.63942300E-02 0.00000000E+00 0.00000000E+00 2.63486076E-01
34  3 0.00000000E+00 0.00000000E+00-2.96932716E-01 3.69518899E-01-7.07006307E-02
34  4-2.98818269E-01 0.00000000E+00 0.00000000E+00 0.00000000E+00 1.68369014E-02
34  5-1.89397299E-01 1.50568447E-01 1.79527703E-01 0.00000000E+00-5.47006868E-01
34  6-2.78543292E-01 0.00000000E+00 7.42153936E-01 1.54065753E-02-2.21435721E-02
34  7 6.73699677E-03 0.00000000E+00-4.70714919E-02 0.00000000E+00 1.68369014E-02
34  8-1.89397299E-01 1.50568447E-01-1.79527703E-01 0.00000000E+00-5.47006868E-01
34  9 2.78543292E-01 0.00000000E+00 7.42153936E-01 1.54065753E-02-2.21435721E-02
34 10 6.73699677E-03 0.00000000E+00 4.70714919E-02 0.00000000E+00
35  1 2.85000036E-02 2.56448227E-01 6.36781709E-01-1.31110746E+00 0.00000000E+00
35  2 0.00000000E+00 4.65276073E-03 0.00000000E+00 0.00000000E+00 1.90937268E-02
35  3 0.00000000E+00 0.00000000E+00-4.59761990E-01-3.83601848E-01 2.81925333E-01
35  4 1.01676516E-01 0.00000000E+00 0.00000000E+00 0.00000000E+00 2.10551327E-02
35  5-1.06993246E+00 1.32010673E+00-1.69275872E-01 0.00000000E+00 2.59545248E-02
35  6 5.32585490E-01 0.00000000E+00-1.24217591E-01-1.43761765E-01 9.48519589E-02
35  7 4.89098064E-02 0.00000000E+00 1.03460187E-01 0.00000000E+00 2.10551327E-02
35  8-1.06993246E+00 1.32010673E+00 1.69275872E-01 0.00000000E+00 2.59545248E-02
35  9-5.32585490E-01 0.00000000E+00-1.24217591E-01-1.43761765E-01 9.48519589E-02
35 10 4.89098064E-02 0.00000000E+00-1.03460187E-01 0.00000000E+00
36  1 0.00000000E+00 0.00000000E+00 0.00000000E+00 0.00000000E+00-7.63185412E-03
36  2 0.00000000E+00 0.00000000E+00-6.07467166E-02 0.00000000E+00 0.00000000E+00
36  3 1.03986539E+00 0.00000000E+00 0.00000000E+00 0.00000000E+00 0.00000000E+00
36  4 0.00000000E+00 0.00000000E+00 3.97332905E-01 0.00000000E+00 1.87013608E-02
36  5-1.12897337E+00 1.49275662E+00-1.12972490E-01 0.00000000E+00 1.04565088E-01
36  6 4.34658784E-01 0.00000000E+00-3.25624400E-01-1.08932369E-01 7.92871525E-02
36  7 2.96452163E-02 0.00000000E+00 1.16176778E-01 0.00000000E+00-1.87013608E-02
36  8 1.12897337E+00-1.49275662E+00-1.12972490E-01 0.00000000E+00-1.04565088E-01
36  9 4.34658784E-01 0.00000000E+00 3.25624400E-01 1.08932369E-01-7.92871525E-02
36 10-2.96452163E-02 0.00000000E+00 1.16176778E-01 0.00000000E+00
37  1 0.00000000E+00 0.00000000E+00 0.00000000E+00 0.00000000E+00 0.00000000E+00
37  2 0.00000000E+00 0.00000000E+00 0.00000000E+00 0.00000000E+00 0.00000000E+00
37  3 0.00000000E+00 0.00000000E+00 0.00000000E+00 0.00000000E+00 0.00000000E+00
37  4 0.00000000E+00 9.94877560E-02 0.00000000E+00 0.00000000E+00 0.00000000E+00
37  5 0.00000000E+00 0.00000000E+00 0.00000000E+00-1.30575849E-02 0.00000000E+00
37  6 0.00000000E+00 1.72341356E-02 0.00000000E+00 0.00000000E+00 0.00000000E+00
37  7 0.00000000E+00 6.82974864E-01 0.00000000E+00 1.82503894E-01 0.00000000E+00
37  8 0.00000000E+00 0.00000000E+00 0.00000000E+00 1.30575849E-02 0.00000000E+00
37  9 0.00000000E+00-1.72341356E-02 0.00000000E+00 0.00000000E+00 0.00000000E+00
37 10 0.00000000E+00 6.82974864E-01 0.00000000E+00-1.82503894E-01
38  1 0.00000000E+00 0.00000000E+00 0.00000000E+00 0.00000000E+00 7.48619091E-05
38  2 0.00000000E+00 0.00000000E+00 1.41191053E-02 0.00000000E+00 0.00000000E+00
38  3-9.62323543E-02 0.00000000E+00 0.00000000E+00 0.00000000E+00 0.00000000E+00
38  4 0.00000000E+00 0.00000000E+00 4.14791352E-02 0.00000000E+00 4.02231174E-05
38  5 4.21086490E-02-7.08899984E-02 1.97364696E-03 0.00000000E+00-1.48536376E-02
38  6-1.81965548E-02 0.00000000E+00 2.90524675E-02 4.10701014E-01-4.17917285E-01
38  7 7.21627075E-03 0.00000000E+00 5.21102897E-01 0.00000000E+00-4.02231174E-05
38  8-4.21086490E-02 7.08899984E-02 1.97364696E-03 0.00000000E+00 1.48536376E-02
38  9-1.81965548E-02 0.00000000E+00-2.90524675E-02-4.10701014E-01 4.17917285E-01
38 10-7.21627075E-03 0.00000000E+00 5.21102897E-01 0.00000000E+00
39  1 0.00000000E+00 0.00000000E+00 0.00000000E+00 0.00000000E+00 0.00000000E+00
39  2-2.88305933E-03 0.00000000E+00 0.00000000E+00 3.51863334E-02 0.00000000E+00
39  3 0.00000000E+00-1.17047204E-01 0.00000000E+00 0.00000000E+00 0.00000000E+00
39  4 0.00000000E+00 0.00000000E+00 0.00000000E+00-6.66053124E-02 0.00000000E+00
39  5 0.00000000E+00 0.00000000E+00 0.00000000E+00-2.37897427E-02 0.00000000E+00
39  6 0.00000000E+00 4.45202919E-02 0.00000000E+00 0.00000000E+00 0.00000000E+00
39  7 0.00000000E+00 7.00786138E-01 0.00000000E+00 1.06092730E-01 0.00000000E+00
39  8 0.00000000E+00 0.00000000E+00 0.00000000E+00-2.37897427E-02 0.00000000E+00
39  9 0.00000000E+00 4.45202919E-02 0.00000000E+00 0.00000000E+00 0.00000000E+00
39 10 0.00000000E+00-7.00786138E-01 0.00000000E+00 1.06092730E-01
40  1-7.81324533E-04-8.94374725E-03-2.00393923E-02 4.45401592E-02 0.00000000E+00
40  2 0.00000000E+00-3.13883811E-04 0.00000000E+00 0.00000000E+00-3.95741476E-03
40  3 0.00000000E+00 0.00000000E+00 3.19318353E-02 5.44146750E-03-2.79878280E-02
40  4 2.25463605E-02 0.00000000E+00 0.00000000E+00 0.00000000E+00 5.44175178E-04
40  5 2.19709473E-02-3.55809717E-02 7.15887606E-03 0.00000000E+00 2.52981307E-03
40  6-2.24011066E-02 0.00000000E+00-2.18910981E-03-1.77324810E-01 6.13521238E-01
40  7-4.36196428E-01 0.00000000E+00-3.17991514E-01 0.00000000E+00 5.44175178E-04
40  8 2.19709473E-02-3.55809717E-02-7.15887606E-03 0.00000000E+00 2.52981307E-03
40  9 2.24011066E-02 0.00000000E+00-2.18910981E-03-1.77324810E-01 6.13521238E-01
40 10-4.36196428E-01 0.00000000E+00 3.17991514E-01 0.00000000E+00
41  1 0.00000000E+00 0.00000000E+00 0.00000000E+00 0.00000000E+00 0.00000000E+00
41  2 1.77517881E-03 0.00000000E+00 0.00000000E+00-2.26647375E-02 0.00000000E+00
41  3 0.00000000E+00 7.61119322E-02 0.00000000E+00 0.00000000E+00 0.00000000E+00
41  4 0.00000000E+00 0.00000000E+00 0.00000000E+00 2.34267173E-02 0.00000000E+00
41  5 0.00000000E+00 0.00000000E+00 0.00000000E+00 1.47705662E-02 0.00000000E+00
41  6 0.00000000E+00-2.67400838E-02 0.00000000E+00 0.00000000E+00 0.00000000E+00
41  7 0.00000000E+00-1.08304672E-01 0.00000000E+00 6.99581291E-01 0.00000000E+00
41  8 0.00000000E+00 0.00000000E+00 0.00000000E+00 1.47705662E-02 0.00000000E+00
41  9 0.00000000E+00-2.67400838E-02 0.00000000E+00 0.00000000E+00 0.00000000E+00
41 10 0.00000000E+00 1.08304672E-01 0.00000000E+00 6.99581291E-01
42  1 0.00000000E+00 0.00000000E+00 0.00000000E+00 0.00000000E+00-6.96969474E-03
42  2 0.00000000E+00 0.00000000E+00 7.44930812E-03 0.00000000E+00 0.00000000E+00
42  3 1.15289798E-01 0.00000000E+00 0.00000000E+00 0.00000000E+00 0.00000000E+00
42  4 0.00000000E+00 0.00000000E+00-1.98748793E-02 0.00000000E+00-7.34914870E-04
42  5-6.36596986E-02 1.05122349E-01-9.57558810E-03 0.00000000E+00 1.81648248E-02
42  6 3.83488925E-02 0.00000000E+00-3.84807007E-02-1.91234599E-01-4.77222353E-01
42  7 6.68456951E-01 0.00000000E+00-1.61542181E-01 0.00000000E+00 7.34914870E-04
42  8 6.36596986E-02-1.05122349E-01-9.57558810E-03 0.00000000E+00-1.81648248E-02
42  9 3.83488925E-02 0.00000000E+00 3.84807007E-02 1.91234599E-01 4.77222353E-01
42 10-6.68456951E-01 0.00000000E+00-1.61542181E-01 0.00000000E+00
43  1 0.00000000E+00 0.00000000E+00 0.00000000E+00 0.00000000E+00 0.00000000E+00
43  2 0.00000000E+00 0.00000000E+00 0.00000000E+00 0.00000000E+00 0.00000000E+00
43  3 0.00000000E+00 0.00000000E+00 0.00000000E+00 0.00000000E+00 0.00000000E+00
43  4 0.00000000E+00-9.37427370E-02 0.00000000E+00 0.00000000E+00 0.00000000E+00
43  5 0.00000000E+00 0.00000000E+00 0.00000000E+00 1.19493946E-02 0.00000000E+00
43  6 0.00000000E+00-1.59959599E-02 0.00000000E+00 0.00000000E+00 0.00000000E+00
43  7 0.00000000E+00-1.82148745E-01 0.00000000E+00 6.83045629E-01 0.00000000E+00
43  8 0.00000000E+00 0.00000000E+00 0.00000000E+00-1.19493946E-02 0.00000000E+00
43  9 0.00000000E+00 1.59959599E-02 0.00000000E+00 0.00000000E+00 0.00000000E+00
43 10 0.00000000E+00-1.82148745E-01 0.00000000E+00-6.83045629E-01
44  1-2.66084437E-03-3.14111419E-02-6.95675053E-02 1.55096001E-01 0.00000000E+00
44  2 0.00000000E+00 2.43954934E-04 0.00000000E+00 0.00000000E+00-3.33399678E-02
44  3 0.00000000E+00 0.00000000E+00 1.78676069E-01-4.61946266E-02-4.07485427E-02
44  4 8.69431693E-02 0.00000000E+00 0.00000000E+00 0.00000000E+00-3.04978371E-04
44  5 8.09077873E-02-1.23300655E-01 3.22482636E-02 0.00000000E+00 2.23454368E-02
44  6-8.71479537E-02 0.00000000E+00-3.20287188E-02-4.92866346E-01-4.99006032E-02
44  7 5.42766949E-01 0.00000000E+00-3.77480824E-01 0.00000000E+00-3.04978371E-04
44  8 8.09077873E-02-1.23300655E-01-3.22482636E-02 0.00000000E+00 2.23454368E-02
44  9 8.71479537E-02 0.00000000E+00-3.20287188E-02-4.92866346E-01-4.99006032E-02
44 10 5.42766949E-01 0.00000000E+00 3.77480824E-01 0.00000000E+00
45  1 0.00000000E+00 0.00000000E+00 0.00000000E+00 0.00000000E+00-7.24165566E-02
45  2 0.00000000E+00 0.00000000E+00 2.10896421E-01 0.00000000E+00 0.00000000E+00
45  3 3.32655103E-01 0.00000000E+00 0.00000000E+00 0.00000000E+00 0.00000000E+00
45  4 0.00000000E+00 0.00000000E+00 3.34536713E-01 0.00000000E+00-1.31829515E-03
45  5-3.19804653E-01 4.69486908E-01-8.37194843E-02 0.00000000E+00 4.21532355E-02
45  6 2.58524180E-01 0.00000000E+00-1.35997399E-01 5.39033249E-01-3.08344858E-01
45  7-2.30688391E-01 0.00000000E+00-4.44158513E-01 0.00000000E+00 1.31829515E-03
45  8 3.19804653E-01-4.69486908E-01-8.37194843E-02 0.00000000E+00-4.21532355E-02
45  9 2.58524180E-01 0.00000000E+00 1.35997399E-01-5.39033249E-01 3.08344858E-01
45 10 2.30688391E-01 0.00000000E+00-4.44158513E-01 0.00000000E+00
46  1-6.13620301E-03-1.44462215E-01-2.55480077E-01 6.97260071E-01 0.00000000E+00
46  2 0.00000000E+00-3.50829011E-02 0.00000000E+00 0.00000000E+00 1.04089770E-01
46  3 0.00000000E+00 0.00000000E+00 1.67799491E-01 3.85210619E-01-2.60195878E-01
46  4-1.25014741E-01 0.00000000E+00 0.00000000E+00 0.00000000E+00 1.86759959E-03
46  5 3.43114635E-01-4.91289928E-01 9.65775787E-02 0.00000000E+00-4.17511693E-02
46  6-3.10692191E-01 0.00000000E+00 1.28174916E-01-4.68229080E-01 3.42423578E-01
46  7 1.25805503E-01 0.00000000E+00 5.04168443E-01 0.00000000E+00 1.86759959E-03
46  8 3.43114635E-01-4.91289928E-01-9.65775787E-02 0.00000000E+00-4.17511693E-02
46  9 3.10692191E-01 0.00000000E+00 1.28174916E-01-4.68229080E-01 3.42423578E-01
46 10 1.25805503E-01 0.00000000E+00-5.04168443E-01 0.00000000E+00
 $END   
 POPULATION ANALYSIS
S           15.37332   0.62668  15.38679   0.61321
O            8.31334  -0.31334   8.30660  -0.30660
O            8.31334  -0.31334   8.30660  -0.30660
 MOMENTS AT POINT    1 X,Y,Z=  0.000000  0.000000  0.000000
 DIPOLE       0.000000  0.000000 -1.856981
