 $DATA  
Title                                                                           
CNV      2

S          16.0      0.0000000000      0.0000000000     -0.3857795934
   PC1     0
        
O           8.0      0.9192533317      0.0000000000      0.3855655382
   PC1     0
        
 $END      
 $ZMAT   IZMAT(1)=
         1,   3,   1,
         1,   2,   1,
         2,   2,   1,   3,
 $END
--- CLOSED SHELL ORBITALS --- GENERATED AT Thu Feb 26 00:12:42 2015
Title                                                                           
E(R-PBE)=     -547.8820183672, E(NUC)=  131.3122621980,   18 ITERS
 $VEC   
 1  1 1.00298044E+00-1.01451329E-02 2.07349983E-03-4.96727965E-04 0.00000000E+00
 1  2 0.00000000E+00 2.78843433E-05 0.00000000E+00 0.00000000E+00 3.34450294E-04
 1  3 0.00000000E+00 0.00000000E+00 1.76278391E-05 1.19241750E-04-1.37281801E-04
 1  4 1.80400510E-05 0.00000000E+00 0.00000000E+00 0.00000000E+00 6.92826473E-06
 1  5-4.44785487E-05-3.01163622E-04-1.15671105E-04 0.00000000E+00 9.27800721E-05
 1  6-2.07260080E-04 0.00000000E+00 2.07025397E-04-3.50585357E-05 5.06366779E-05
 1  7-1.55781422E-05 0.00000000E+00 7.62116548E-05 0.00000000E+00 6.92826473E-06
 1  8-4.44785487E-05-3.01163622E-04 1.15671105E-04 0.00000000E+00 9.27800721E-05
 1  9 2.07260080E-04 0.00000000E+00 2.07025397E-04-3.50585357E-05 5.06366779E-05
 1 10-1.55781422E-05 0.00000000E+00-7.62116548E-05 0.00000000E+00
 2  1 0.00000000E+00 0.00000000E+00 0.00000000E+00 0.00000000E+00-3.58946781E-04
 2  2 0.00000000E+00 0.00000000E+00 1.14784669E-03 0.00000000E+00 0.00000000E+00
 2  3-3.51122373E-03 0.00000000E+00 0.00000000E+00 0.00000000E+00 0.00000000E+00
 2  4 0.00000000E+00 0.00000000E+00 2.52060726E-03 0.00000000E+00 7.03200243E-01
 2  5 2.72943236E-02-1.21322198E-02 1.67205640E-03 0.00000000E+00-1.57115987E-03
 2  6-2.37529925E-03 0.00000000E+00 1.61791265E-03-3.69490070E-04 2.06838976E-04
 2  7 1.62651094E-04 0.00000000E+00-4.52887166E-04 0.00000000E+00-7.03200243E-01
 2  8-2.72943236E-02 1.21322198E-02 1.67205640E-03 0.00000000E+00 1.57115987E-03
 2  9-2.37529925E-03 0.00000000E+00-1.61791265E-03 3.69490070E-04-2.06838976E-04
 2 10-1.62651094E-04 0.00000000E+00-4.52887166E-04 0.00000000E+00
 3  1-1.04943556E-04 1.83704308E-04-1.41925424E-03 1.15277163E-02 0.00000000E+00
 3  2 0.00000000E+00 1.57434802E-04 0.00000000E+00 0.00000000E+00-2.97879578E-04
 3  3 0.00000000E+00 0.00000000E+00 4.84009742E-03-2.07802898E-04 6.13435126E-04
 3  4-4.05632228E-04 0.00000000E+00 0.00000000E+00 0.00000000E+00 7.03143299E-01
 3  5 2.67584010E-02-1.42508556E-02 1.44212311E-03 0.00000000E+00-1.06908568E-03
 3  6-2.21947954E-03 0.00000000E+00 1.71584494E-03 5.28880690E-04-3.64173763E-04
 3  7-1.64706927E-04 0.00000000E+00-7.75852672E-06 0.00000000E+00 7.03143299E-01
 3  8 2.67584010E-02-1.42508556E-02-1.44212311E-03 0.00000000E+00-1.06908568E-03
 3  9 2.21947954E-03 0.00000000E+00 1.71584494E-03 5.28880690E-04-3.64173763E-04
 3 10-1.64706927E-04 0.00000000E+00 7.75852672E-06 0.00000000E+00
 4  1-2.73766442E-01 1.03928563E+00 4.38551162E-02-9.34698386E-03 0.00000000E+00
 4  2 0.00000000E+00 1.31881611E-02 0.00000000E+00 0.00000000E+00 3.55911631E-03
 4  3 0.00000000E+00 0.00000000E+00-1.39568730E-04 1.10157918E-03-1.17733405E-03
 4  4 7.57548767E-05 0.00000000E+00 0.00000000E+00 0.00000000E+00-1.14032734E-03
 4  5 3.01669336E-04-1.72426969E-03 6.64820717E-04 0.00000000E+00-6.28361428E-04
 4  6-1.81353303E-03 0.00000000E+00 1.80883156E-03 4.22756941E-04-6.00514496E-04
 4  7 1.77757555E-04 0.00000000E+00-1.15359853E-03 0.00000000E+00-1.14032734E-03
 4  8 3.01669336E-04-1.72426969E-03-6.64820717E-04 0.00000000E+00-6.28361428E-04
 4  9 1.81353303E-03 0.00000000E+00 1.80883156E-03 4.22756941E-04-6.00514496E-04
 4 10 1.77757555E-04 0.00000000E+00 1.15359853E-03 0.00000000E+00
 5  1 0.00000000E+00 0.00000000E+00 0.00000000E+00 0.00000000E+00 9.94774170E-01
 5  2 0.00000000E+00 0.00000000E+00 1.31982212E-02 0.00000000E+00 0.00000000E+00
 5  3-1.11865057E-04 0.00000000E+00 0.00000000E+00 0.00000000E+00 0.00000000E+00
 5  4 0.00000000E+00 0.00000000E+00 2.92323261E-03 0.00000000E+00 1.95521975E-03
 5  5-1.91922061E-03 1.24848813E-03-2.14853156E-03 0.00000000E+00 2.32611130E-03
 5  6 5.91184799E-04 0.00000000E+00-5.83957184E-04-3.90773805E-04 9.63216956E-04
 5  7-5.72443151E-04 0.00000000E+00 1.50988171E-03 0.00000000E+00-1.95521975E-03
 5  8 1.91922061E-03-1.24848813E-03-2.14853156E-03 0.00000000E+00-2.32611130E-03
 5  9 5.91184799E-04 0.00000000E+00 5.83957184E-04 3.90773805E-04-9.63216956E-04
 5 10 5.72443151E-04 0.00000000E+00 1.50988171E-03 0.00000000E+00
 6  1 0.00000000E+00 0.00000000E+00 0.00000000E+00 0.00000000E+00 0.00000000E+00
 6  2 9.96154531E-01 0.00000000E+00 0.00000000E+00 1.10667107E-02 0.00000000E+00
 6  3 0.00000000E+00-6.56246178E-04 0.00000000E+00 0.00000000E+00 0.00000000E+00
 6  4 0.00000000E+00 0.00000000E+00 0.00000000E+00 1.18788447E-03 0.00000000E+00
 6  5 0.00000000E+00 0.00000000E+00 0.00000000E+00 5.58924966E-04 0.00000000E+00
 6  6 0.00000000E+00-2.90383620E-04 0.00000000E+00 0.00000000E+00 0.00000000E+00
 6  7 0.00000000E+00 3.07831561E-04 0.00000000E+00-3.48749454E-04 0.00000000E+00
 6  8 0.00000000E+00 0.00000000E+00 0.00000000E+00 5.58924966E-04 0.00000000E+00
 6  9 0.00000000E+00-2.90383620E-04 0.00000000E+00 0.00000000E+00 0.00000000E+00
 6 10 0.00000000E+00-3.07831561E-04 0.00000000E+00-3.48749454E-04
 7  1 4.21218592E-03-1.58073945E-02 1.20807729E-03 1.21301302E-03 0.00000000E+00
 7  2 0.00000000E+00 9.95245983E-01 0.00000000E+00 0.00000000E+00 1.20545841E-02
 7  3 0.00000000E+00 0.00000000E+00-6.26143530E-05-6.04827912E-04-1.26820126E-03
 7  4 1.87302917E-03 0.00000000E+00 0.00000000E+00 0.00000000E+00-1.56910956E-03
 7  5 2.01321960E-03-9.32309838E-04 2.39005026E-03 0.00000000E+00-1.61507252E-03
 7  6-7.29535429E-04 0.00000000E+00 4.46564945E-05 5.86539690E-04-6.29821879E-04
 7  7 4.32821894E-05 0.00000000E+00-1.20562085E-03 0.00000000E+00-1.56910956E-03
 7  8 2.01321960E-03-9.32309838E-04-2.39005026E-03 0.00000000E+00-1.61507252E-03
 7  9 7.29535429E-04 0.00000000E+00 4.46564945E-05 5.86539690E-04-6.29821879E-04
 7 10 4.32821894E-05 0.00000000E+00 1.20562085E-03 0.00000000E+00
 8  1 5.89971635E-02-1.80891952E-01 3.12655732E-01 8.27900959E-02 0.00000000E+00
 8  2 0.00000000E+00-1.18018430E-01 0.00000000E+00 0.00000000E+00 1.83181608E-01
 8  3 0.00000000E+00 0.00000000E+00-7.22601392E-03 2.46612384E-02-4.35930284E-02
 8  4 1.89317900E-02 0.00000000E+00 0.00000000E+00 0.00000000E+00-1.24062769E-01
 8  5 2.32421548E-01 2.04701731E-01 1.30947192E-01 0.00000000E+00-8.92341724E-02
 8  6 2.48918397E-02 0.00000000E+00-1.80853586E-02 7.50032927E-03-9.12664938E-03
 8  7 1.62632011E-03 0.00000000E+00-1.85892000E-02 0.00000000E+00-1.24062769E-01
 8  8 2.32421548E-01 2.04701731E-01-1.30947192E-01 0.00000000E+00-8.92341724E-02
 8  9-2.48918397E-02 0.00000000E+00-1.80853586E-02 7.50032927E-03-9.12664938E-03
 8 10 1.62632011E-03 0.00000000E+00 1.85892000E-02 0.00000000E+00
 9  1 0.00000000E+00 0.00000000E+00 0.00000000E+00 0.00000000E+00-1.90784325E-01
 9  2 0.00000000E+00 0.00000000E+00 3.28718912E-01 0.00000000E+00 0.00000000E+00
 9  3 2.36518894E-02 0.00000000E+00 0.00000000E+00 0.00000000E+00 0.00000000E+00
 9  4 0.00000000E+00 0.00000000E+00 1.18374148E-01 0.00000000E+00 1.49552847E-01
 9  5-2.76975954E-01-2.74506092E-01-9.02726896E-02 0.00000000E+00 1.18501254E-01
 9  6-1.54378020E-02 0.00000000E+00 2.08807443E-02-4.55381750E-03 9.79937096E-03
 9  7-5.24555346E-03 0.00000000E+00 1.86934118E-02 0.00000000E+00-1.49552847E-01
 9  8 2.76975954E-01 2.74506092E-01-9.02726896E-02 0.00000000E+00-1.18501254E-01
 9  9-1.54378020E-02 0.00000000E+00-2.08807443E-02 4.55381750E-03-9.79937096E-03
 9 10 5.24555346E-03 0.00000000E+00 1.86934118E-02 0.00000000E+00
10  1 5.24732640E-02-1.50667034E-01 3.26676304E-01 3.50420224E-01 0.00000000E+00
10  2 0.00000000E+00 1.46321417E-01 0.00000000E+00 0.00000000E+00-3.17607083E-01
10  3 0.00000000E+00 0.00000000E+00-1.28132730E-01 6.33004193E-02 2.54056032E-02
10  4-8.87060225E-02 0.00000000E+00 0.00000000E+00 0.00000000E+00 5.55519437E-02
10  5-1.06568108E-01-1.89674110E-01-6.44822025E-02 0.00000000E+00-2.30855729E-01
10  6-3.39799138E-02 0.00000000E+00-1.05931503E-01-1.20385069E-02-2.13469904E-03
10  7 1.41732060E-02 0.00000000E+00-9.56027362E-03 0.00000000E+00 5.55519437E-02
10  8-1.06568108E-01-1.89674110E-01 6.44822025E-02 0.00000000E+00-2.30855729E-01
10  9 3.39799138E-02 0.00000000E+00-1.05931503E-01-1.20385069E-02-2.13469904E-03
10 10 1.41732060E-02 0.00000000E+00 9.56027362E-03 0.00000000E+00
11  1 0.00000000E+00 0.00000000E+00 0.00000000E+00 0.00000000E+00 0.00000000E+00
11  2-2.07821183E-01 0.00000000E+00 0.00000000E+00 4.62939202E-01 0.00000000E+00
11  3 0.00000000E+00 1.55163916E-01 0.00000000E+00 0.00000000E+00 0.00000000E+00
11  4 0.00000000E+00 0.00000000E+00 0.00000000E+00 8.95569548E-02 0.00000000E+00
11  5 0.00000000E+00 0.00000000E+00 0.00000000E+00 3.24261956E-01 0.00000000E+00
11  6 0.00000000E+00 1.61794186E-01 0.00000000E+00 0.00000000E+00 0.00000000E+00
11  7 0.00000000E+00 2.26416927E-02 0.00000000E+00-1.79034228E-02 0.00000000E+00
11  8 0.00000000E+00 0.00000000E+00 0.00000000E+00 3.24261956E-01 0.00000000E+00
11  9 0.00000000E+00 1.61794186E-01 0.00000000E+00 0.00000000E+00 0.00000000E+00
11 10 0.00000000E+00-2.26416927E-02 0.00000000E+00-1.79034228E-02
12  1 2.58052221E-02-4.94972989E-02 1.90502476E-01-6.72916451E-02 0.00000000E+00
12  2 0.00000000E+00-1.04923628E-01 0.00000000E+00 0.00000000E+00 2.25378033E-01
12  3 0.00000000E+00 0.00000000E+00-1.38478566E-02-8.77469672E-02 3.91150556E-03
12  4 8.38354616E-02 0.00000000E+00 0.00000000E+00 0.00000000E+00 8.13957396E-02
12  5-1.68549740E-01-2.92860109E-01 3.64522977E-01 0.00000000E+00-1.10483730E-02
12  6 1.97182642E-01 0.00000000E+00-5.82086484E-03 2.09027985E-02-1.05851008E-02
12  7-1.03176976E-02 0.00000000E+00-1.15304150E-02 0.00000000E+00 8.13957396E-02
12  8-1.68549740E-01-2.92860109E-01-3.64522977E-01 0.00000000E+00-1.10483730E-02
12  9-1.97182642E-01 0.00000000E+00-5.82086484E-03 2.09027985E-02-1.05851008E-02
12 10-1.03176976E-02 0.00000000E+00 1.15304150E-02 0.00000000E+00
13  1 0.00000000E+00 0.00000000E+00 0.00000000E+00 0.00000000E+00-1.60571050E-01
13  2 0.00000000E+00 0.00000000E+00 3.48484786E-01 0.00000000E+00 0.00000000E+00
13  3 2.47720911E-02 0.00000000E+00 0.00000000E+00 0.00000000E+00 0.00000000E+00
13  4 0.00000000E+00 0.00000000E+00 3.03064132E-02 0.00000000E+00-7.12005522E-02
13  5 1.48017282E-01 3.02745197E-01-1.95351326E-01 0.00000000E+00 3.39458786E-01
13  6-1.01825653E-01 0.00000000E+00 1.82396863E-01 1.00377390E-03 1.39244892E-02
13  7-1.49282631E-02 0.00000000E+00 1.97603662E-02 0.00000000E+00 7.12005522E-02
13  8-1.48017282E-01-3.02745197E-01-1.95351326E-01 0.00000000E+00-3.39458786E-01
13  9-1.01825653E-01 0.00000000E+00-1.82396863E-01-1.00377390E-03-1.39244892E-02
13 10 1.49282631E-02 0.00000000E+00 1.97603662E-02 0.00000000E+00
14  1 0.00000000E+00 0.00000000E+00 0.00000000E+00 0.00000000E+00 0.00000000E+00
14  2 0.00000000E+00 0.00000000E+00 0.00000000E+00 0.00000000E+00 0.00000000E+00
14  3 0.00000000E+00 0.00000000E+00 0.00000000E+00 0.00000000E+00 0.00000000E+00
14  4 0.00000000E+00-1.71794443E-01 0.00000000E+00 0.00000000E+00 0.00000000E+00
14  5 0.00000000E+00 0.00000000E+00 0.00000000E+00 4.66475098E-01 0.00000000E+00
14  6 0.00000000E+00 3.16398296E-01 0.00000000E+00 0.00000000E+00 0.00000000E+00
14  7 0.00000000E+00 2.08621440E-02 0.00000000E+00-2.13104795E-02 0.00000000E+00
14  8 0.00000000E+00 0.00000000E+00 0.00000000E+00-4.66475098E-01 0.00000000E+00
14  9 0.00000000E+00-3.16398296E-01 0.00000000E+00 0.00000000E+00 0.00000000E+00
14 10 0.00000000E+00 2.08621440E-02 0.00000000E+00 2.13104795E-02
15  1 1.93721114E-02-9.61987435E-02 8.10514511E-02 6.82823398E-01 0.00000000E+00
15  2 0.00000000E+00 1.58131270E-01 0.00000000E+00 0.00000000E+00-3.42603655E-01
15  3 0.00000000E+00 0.00000000E+00-1.56618926E-01-1.61094624E-01 6.30295950E-02
15  4 9.80650287E-02 0.00000000E+00 0.00000000E+00 0.00000000E+00 1.13463401E-02
15  5-2.34195617E-02-7.57693033E-02 6.13265619E-03 0.00000000E+00 3.71365097E-01
15  6 1.50087703E-02 0.00000000E+00 2.73889611E-01 3.00573549E-03 8.20366462E-03
15  7-1.12094001E-02 0.00000000E+00 2.01857508E-02 0.00000000E+00 1.13463401E-02
15  8-2.34195617E-02-7.57693033E-02-6.13265619E-03 0.00000000E+00 3.71365097E-01
15  9-1.50087703E-02 0.00000000E+00 2.73889611E-01 3.00573549E-03 8.20366462E-03
15 10-1.12094001E-02 0.00000000E+00-2.01857508E-02 0.00000000E+00
16  1 0.00000000E+00 0.00000000E+00 0.00000000E+00 0.00000000E+00-2.41278026E-03
16  2 0.00000000E+00 0.00000000E+00 1.88711972E-02 0.00000000E+00 0.00000000E+00
16  3 1.70220249E-01 0.00000000E+00 0.00000000E+00 0.00000000E+00 0.00000000E+00
16  4 0.00000000E+00 0.00000000E+00-1.52478087E-01 0.00000000E+00-1.79263803E-02
16  5 3.34118936E-02 8.66718699E-02 4.48466160E-01 0.00000000E+00 2.03751923E-01
16  6 2.89003301E-01 0.00000000E+00 1.64073844E-01 2.92362682E-02-3.78496616E-03
16  7-2.54513020E-02 0.00000000E+00-1.39963507E-02 0.00000000E+00 1.79263803E-02
16  8-3.34118936E-02-8.66718699E-02 4.48466160E-01 0.00000000E+00-2.03751923E-01
16  9 2.89003301E-01 0.00000000E+00-1.64073844E-01-2.92362682E-02 3.78496616E-03
16 10 2.54513020E-02 0.00000000E+00-1.39963507E-02 0.00000000E+00
17  1 0.00000000E+00 0.00000000E+00 0.00000000E+00 0.00000000E+00 0.00000000E+00
17  2-1.95876389E-01 0.00000000E+00 0.00000000E+00 5.12644411E-01 0.00000000E+00
17  3 0.00000000E+00 7.25413318E-01 0.00000000E+00 0.00000000E+00 0.00000000E+00
17  4 0.00000000E+00 0.00000000E+00 0.00000000E+00-1.62982941E-01 0.00000000E+00
17  5 0.00000000E+00 0.00000000E+00 0.00000000E+00-3.28697554E-01 0.00000000E+00
17  6 0.00000000E+00-3.84996169E-01 0.00000000E+00 0.00000000E+00 0.00000000E+00
17  7 0.00000000E+00-7.84497191E-03 0.00000000E+00-2.02733312E-03 0.00000000E+00
17  8 0.00000000E+00 0.00000000E+00 0.00000000E+00-3.28697554E-01 0.00000000E+00
17  9 0.00000000E+00-3.84996169E-01 0.00000000E+00 0.00000000E+00 0.00000000E+00
17 10 0.00000000E+00 7.84497191E-03 0.00000000E+00-2.02733312E-03
18  1 0.00000000E+00 0.00000000E+00 0.00000000E+00 0.00000000E+00-1.03030168E-01
18  2 0.00000000E+00 0.00000000E+00 2.74927712E-01 0.00000000E+00 0.00000000E+00
18  3 1.31157625E+00 0.00000000E+00 0.00000000E+00 0.00000000E+00 0.00000000E+00
18  4 0.00000000E+00 0.00000000E+00-2.37992915E-01 0.00000000E+00-4.81825843E-02
18  5 5.17820583E-02 5.85999303E-01-1.08238597E-01 0.00000000E+00-2.61767275E-01
18  6-1.76908389E-01 0.00000000E+00-3.16741656E-01-2.53981321E-03-2.51990231E-03
18  7 5.05971552E-03 0.00000000E+00-9.24633638E-03 0.00000000E+00 4.81825843E-02
18  8-5.17820583E-02-5.85999303E-01-1.08238597E-01 0.00000000E+00 2.61767275E-01
18  9-1.76908389E-01 0.00000000E+00 3.16741656E-01 2.53981321E-03 2.51990231E-03
18 10-5.05971552E-03 0.00000000E+00-9.24633638E-03 0.00000000E+00
19  1 7.16596576E-03-1.42253355E-01-9.42885297E-02 1.70485034E+00 0.00000000E+00
19  2 0.00000000E+00-3.71575717E-02 0.00000000E+00 0.00000000E+00 1.43508632E-01
19  3 0.00000000E+00 0.00000000E+00 1.47705266E+00-9.92430920E-02 2.86549999E-01
19  4-1.87306907E-01 0.00000000E+00 0.00000000E+00 0.00000000E+00 6.79515963E-02
19  5-6.18497035E-02-1.04028147E+00-1.02293057E-01 0.00000000E+00 1.32454897E-02
19  6-3.24951823E-01 0.00000000E+00 3.58617298E-03-1.77529901E-02 2.47565364E-02
19  7-7.00354627E-03 0.00000000E+00 3.70332667E-03 0.00000000E+00 6.79515963E-02
19  8-6.18497035E-02-1.04028147E+00 1.02293057E-01 0.00000000E+00 1.32454897E-02
19  9 3.24951823E-01 0.00000000E+00 3.58617298E-03-1.77529901E-02 2.47565364E-02
19 10-7.00354627E-03 0.00000000E+00-3.70332667E-03 0.00000000E+00
20  1 0.00000000E+00 0.00000000E+00 0.00000000E+00 0.00000000E+00 0.00000000E+00
20  2 2.97612491E-01 0.00000000E+00 0.00000000E+00-1.12362769E+00 0.00000000E+00
20  3 0.00000000E+00 1.17052073E+00 0.00000000E+00 0.00000000E+00 0.00000000E+00
20  4 0.00000000E+00 0.00000000E+00 0.00000000E+00-9.77903756E-02 0.00000000E+00
20  5 0.00000000E+00 0.00000000E+00 0.00000000E+00 3.06866358E-02 0.00000000E+00
20  6 0.00000000E+00-1.71786955E-02 0.00000000E+00 0.00000000E+00 0.00000000E+00
20  7 0.00000000E+00-3.30762467E-02 0.00000000E+00 2.23895467E-02 0.00000000E+00
20  8 0.00000000E+00 0.00000000E+00 0.00000000E+00 3.06866358E-02 0.00000000E+00
20  9 0.00000000E+00-1.71786955E-02 0.00000000E+00 0.00000000E+00 0.00000000E+00
20 10 0.00000000E+00 3.30762467E-02 0.00000000E+00 2.23895467E-02
21  1-7.06158432E-02-2.18396456E-01-1.03968263E+00 1.47948481E+00 0.00000000E+00
21  2 0.00000000E+00-2.42229733E-01 0.00000000E+00 0.00000000E+00 9.52821559E-01
21  3 0.00000000E+00 0.00000000E+00-6.66422197E-01-1.76884397E-01 2.33635468E-01
21  4-5.67510701E-02 0.00000000E+00 0.00000000E+00 0.00000000E+00 1.38884913E-02
21  5-5.22746787E-02-1.65215844E-01-9.69569641E-03 0.00000000E+00-1.96181598E-02
21  6-1.46573018E-01 0.00000000E+00 6.33685065E-02 1.43340779E-02 1.65466500E-02
21  7-3.08807279E-02 0.00000000E+00 9.98389271E-03 0.00000000E+00 1.38884913E-02
21  8-5.22746787E-02-1.65215844E-01 9.69569641E-03 0.00000000E+00-1.96181598E-02
21  9 1.46573018E-01 0.00000000E+00 6.33685065E-02 1.43340779E-02 1.65466500E-02
21 10-3.08807279E-02 0.00000000E+00-9.98389271E-03 0.00000000E+00
22  1 0.00000000E+00 0.00000000E+00 0.00000000E+00 0.00000000E+00 1.95486163E-01
22  2 0.00000000E+00 0.00000000E+00-5.39458709E-01 0.00000000E+00 0.00000000E+00
22  3 1.24901735E+00 0.00000000E+00 0.00000000E+00 0.00000000E+00 0.00000000E+00
22  4 0.00000000E+00 0.00000000E+00 6.70282357E-01 0.00000000E+00-1.91033659E-02
22  5-3.64021711E-02 8.59949644E-01-1.96272491E-01 0.00000000E+00 1.70561413E-01
22  6 4.03033820E-01 0.00000000E+00-2.44500615E-01-2.70755971E-03-3.14087197E-02
22  7 3.41162794E-02 0.00000000E+00-4.29519817E-02 0.00000000E+00 1.91033659E-02
22  8 3.64021711E-02-8.59949644E-01-1.96272491E-01 0.00000000E+00-1.70561413E-01
22  9 4.03033820E-01 0.00000000E+00 2.44500615E-01 2.70755971E-03 3.14087197E-02
22 10-3.41162794E-02 0.00000000E+00-4.29519817E-02 0.00000000E+00
23  1-4.84440263E-02-8.94891327E-02-6.31116204E-01 2.37126184E+00 0.00000000E+00
23  2 0.00000000E+00 3.32307206E-02 0.00000000E+00 0.00000000E+00 7.55128072E-02
23  3 0.00000000E+00 0.00000000E+00 7.25889155E-01 5.25058733E-01-6.81466872E-01
23  4 1.56408139E-01 0.00000000E+00 0.00000000E+00 0.00000000E+00 3.29630716E-02
23  5-1.60874242E-02-1.06204293E+00 2.18053877E-01 0.00000000E+00-2.45641012E-01
23  6-4.24960866E-01 0.00000000E+00 5.29533405E-01-2.35952597E-02 7.00545895E-03
23  7 1.65898008E-02 0.00000000E+00 5.49005166E-02 0.00000000E+00 3.29630716E-02
23  8-1.60874242E-02-1.06204293E+00-2.18053877E-01 0.00000000E+00-2.45641012E-01
23  9 4.24960866E-01 0.00000000E+00 5.29533405E-01-2.35952597E-02 7.00545895E-03
23 10 1.65898008E-02 0.00000000E+00-5.49005166E-02 0.00000000E+00
24  1 7.44215528E-02 3.55261630E-01 1.26589210E+00 2.76160702E-01 0.00000000E+00
24  2 0.00000000E+00-1.26644022E-01 0.00000000E+00 0.00000000E+00 7.10639596E-01
24  3 0.00000000E+00 0.00000000E+00 1.87676910E-01-3.55761001E-01-1.27143856E-01
24  4 4.82904857E-01 0.00000000E+00 0.00000000E+00 0.00000000E+00 4.23815158E-02
24  5-4.28406771E-02-5.27100497E-01 1.31535627E-01 0.00000000E+00-1.54869998E-02
24  6-9.22686809E-01 0.00000000E+00 3.10244746E-01 3.94204552E-02-1.21611175E-02
24  7-2.72593377E-02 0.00000000E+00-1.56913443E-02 0.00000000E+00 4.23815158E-02
24  8-4.28406771E-02-5.27100497E-01-1.31535627E-01 0.00000000E+00-1.54869998E-02
24  9 9.22686809E-01 0.00000000E+00 3.10244746E-01 3.94204552E-02-1.21611175E-02
24 10-2.72593377E-02 0.00000000E+00 1.56913443E-02 0.00000000E+00
25  1 0.00000000E+00 0.00000000E+00 0.00000000E+00 0.00000000E+00-2.28367842E-01
25  2 0.00000000E+00 0.00000000E+00 1.26074675E+00 0.00000000E+00 0.00000000E+00
25  3-2.46409735E-01 0.00000000E+00 0.00000000E+00 0.00000000E+00 0.00000000E+00
25  4 0.00000000E+00 0.00000000E+00 1.17107177E-01 0.00000000E+00-5.84270026E-02
25  5 9.18149089E-02 7.05106912E-01-1.18810883E-01 0.00000000E+00 1.71561533E-01
25  6 9.91051552E-01 0.00000000E+00-8.35188179E-01 1.95014545E-02 3.45389926E-03
25  7-2.29553538E-02 0.00000000E+00-2.59357125E-03 0.00000000E+00 5.84270026E-02
25  8-9.18149089E-02-7.05106912E-01-1.18810883E-01 0.00000000E+00-1.71561533E-01
25  9 9.91051552E-01 0.00000000E+00 8.35188179E-01-1.95014545E-02-3.45389926E-03
25 10 2.29553538E-02 0.00000000E+00-2.59357125E-03 0.00000000E+00
26  1 0.00000000E+00 0.00000000E+00 0.00000000E+00 0.00000000E+00 0.00000000E+00
26  2 6.62580141E-03 0.00000000E+00 0.00000000E+00-6.19220198E-02 0.00000000E+00
26  3 0.00000000E+00 3.84461854E-01 0.00000000E+00 0.00000000E+00 0.00000000E+00
26  4 0.00000000E+00 0.00000000E+00 0.00000000E+00 9.81479569E-01 0.00000000E+00
26  5 0.00000000E+00 0.00000000E+00 0.00000000E+00-3.49675764E-01 0.00000000E+00
26  6 0.00000000E+00-1.31722546E-01 0.00000000E+00 0.00000000E+00 0.00000000E+00
26  7 0.00000000E+00 5.38388290E-02 0.00000000E+00 2.34480122E-02 0.00000000E+00
26  8 0.00000000E+00 0.00000000E+00 0.00000000E+00-3.49675764E-01 0.00000000E+00
26  9 0.00000000E+00-1.31722546E-01 0.00000000E+00 0.00000000E+00 0.00000000E+00
26 10 0.00000000E+00-5.38388290E-02 0.00000000E+00 2.34480122E-02
27  1 0.00000000E+00 0.00000000E+00 0.00000000E+00 0.00000000E+00 0.00000000E+00
27  2 0.00000000E+00 0.00000000E+00 0.00000000E+00 0.00000000E+00 0.00000000E+00
27  3 0.00000000E+00 0.00000000E+00 0.00000000E+00 0.00000000E+00 0.00000000E+00
27  4 0.00000000E+00 1.05473675E+00 0.00000000E+00 0.00000000E+00 0.00000000E+00
27  5 0.00000000E+00 0.00000000E+00 0.00000000E+00 2.17463462E-01 0.00000000E+00
27  6 0.00000000E+00 3.16188936E-01 0.00000000E+00 0.00000000E+00 0.00000000E+00
27  7 0.00000000E+00-5.56282533E-03 0.00000000E+00 5.51129696E-02 0.00000000E+00
27  8 0.00000000E+00 0.00000000E+00 0.00000000E+00-2.17463462E-01 0.00000000E+00
27  9 0.00000000E+00-3.16188936E-01 0.00000000E+00 0.00000000E+00 0.00000000E+00
27 10 0.00000000E+00-5.56282533E-03 0.00000000E+00-5.51129696E-02
28  1 5.19026390E-02 2.94527306E-01 9.38806634E-01-3.99280795E-01 0.00000000E+00
28  2 0.00000000E+00-9.70135973E-02 0.00000000E+00 0.00000000E+00 4.56012619E-01
28  3 0.00000000E+00 0.00000000E+00-9.32829503E-01 3.78360261E-01 3.02762840E-01
28  4-6.81123101E-01 0.00000000E+00 0.00000000E+00 0.00000000E+00 1.63232805E-02
28  5 1.50423706E-02 3.08320385E-02-1.43316412E-01 0.00000000E+00-2.47707375E-01
28  6 5.41245058E-02 0.00000000E+00 9.28602641E-01-8.33542987E-03-9.79621854E-03
28  7 1.81316484E-02 0.00000000E+00-3.06542849E-02 0.00000000E+00 1.63232805E-02
28  8 1.50423706E-02 3.08320385E-02 1.43316412E-01 0.00000000E+00-2.47707375E-01
28  9-5.41245058E-02 0.00000000E+00 9.28602641E-01-8.33542987E-03-9.79621854E-03
28 10 1.81316484E-02 0.00000000E+00 3.06542849E-02 0.00000000E+00
29  1 0.00000000E+00 0.00000000E+00 0.00000000E+00 0.00000000E+00 0.00000000E+00
29  2 0.00000000E+00 0.00000000E+00 0.00000000E+00 0.00000000E+00 0.00000000E+00
29  3 0.00000000E+00 0.00000000E+00 0.00000000E+00 0.00000000E+00 0.00000000E+00
29  4 0.00000000E+00 8.58408968E-02 0.00000000E+00 0.00000000E+00 0.00000000E+00
29  5 0.00000000E+00 0.00000000E+00 0.00000000E+00-6.27248564E-01 0.00000000E+00
29  6 0.00000000E+00 8.65701083E-01 0.00000000E+00 0.00000000E+00 0.00000000E+00
29  7 0.00000000E+00-4.26956428E-02 0.00000000E+00 3.06887430E-03 0.00000000E+00
29  8 0.00000000E+00 0.00000000E+00 0.00000000E+00 6.27248564E-01 0.00000000E+00
29  9 0.00000000E+00-8.65701083E-01 0.00000000E+00 0.00000000E+00 0.00000000E+00
29 10 0.00000000E+00-4.26956428E-02 0.00000000E+00-3.06887430E-03
30  1 0.00000000E+00 0.00000000E+00 0.00000000E+00 0.00000000E+00 0.00000000E+00
30  2-3.52046697E-02 0.00000000E+00 0.00000000E+00 5.82641423E-02 0.00000000E+00
30  3 0.00000000E+00-9.53316299E-01 0.00000000E+00 0.00000000E+00 0.00000000E+00
30  4 0.00000000E+00 0.00000000E+00 0.00000000E+00-3.67589503E-01 0.00000000E+00
30  5 0.00000000E+00 0.00000000E+00 0.00000000E+00-5.73733998E-01 0.00000000E+00
30  6 0.00000000E+00 1.03494938E+00 0.00000000E+00 0.00000000E+00 0.00000000E+00
30  7 0.00000000E+00-1.00322293E-02 0.00000000E+00 2.67904647E-02 0.00000000E+00
30  8 0.00000000E+00 0.00000000E+00 0.00000000E+00-5.73733998E-01 0.00000000E+00
30  9 0.00000000E+00 1.03494938E+00 0.00000000E+00 0.00000000E+00 0.00000000E+00
30 10 0.00000000E+00 1.00322293E-02 0.00000000E+00 2.67904647E-02
31  1-9.48456698E-03-6.25190179E-02-1.82466794E-01-6.84063817E-02 0.00000000E+00
31  2 0.00000000E+00 7.44197016E-03 0.00000000E+00 0.00000000E+00-1.24059555E-01
31  3 0.00000000E+00 0.00000000E+00 2.80793748E-02-5.80789116E-01-4.68050621E-02
31  4 6.27594178E-01 0.00000000E+00 0.00000000E+00 0.00000000E+00-3.56558582E-04
31  5-3.67818623E-03 7.72371495E-02-4.29142038E-01 0.00000000E+00-4.68535456E-01
31  6 3.03794278E-01 0.00000000E+00 8.97080835E-02 4.55157116E-02-1.22754431E-04
31  7-4.53929572E-02 0.00000000E+00 2.49241733E-02 0.00000000E+00-3.56558582E-04
31  8-3.67818623E-03 7.72371495E-02 4.29142038E-01 0.00000000E+00-4.68535456E-01
31  9-3.03794278E-01 0.00000000E+00 8.97080835E-02 4.55157116E-02-1.22754431E-04
31 10-4.53929572E-02 0.00000000E+00-2.49241733E-02 0.00000000E+00
32  1 0.00000000E+00 0.00000000E+00 0.00000000E+00 0.00000000E+00 4.58124489E-02
32  2 0.00000000E+00 0.00000000E+00-1.81791352E-01 0.00000000E+00 0.00000000E+00
32  3 1.01806318E+00 0.00000000E+00 0.00000000E+00 0.00000000E+00 0.00000000E+00
32  4 0.00000000E+00 0.00000000E+00 7.91958102E-02 0.00000000E+00 6.16459239E-03
32  5-6.31399129E-03 1.71879894E-01 3.98249170E-01 0.00000000E+00 4.61761493E-01
32  6-9.41877093E-01 0.00000000E+00-8.07535364E-01 5.95119933E-02-3.20147930E-02
32  7-2.74972003E-02 0.00000000E+00 2.49163110E-02 0.00000000E+00-6.16459239E-03
32  8 6.31399129E-03-1.71879894E-01 3.98249170E-01 0.00000000E+00-4.61761493E-01
32  9-9.41877093E-01 0.00000000E+00 8.07535364E-01-5.95119933E-02 3.20147930E-02
32 10 2.74972003E-02 0.00000000E+00 2.49163110E-02 0.00000000E+00
33  1-3.90247874E-02 1.21762556E-01-3.02993965E-01-4.54130472E-01 0.00000000E+00
33  2 0.00000000E+00 1.96650280E-01 0.00000000E+00 0.00000000E+00-7.36226759E-01
33  3 0.00000000E+00 0.00000000E+00-7.01585108E-02-6.49027734E-01 7.52213852E-01
33  4-1.03186117E-01 0.00000000E+00 0.00000000E+00 0.00000000E+00-4.03395124E-02
33  5 5.01623638E-01 2.43594857E-01 5.21152238E-01 0.00000000E+00-3.87977417E-01
33  6-1.19810643E-01 0.00000000E+00 5.05095744E-02-1.30373258E-01 1.32573518E-01
33  7-2.20026008E-03 0.00000000E+00-3.25123419E-02 0.00000000E+00-4.03395124E-02
33  8 5.01623638E-01 2.43594857E-01-5.21152238E-01 0.00000000E+00-3.87977417E-01
33  9 1.19810643E-01 0.00000000E+00 5.05095744E-02-1.30373258E-01 1.32573518E-01
33 10-2.20026008E-03 0.00000000E+00 3.25123419E-02 0.00000000E+00
34  1 0.00000000E+00 0.00000000E+00 0.00000000E+00 0.00000000E+00-1.70979278E-01
34  2 0.00000000E+00 0.00000000E+00 9.15752896E-01 0.00000000E+00 0.00000000E+00
34  3 9.18505343E-01 0.00000000E+00 0.00000000E+00 0.00000000E+00 0.00000000E+00
34  4 0.00000000E+00 0.00000000E+00 8.17448991E-01 0.00000000E+00-1.20076582E-02
34  5-7.22428115E-01 2.04086175E+00 3.86725977E-01 0.00000000E+00-3.25513459E-01
34  6 2.93730511E-01 0.00000000E+00-3.12641574E-01-1.02376000E-01 1.23699008E-01
34  7-2.13230080E-02 0.00000000E+00 1.56832928E-01 0.00000000E+00 1.20076582E-02
34  8 7.22428115E-01-2.04086175E+00 3.86725977E-01 0.00000000E+00 3.25513459E-01
34  9 2.93730511E-01 0.00000000E+00 3.12641574E-01 1.02376000E-01-1.23699008E-01
34 10 2.13230080E-02 0.00000000E+00 1.56832928E-01 0.00000000E+00
35  1-2.58246965E-03-7.41784122E-02-1.09666377E-01 2.86329766E+00 0.00000000E+00
35  2 0.00000000E+00-8.92976061E-02 0.00000000E+00 0.00000000E+00 6.28034016E-01
35  3 0.00000000E+00 0.00000000E+00 1.16377410E+00 1.75929574E-01-4.40244676E-01
35  4 2.64315102E-01 0.00000000E+00 0.00000000E+00 0.00000000E+00 9.39981068E-03
35  5 1.12524194E+00-2.66983806E+00-2.14056679E-01 0.00000000E+00 1.50109635E-01
35  6-4.30502259E-01 0.00000000E+00 2.44039543E-01-5.67566924E-02 5.63929540E-02
35  7 3.63738398E-04 0.00000000E+00-2.20928161E-01 0.00000000E+00 9.39981068E-03
35  8 1.12524194E+00-2.66983806E+00 2.14056679E-01 0.00000000E+00 1.50109635E-01
35  9 4.30502259E-01 0.00000000E+00 2.44039543E-01-5.67566924E-02 5.63929540E-02
35 10 3.63738398E-04 0.00000000E+00 2.20928161E-01 0.00000000E+00
36  1 0.00000000E+00 0.00000000E+00 0.00000000E+00 0.00000000E+00-1.49386418E-01
36  2 0.00000000E+00 0.00000000E+00 4.29389117E-01 0.00000000E+00 0.00000000E+00
36  3-2.52178150E-01 0.00000000E+00 0.00000000E+00 0.00000000E+00 0.00000000E+00
36  4 0.00000000E+00 0.00000000E+00 8.62711314E-01 0.00000000E+00-1.27170633E-02
36  5 9.96783246E-01-7.15497005E-01 3.29255210E-01 0.00000000E+00-3.57666999E-01
36  6-1.74535868E-01 0.00000000E+00 2.66721511E-01 1.75827254E-01-2.35368664E-01
36  7 5.95414093E-02 0.00000000E+00 1.52908831E-01 0.00000000E+00 1.27170633E-02
36  8-9.96783246E-01 7.15497005E-01 3.29255210E-01 0.00000000E+00 3.57666999E-01
36  9-1.74535868E-01 0.00000000E+00-2.66721511E-01-1.75827254E-01 2.35368664E-01
36 10-5.95414093E-02 0.00000000E+00 1.52908831E-01 0.00000000E+00
37  1 0.00000000E+00 0.00000000E+00 0.00000000E+00 0.00000000E+00 0.00000000E+00
37  2-1.59288793E-02 0.00000000E+00 0.00000000E+00 8.69690731E-02 0.00000000E+00
37  3 0.00000000E+00 3.89391095E-02 0.00000000E+00 0.00000000E+00 0.00000000E+00
37  4 0.00000000E+00 0.00000000E+00 0.00000000E+00-1.30200726E-01 0.00000000E+00
37  5 0.00000000E+00 0.00000000E+00 0.00000000E+00 6.14470965E-02 0.00000000E+00
37  6 0.00000000E+00-7.62455103E-02 0.00000000E+00 0.00000000E+00 0.00000000E+00
37  7 0.00000000E+00 3.53324935E-01 0.00000000E+00 6.12702290E-01 0.00000000E+00
37  8 0.00000000E+00 0.00000000E+00 0.00000000E+00 6.14470965E-02 0.00000000E+00
37  9 0.00000000E+00-7.62455103E-02 0.00000000E+00 0.00000000E+00 0.00000000E+00
37 10 0.00000000E+00-3.53324935E-01 0.00000000E+00 6.12702290E-01
38  1 8.29247471E-03-1.42852981E-02 8.00393124E-02-7.33141814E-01 0.00000000E+00
38  2 0.00000000E+00-2.84402763E-02 0.00000000E+00 0.00000000E+00 4.61257055E-02
38  3 0.00000000E+00 0.00000000E+00-3.38259251E-01 8.14587077E-02-2.78457527E-01
38  4 1.96998820E-01 0.00000000E+00 0.00000000E+00 0.00000000E+00-8.82469816E-05
38  5-4.80405056E-01 7.34736615E-01-1.03262257E-01 0.00000000E+00 3.42230363E-02
38  6 1.82161927E-01 0.00000000E+00-9.13290985E-02-3.44133091E-01 6.04719733E-01
38  7-2.60586642E-01 0.00000000E+00-3.14279754E-01 0.00000000E+00-8.82469816E-05
38  8-4.80405056E-01 7.34736615E-01 1.03262257E-01 0.00000000E+00 3.42230363E-02
38  9-1.82161927E-01 0.00000000E+00-9.13290985E-02-3.44133091E-01 6.04719733E-01
38 10-2.60586642E-01 0.00000000E+00 3.14279754E-01 0.00000000E+00
39  1 0.00000000E+00 0.00000000E+00 0.00000000E+00 0.00000000E+00 0.00000000E+00
39  2 0.00000000E+00 0.00000000E+00 0.00000000E+00 0.00000000E+00 0.00000000E+00
39  3 0.00000000E+00 0.00000000E+00 0.00000000E+00 0.00000000E+00 0.00000000E+00
39  4 0.00000000E+00-1.82658366E-02 0.00000000E+00 0.00000000E+00 0.00000000E+00
39  5 0.00000000E+00 0.00000000E+00 0.00000000E+00-6.52054361E-02 0.00000000E+00
39  6 0.00000000E+00 1.00679865E-01 0.00000000E+00 0.00000000E+00 0.00000000E+00
39  7 0.00000000E+00 5.90971136E-01 0.00000000E+00 4.01915230E-01 0.00000000E+00
39  8 0.00000000E+00 0.00000000E+00 0.00000000E+00 6.52054361E-02 0.00000000E+00
39  9 0.00000000E+00-1.00679865E-01 0.00000000E+00 0.00000000E+00 0.00000000E+00
39 10 0.00000000E+00 5.90971136E-01 0.00000000E+00-4.01915230E-01
40  1 0.00000000E+00 0.00000000E+00 0.00000000E+00 0.00000000E+00 3.81541476E-03
40  2 0.00000000E+00 0.00000000E+00 3.73444698E-02 0.00000000E+00 0.00000000E+00
40  3 2.92491598E-02 0.00000000E+00 0.00000000E+00 0.00000000E+00 0.00000000E+00
40  4 0.00000000E+00 0.00000000E+00-4.49984489E-01 0.00000000E+00-1.49982188E-03
40  5-2.99715272E-01 1.68437099E-01-9.35936212E-02 0.00000000E+00 1.27112354E-01
40  6 1.52806281E-02 0.00000000E+00-1.21346684E-01-2.04839010E-01-4.48460945E-01
40  7 6.53299955E-01 0.00000000E+00 2.24710130E-01 0.00000000E+00 1.49982188E-03
40  8 2.99715272E-01-1.68437099E-01-9.35936212E-02 0.00000000E+00-1.27112354E-01
40  9 1.52806281E-02 0.00000000E+00 1.21346684E-01 2.04839010E-01 4.48460945E-01
40 10-6.53299955E-01 0.00000000E+00 2.24710130E-01 0.00000000E+00
41  1 0.00000000E+00 0.00000000E+00 0.00000000E+00 0.00000000E+00 0.00000000E+00
41  2 0.00000000E+00 0.00000000E+00 0.00000000E+00 0.00000000E+00 0.00000000E+00
41  3 0.00000000E+00 0.00000000E+00 0.00000000E+00 0.00000000E+00 0.00000000E+00
41  4 0.00000000E+00 6.99499623E-01 0.00000000E+00 0.00000000E+00 0.00000000E+00
41  5 0.00000000E+00 0.00000000E+00 0.00000000E+00-4.18467778E-03 0.00000000E+00
41  6 0.00000000E+00 2.89980481E-01 0.00000000E+00 0.00000000E+00 0.00000000E+00
41  7 0.00000000E+00 4.73222999E-01 0.00000000E+00-6.61652389E-01 0.00000000E+00
41  8 0.00000000E+00 0.00000000E+00 0.00000000E+00 4.18467778E-03 0.00000000E+00
41  9 0.00000000E+00-2.89980481E-01 0.00000000E+00 0.00000000E+00 0.00000000E+00
41 10 0.00000000E+00 4.73222999E-01 0.00000000E+00 6.61652389E-01
42  1 0.00000000E+00 0.00000000E+00 0.00000000E+00 0.00000000E+00 0.00000000E+00
42  2 1.12018367E-01 0.00000000E+00 0.00000000E+00-5.78084613E-01 0.00000000E+00
42  3 0.00000000E+00-1.89388718E-01 0.00000000E+00 0.00000000E+00 0.00000000E+00
42  4 0.00000000E+00 0.00000000E+00 0.00000000E+00-6.24184314E-01 0.00000000E+00
42  5 0.00000000E+00 0.00000000E+00 0.00000000E+00 2.07115459E-02 0.00000000E+00
42  6 0.00000000E+00 3.19055402E-01 0.00000000E+00 0.00000000E+00 0.00000000E+00
42  7 0.00000000E+00 7.17356001E-01 0.00000000E+00-4.23135340E-01 0.00000000E+00
42  8 0.00000000E+00 0.00000000E+00 0.00000000E+00 2.07115459E-02 0.00000000E+00
42  9 0.00000000E+00 3.19055402E-01 0.00000000E+00 0.00000000E+00 0.00000000E+00
42 10 0.00000000E+00-7.17356001E-01 0.00000000E+00-4.23135340E-01
43  1 0.00000000E+00 0.00000000E+00 0.00000000E+00 0.00000000E+00 7.33644655E-02
43  2 0.00000000E+00 0.00000000E+00-7.35502463E-02 0.00000000E+00 0.00000000E+00
43  3-4.48317501E-02 0.00000000E+00 0.00000000E+00 0.00000000E+00 0.00000000E+00
43  4 0.00000000E+00 0.00000000E+00-1.40404130E-01 0.00000000E+00-8.47449435E-03
43  5-5.88776935E-01 7.68625839E-01-1.93820963E-01 0.00000000E+00 6.49431625E-03
43  6 6.01020044E-01 0.00000000E+00 4.72735030E-02 7.09427419E-01-4.02757839E-01
43  7-3.06669579E-01 0.00000000E+00 1.88926741E-01 0.00000000E+00 8.47449435E-03
43  8 5.88776935E-01-7.68625839E-01-1.93820963E-01 0.00000000E+00-6.49431625E-03
43  9 6.01020044E-01 0.00000000E+00-4.72735030E-02-7.09427419E-01 4.02757839E-01
43 10 3.06669579E-01 0.00000000E+00 1.88926741E-01 0.00000000E+00
44  1 1.47719684E-02 1.52028701E-01 3.85803712E-01 3.51038074E-01 0.00000000E+00
44  2 0.00000000E+00 7.99156068E-02 0.00000000E+00 0.00000000E+00-1.99664672E-01
44  3 0.00000000E+00 0.00000000E+00-8.68937191E-02 8.80092306E-01-6.07368998E-02
44  4-8.19355407E-01 0.00000000E+00 0.00000000E+00 0.00000000E+00 4.18998897E-03
44  5 2.40894172E-01-4.97866543E-01 8.86606624E-02 0.00000000E+00 9.07918852E-02
44  6-2.44789787E-02 0.00000000E+00 4.24909395E-01 6.24298511E-01 1.95790877E-01
44  7-8.20089388E-01 0.00000000E+00 2.41724485E-01 0.00000000E+00 4.18998897E-03
44  8 2.40894172E-01-4.97866543E-01-8.86606624E-02 0.00000000E+00 9.07918852E-02
44  9 2.44789787E-02 0.00000000E+00 4.24909395E-01 6.24298511E-01 1.95790877E-01
44 10-8.20089388E-01 0.00000000E+00-2.41724485E-01 0.00000000E+00
45  1 0.00000000E+00 0.00000000E+00 0.00000000E+00 0.00000000E+00-1.97555550E-01
45  2 0.00000000E+00 0.00000000E+00 2.01962570E+00 0.00000000E+00 0.00000000E+00
45  3 4.27981152E-01 0.00000000E+00 0.00000000E+00 0.00000000E+00 0.00000000E+00
45  4 0.00000000E+00 0.00000000E+00 1.02705348E+00 0.00000000E+00-4.04250650E-02
45  5-3.53945676E-01 2.07751158E+00 3.51302362E-01 0.00000000E+00-2.95325422E-01
45  6 8.09625281E-01 0.00000000E+00-7.08617647E-01 2.36804113E-01-4.32226352E-01
45  7 1.95422239E-01 0.00000000E+00-8.29701733E-01 0.00000000E+00 4.04250650E-02
45  8 3.53945676E-01-2.07751158E+00 3.51302362E-01 0.00000000E+00 2.95325422E-01
45  9 8.09625281E-01 0.00000000E+00 7.08617647E-01-2.36804113E-01 4.32226352E-01
45 10-1.95422239E-01 0.00000000E+00-8.29701733E-01 0.00000000E+00
46  1-7.68423297E-02-5.71082131E-01-1.74482896E+00-1.35343801E+00 0.00000000E+00
46  2 0.00000000E+00 1.33264452E-01 0.00000000E+00 0.00000000E+00-1.52475024E+00
46  3 0.00000000E+00 0.00000000E+00-2.91479943E-01-1.99747636E-01 4.67539991E-01
46  4-2.67792355E-01 0.00000000E+00 0.00000000E+00 0.00000000E+00-4.58175544E-02
46  5-4.22533774E-01 1.85177285E+00 2.71933226E-01 0.00000000E+00-1.87794752E-01
46  6 7.63770521E-01 0.00000000E+00-5.87461115E-01 4.99515833E-01-4.39055594E-01
46  7-6.04602389E-02 0.00000000E+00-7.79220880E-01 0.00000000E+00-4.58175544E-02
46  8-4.22533774E-01 1.85177285E+00-2.71933226E-01 0.00000000E+00-1.87794752E-01
46  9-7.63770521E-01 0.00000000E+00-5.87461115E-01 4.99515833E-01-4.39055594E-01
46 10-6.04602389E-02 0.00000000E+00 7.79220880E-01 0.00000000E+00
 $END   
 POPULATION ANALYSIS
S           15.43094   0.56906  15.30336   0.69664
O            8.28453  -0.28453   8.34832  -0.34832
O            8.28453  -0.28453   8.34832  -0.34832
 MOMENTS AT POINT    1 X,Y,Z=  0.000000  0.000000  0.000000
 DIPOLE       0.000000  0.000000 -1.816465
