 $DATA  
Title                                                                           
CNV      2

S          16.0      0.0000000000      0.0000000000     -0.5450488285
   PC1     0
        
O           8.0      1.5563888841      0.0000000000      0.5447464005
   PC1     0
        
 $END      
 $ZMAT   IZMAT(1)=
         1,   3,   1,
         1,   2,   1,
         2,   2,   1,   3,
 $END
--- CLOSED SHELL ORBITALS --- GENERATED AT Thu Feb 26 00:21:41 2015
Title                                                                           
E(R-PBE)=     -548.1183461867, E(NUC)=   82.1797748672,   29 ITERS
 $VEC   
 1  1 1.00297807E+00-1.02567210E-02 1.80586731E-03-1.05555844E-03 0.00000000E+00
 1  2 0.00000000E+00 5.09734520E-05 0.00000000E+00 0.00000000E+00 7.94362613E-06
 1  3 0.00000000E+00 0.00000000E+00-1.12468851E-04-2.15936038E-05 2.69016765E-05
 1  4-5.30807275E-06 0.00000000E+00 0.00000000E+00 0.00000000E+00-3.69361025E-06
 1  5-3.78880990E-05 1.56765453E-04 5.81828595E-06 0.00000000E+00-1.04975915E-05
 1  6 4.71183685E-05 0.00000000E+00-6.27291022E-06-1.22197598E-05 1.54394413E-05
 1  7-3.21968153E-06 0.00000000E+00 2.65970911E-05 0.00000000E+00-3.69361025E-06
 1  8-3.78880990E-05 1.56765453E-04-5.81828595E-06 0.00000000E+00-1.04975915E-05
 1  9-4.71183685E-05 0.00000000E+00-6.27291022E-06-1.22197598E-05 1.54394413E-05
 1 10-3.21968153E-06 0.00000000E+00-2.65970911E-05 0.00000000E+00
 2  1-8.63037738E-05-1.18804838E-03-2.40773326E-03 6.69972402E-03 0.00000000E+00
 2  2 0.00000000E+00-8.12385605E-05 0.00000000E+00 0.00000000E+00 2.47136182E-04
 2  3 0.00000000E+00 0.00000000E+00 3.23807381E-03 9.73067282E-04-1.08494384E-03
 2  4 1.11876554E-04 0.00000000E+00 0.00000000E+00 0.00000000E+00 7.03241260E-01
 2  5 2.49635881E-02-1.02340005E-02 7.19162121E-04 0.00000000E+00-3.95947320E-04
 2  6-2.39711509E-03 0.00000000E+00 1.06514000E-03-2.51268575E-04 1.85164063E-04
 2  7 6.61045123E-05 0.00000000E+00 2.26831996E-04 0.00000000E+00 7.03241260E-01
 2  8 2.49635881E-02-1.02340005E-02-7.19162121E-04 0.00000000E+00-3.95947320E-04
 2  9 2.39711509E-03 0.00000000E+00 1.06514000E-03-2.51268575E-04 1.85164063E-04
 2 10 6.61045123E-05 0.00000000E+00-2.26831996E-04 0.00000000E+00
 3  1 0.00000000E+00 0.00000000E+00 0.00000000E+00 0.00000000E+00 1.02868355E-04
 3  2 0.00000000E+00 0.00000000E+00-3.75518711E-04 0.00000000E+00 0.00000000E+00
 3  3-3.61866073E-03 0.00000000E+00 0.00000000E+00 0.00000000E+00 0.00000000E+00
 3  4 0.00000000E+00 0.00000000E+00-1.37345499E-03 0.00000000E+00 7.03216203E-01
 3  5 2.46453446E-02-9.50035413E-03 5.68107880E-04 0.00000000E+00-5.12513921E-04
 3  6-1.39236860E-03 0.00000000E+00 1.47894316E-03-7.19627277E-05 1.47357662E-04
 3  7-7.53949344E-05 0.00000000E+00 2.23038504E-04 0.00000000E+00-7.03216203E-01
 3  8-2.46453446E-02 9.50035413E-03 5.68107880E-04 0.00000000E+00 5.12513921E-04
 3  9-1.39236860E-03 0.00000000E+00-1.47894316E-03 7.19627277E-05-1.47357662E-04
 3 10 7.53949344E-05 0.00000000E+00 2.23038504E-04 0.00000000E+00
 4  1-2.74125151E-01 1.03970289E+00 4.06468392E-02-1.33228076E-02 0.00000000E+00
 4  2 0.00000000E+00 6.89881013E-03 0.00000000E+00 0.00000000E+00 3.94474067E-04
 4  3 0.00000000E+00 0.00000000E+00-1.00425438E-03 1.75530898E-05 7.88725414E-05
 4  4-9.64256312E-05 0.00000000E+00 0.00000000E+00 0.00000000E+00-1.13078404E-05
 4  5-1.96531178E-04 1.27594703E-03 4.66141904E-06 0.00000000E+00-5.78029182E-05
 4  6 2.31127704E-04 0.00000000E+00 7.95584308E-05-2.25281829E-04 2.49576291E-04
 4  7-2.42944614E-05 0.00000000E+00 4.16963945E-04 0.00000000E+00-1.13078404E-05
 4  8-1.96531178E-04 1.27594703E-03-4.66141904E-06 0.00000000E+00-5.78029182E-05
 4  9-2.31127704E-04 0.00000000E+00 7.95584308E-05-2.25281829E-04 2.49576291E-04
 4 10-2.42944614E-05 0.00000000E+00-4.16963945E-04 0.00000000E+00
 5  1 0.00000000E+00 0.00000000E+00 0.00000000E+00 0.00000000E+00 9.96888067E-01
 5  2 0.00000000E+00 0.00000000E+00 8.92633031E-03 0.00000000E+00 0.00000000E+00
 5  3-1.10704990E-04 0.00000000E+00 0.00000000E+00 0.00000000E+00 0.00000000E+00
 5  4 0.00000000E+00 0.00000000E+00 3.25587341E-04 0.00000000E+00 1.25584399E-05
 5  5 1.94529856E-05 5.04996850E-05 3.49368436E-05 0.00000000E+00-2.59627766E-05
 5  6-1.19031389E-06 0.00000000E+00-1.50869576E-05-2.71230473E-05 1.87250728E-05
 5  7 8.39797453E-06 0.00000000E+00 2.57836549E-05 0.00000000E+00-1.25584399E-05
 5  8-1.94529856E-05-5.04996850E-05 3.49368436E-05 0.00000000E+00 2.59627766E-05
 5  9-1.19031389E-06 0.00000000E+00 1.50869576E-05 2.71230473E-05-1.87250728E-05
 5 10-8.39797453E-06 0.00000000E+00 2.57836549E-05 0.00000000E+00
 6  1 0.00000000E+00 0.00000000E+00 0.00000000E+00 0.00000000E+00 0.00000000E+00
 6  2 9.96932909E-01 0.00000000E+00 0.00000000E+00 8.81249160E-03 0.00000000E+00
 6  3 0.00000000E+00-1.70874184E-04 0.00000000E+00 0.00000000E+00 0.00000000E+00
 6  4 0.00000000E+00 0.00000000E+00 0.00000000E+00 2.60213765E-04 0.00000000E+00
 6  5 0.00000000E+00 0.00000000E+00 0.00000000E+00 3.48238951E-06 0.00000000E+00
 6  6 0.00000000E+00-4.16476382E-05 0.00000000E+00 0.00000000E+00 0.00000000E+00
 6  7 0.00000000E+00-2.45568752E-05 0.00000000E+00 1.59670152E-05 0.00000000E+00
 6  8 0.00000000E+00 0.00000000E+00 0.00000000E+00 3.48238951E-06 0.00000000E+00
 6  9 0.00000000E+00-4.16476382E-05 0.00000000E+00 0.00000000E+00 0.00000000E+00
 6 10 0.00000000E+00 2.45568752E-05 0.00000000E+00 1.59670152E-05
 7  1 1.84067296E-03-7.25267048E-03-5.23003078E-04 1.59026861E-04 0.00000000E+00
 7  2 0.00000000E+00 9.96921556E-01 0.00000000E+00 0.00000000E+00 8.75574671E-03
 7  3 0.00000000E+00 0.00000000E+00-1.35817731E-04-1.55407857E-04-1.54401138E-04
 7  4 3.09808995E-04 0.00000000E+00 0.00000000E+00 0.00000000E+00-1.23354277E-05
 7  5-5.05716128E-05 2.94185918E-05-2.45418812E-05 0.00000000E+00 2.85248052E-05
 7  6 1.68406143E-05 0.00000000E+00-8.22487092E-05 4.82687131E-06-2.87651032E-05
 7  7 2.39382319E-05 0.00000000E+00-5.91759248E-05 0.00000000E+00-1.23354277E-05
 7  8-5.05716128E-05 2.94185918E-05 2.45418812E-05 0.00000000E+00 2.85248052E-05
 7  9-1.68406143E-05 0.00000000E+00-8.22487092E-05 4.82687131E-06-2.87651032E-05
 7 10 2.39382319E-05 0.00000000E+00 5.91759248E-05 0.00000000E+00
 8  1 3.76260433E-02-1.11374648E-01 2.20991200E-01 1.83425098E-01 0.00000000E+00
 8  2 0.00000000E+00-3.33999113E-02 0.00000000E+00 0.00000000E+00 6.87702678E-02
 8  3 0.00000000E+00 0.00000000E+00 1.46150163E-02 1.84781717E-02-1.77169988E-02
 8  4-7.61172940E-04 0.00000000E+00 0.00000000E+00 0.00000000E+00-1.37641600E-01
 8  5 2.76993071E-01 3.48522381E-01 5.19148624E-02 0.00000000E+00-3.59270812E-02
 8  6 2.81079822E-02 0.00000000E+00-2.06199051E-02 4.93717509E-03-3.18558455E-03
 8  7-1.75159054E-03 0.00000000E+00-9.02440014E-03 0.00000000E+00-1.37641600E-01
 8  8 2.76993071E-01 3.48522381E-01-5.19148624E-02 0.00000000E+00-3.59270812E-02
 8  9-2.81079822E-02 0.00000000E+00-2.06199051E-02 4.93717509E-03-3.18558455E-03
 8 10-1.75159054E-03 0.00000000E+00 9.02440014E-03 0.00000000E+00
 9  1 0.00000000E+00 0.00000000E+00 0.00000000E+00 0.00000000E+00 5.51242269E-02
 9  2 0.00000000E+00 0.00000000E+00-1.13280738E-01 0.00000000E+00 0.00000000E+00
 9  3-3.16522283E-02 0.00000000E+00 0.00000000E+00 0.00000000E+00 0.00000000E+00
 9  4 0.00000000E+00 0.00000000E+00-3.24740884E-02 0.00000000E+00-1.56826200E-01
 9  5 3.18952674E-01 4.06634097E-01 4.03391347E-02 0.00000000E+00-3.21754076E-02
 9  6 2.32566075E-02 0.00000000E+00-1.93802606E-02 3.22064067E-03-1.74217961E-03
 9  7-1.47846106E-03 0.00000000E+00-7.91382566E-03 0.00000000E+00 1.56826200E-01
 9  8-3.18952674E-01-4.06634097E-01 4.03391347E-02 0.00000000E+00 3.21754076E-02
 9  9 2.32566075E-02 0.00000000E+00 1.93802606E-02-3.22064067E-03 1.74217961E-03
 9 10 1.47846106E-03 0.00000000E+00-7.91382566E-03 0.00000000E+00
10  1 7.79704913E-02-2.24268728E-01 4.82653687E-01 4.62866431E-01 0.00000000E+00
10  2 0.00000000E+00 1.77327996E-02 0.00000000E+00 0.00000000E+00-3.54937338E-02
10  3 0.00000000E+00 0.00000000E+00-3.28577783E-02-4.55308207E-03 6.08891581E-03
10  4-1.53583374E-03 0.00000000E+00 0.00000000E+00 0.00000000E+00 8.49657699E-02
10  5-1.78667043E-01-2.55109620E-01 6.19955969E-02 0.00000000E+00-4.48063198E-02
10  6 2.90263676E-02 0.00000000E+00-1.88174789E-02 2.75307003E-03-3.86759912E-03
10  7 1.11452910E-03 0.00000000E+00-3.82294999E-03 0.00000000E+00 8.49657699E-02
10  8-1.78667043E-01-2.55109620E-01-6.19955969E-02 0.00000000E+00-4.48063198E-02
10  9-2.90263676E-02 0.00000000E+00-1.88174789E-02 2.75307003E-03-3.86759912E-03
10 10 1.11452910E-03 0.00000000E+00 3.82294999E-03 0.00000000E+00
11  1 0.00000000E+00 0.00000000E+00 0.00000000E+00 0.00000000E+00-1.90677405E-01
11  2 0.00000000E+00 0.00000000E+00 4.49400293E-01 0.00000000E+00 0.00000000E+00
11  3 1.95496796E-01 0.00000000E+00 0.00000000E+00 0.00000000E+00 0.00000000E+00
11  4 0.00000000E+00 0.00000000E+00 3.55537281E-02 0.00000000E+00-4.39964127E-02
11  5 9.38619311E-02 1.63543451E-01-2.45782636E-01 0.00000000E+00 2.36562173E-01
11  6-1.51711797E-01 0.00000000E+00 1.47519974E-01-3.38624409E-03 7.31398909E-03
11  7-3.92774500E-03 0.00000000E+00 1.20089908E-02 0.00000000E+00 4.39964127E-02
11  8-9.38619311E-02-1.63543451E-01-2.45782636E-01 0.00000000E+00-2.36562173E-01
11  9-1.51711797E-01 0.00000000E+00-1.47519974E-01 3.38624409E-03-7.31398909E-03
11 10 3.92774500E-03 0.00000000E+00 1.20089908E-02 0.00000000E+00
12  1-1.07674994E-02 4.60743444E-02-4.89320254E-02-1.89151245E-01 0.00000000E+00
12  2 0.00000000E+00-2.13150056E-01 0.00000000E+00 0.00000000E+00 5.02930233E-01
12  3 0.00000000E+00 0.00000000E+00 2.81576572E-01 4.33350127E-03-1.97896725E-02
12  4 1.54561712E-02 0.00000000E+00 0.00000000E+00 0.00000000E+00 2.57224253E-02
12  5-5.54781387E-02-9.87069763E-02 2.94224153E-01 0.00000000E+00-3.39080640E-02
12  6 1.90103492E-01 0.00000000E+00-2.33447185E-02 1.16710552E-02-5.66113009E-03
12  7-6.00992514E-03 0.00000000E+00-5.44273919E-03 0.00000000E+00 2.57224253E-02
12  8-5.54781387E-02-9.87069763E-02-2.94224153E-01 0.00000000E+00-3.39080640E-02
12  9-1.90103492E-01 0.00000000E+00-2.33447185E-02 1.16710552E-02-5.66113009E-03
12 10-6.00992514E-03 0.00000000E+00 5.44273919E-03 0.00000000E+00
13  1 0.00000000E+00 0.00000000E+00 0.00000000E+00 0.00000000E+00 0.00000000E+00
13  2-2.18282154E-01 0.00000000E+00 0.00000000E+00 5.16053696E-01 0.00000000E+00
13  3 0.00000000E+00 3.54812370E-01 0.00000000E+00 0.00000000E+00 0.00000000E+00
13  4 0.00000000E+00 0.00000000E+00 0.00000000E+00 2.13906062E-02 0.00000000E+00
13  5 0.00000000E+00 0.00000000E+00 0.00000000E+00 2.70455716E-01 0.00000000E+00
13  6 0.00000000E+00 1.70928035E-01 0.00000000E+00 0.00000000E+00 0.00000000E+00
13  7 0.00000000E+00 9.69640571E-03 0.00000000E+00-6.93904429E-03 0.00000000E+00
13  8 0.00000000E+00 0.00000000E+00 0.00000000E+00 2.70455716E-01 0.00000000E+00
13  9 0.00000000E+00 1.70928035E-01 0.00000000E+00 0.00000000E+00 0.00000000E+00
13 10 0.00000000E+00-9.69640571E-03 0.00000000E+00-6.93904429E-03
14  1 0.00000000E+00 0.00000000E+00 0.00000000E+00 0.00000000E+00 0.00000000E+00
14  2 0.00000000E+00 0.00000000E+00 0.00000000E+00 0.00000000E+00 0.00000000E+00
14  3 0.00000000E+00 0.00000000E+00 0.00000000E+00 0.00000000E+00 0.00000000E+00
14  4 0.00000000E+00-5.72529628E-02 0.00000000E+00 0.00000000E+00 0.00000000E+00
14  5 0.00000000E+00 0.00000000E+00 0.00000000E+00 4.79374660E-01 0.00000000E+00
14  6 0.00000000E+00 3.36136430E-01 0.00000000E+00 0.00000000E+00 0.00000000E+00
14  7 0.00000000E+00 8.25913490E-03 0.00000000E+00-6.78051289E-03 0.00000000E+00
14  8 0.00000000E+00 0.00000000E+00 0.00000000E+00-4.79374660E-01 0.00000000E+00
14  9 0.00000000E+00-3.36136430E-01 0.00000000E+00 0.00000000E+00 0.00000000E+00
14 10 0.00000000E+00 8.25913490E-03 0.00000000E+00 6.78051289E-03
15  1 1.14364482E-02-4.28758040E-02 6.15455292E-02 1.79363175E-01 0.00000000E+00
15  2 0.00000000E+00 2.91858967E-02 0.00000000E+00 0.00000000E+00-7.41047801E-02
15  3 0.00000000E+00 0.00000000E+00 1.17796875E-02-7.72204149E-02 2.54914298E-02
15  4 5.17289852E-02 0.00000000E+00 0.00000000E+00 0.00000000E+00-1.22924634E-03
15  5 7.49777475E-03-1.74844040E-02 6.94658641E-02 0.00000000E+00 4.65633184E-01
15  6 4.44836164E-02 0.00000000E+00 3.37301157E-01 5.46153932E-03 2.90014409E-03
15  7-8.36168341E-03 0.00000000E+00 7.48148663E-03 0.00000000E+00-1.22924634E-03
15  8 7.49777475E-03-1.74844040E-02-6.94658641E-02 0.00000000E+00 4.65633184E-01
15  9-4.44836164E-02 0.00000000E+00 3.37301157E-01 5.46153932E-03 2.90014409E-03
15 10-8.36168341E-03 0.00000000E+00-7.48148663E-03 0.00000000E+00
16  1 0.00000000E+00 0.00000000E+00 0.00000000E+00 0.00000000E+00-1.99482191E-02
16  2 0.00000000E+00 0.00000000E+00 4.10928639E-02 0.00000000E+00 0.00000000E+00
16  3 1.19106134E-01 0.00000000E+00 0.00000000E+00 0.00000000E+00 0.00000000E+00
16  4 0.00000000E+00 0.00000000E+00-5.15742330E-02 0.00000000E+00-2.90375797E-03
16  5 1.87083001E-03 3.81172960E-02 3.71413119E-01 0.00000000E+00 3.05014061E-01
16  6 2.63812819E-01 0.00000000E+00 1.99682502E-01 8.95225804E-03-8.52643029E-04
16  7-8.09961501E-03 0.00000000E+00-2.76847071E-04 0.00000000E+00 2.90375797E-03
16  8-1.87083001E-03-3.81172960E-02 3.71413119E-01 0.00000000E+00-3.05014061E-01
16  9 2.63812819E-01 0.00000000E+00-1.99682502E-01-8.95225804E-03 8.52643029E-04
16 10 8.09961501E-03 0.00000000E+00-2.76847071E-04 0.00000000E+00
17  1 0.00000000E+00 0.00000000E+00 0.00000000E+00 0.00000000E+00 0.00000000E+00
17  2-1.88028055E-01 0.00000000E+00 0.00000000E+00 4.65512868E-01 0.00000000E+00
17  3 0.00000000E+00 3.27608362E-01 0.00000000E+00 0.00000000E+00 0.00000000E+00
17  4 0.00000000E+00 0.00000000E+00 0.00000000E+00-3.55853439E-02 0.00000000E+00
17  5 0.00000000E+00 0.00000000E+00 0.00000000E+00-4.06612364E-01 0.00000000E+00
17  6 0.00000000E+00-2.94872496E-01 0.00000000E+00 0.00000000E+00 0.00000000E+00
17  7 0.00000000E+00-1.41207834E-03 0.00000000E+00 1.07703592E-03 0.00000000E+00
17  8 0.00000000E+00 0.00000000E+00 0.00000000E+00-4.06612364E-01 0.00000000E+00
17  9 0.00000000E+00-2.94872496E-01 0.00000000E+00 0.00000000E+00 0.00000000E+00
17 10 0.00000000E+00 1.41207834E-03 0.00000000E+00 1.07703592E-03
18  1 2.63385263E-02-6.58285953E-02 1.88947959E-01 2.78708775E-01 0.00000000E+00
18  2 0.00000000E+00-1.96597985E-01 0.00000000E+00 0.00000000E+00 4.95856106E-01
18  3 0.00000000E+00 0.00000000E+00 4.82141826E-01-5.24782786E-02 7.75754889E-02
18  4-2.50972103E-02 0.00000000E+00 0.00000000E+00 0.00000000E+00 2.70312819E-02
18  5-5.22866295E-02-1.76591403E-01-3.93857332E-01 0.00000000E+00 6.97904520E-02
18  6-3.24964975E-01 0.00000000E+00 5.99813661E-02 2.92764029E-03 2.72233854E-04
18  7-3.19987415E-03 0.00000000E+00 1.02342580E-03 0.00000000E+00 2.70312819E-02
18  8-5.22866295E-02-1.76591403E-01 3.93857332E-01 0.00000000E+00 6.97904520E-02
18  9 3.24964975E-01 0.00000000E+00 5.99813661E-02 2.92764029E-03 2.72233854E-04
18 10-3.19987415E-03 0.00000000E+00-1.02342580E-03 0.00000000E+00
19  1 0.00000000E+00 0.00000000E+00 0.00000000E+00 0.00000000E+00-2.21713783E-01
19  2 0.00000000E+00 0.00000000E+00 5.57609331E-01 0.00000000E+00 0.00000000E+00
19  3 6.05747263E-01 0.00000000E+00 0.00000000E+00 0.00000000E+00 0.00000000E+00
19  4 0.00000000E+00 0.00000000E+00-1.18302479E-01 0.00000000E+00-3.06601837E-02
19  5 5.46835564E-02 2.29119933E-01 1.79314527E-01 0.00000000E+00-3.16124473E-01
19  6 1.71132761E-01 0.00000000E+00-2.63351189E-01 2.70621126E-03 7.81813417E-04
19  7-3.48802467E-03 0.00000000E+00 1.02032156E-03 0.00000000E+00 3.06601837E-02
19  8-5.46835564E-02-2.29119933E-01 1.79314527E-01 0.00000000E+00 3.16124473E-01
19  9 1.71132761E-01 0.00000000E+00 2.63351189E-01-2.70621126E-03-7.81813417E-04
19 10 3.48802467E-03 0.00000000E+00 1.02032156E-03 0.00000000E+00
20  1 0.00000000E+00 0.00000000E+00 0.00000000E+00 0.00000000E+00 2.65310466E-01
20  2 0.00000000E+00 0.00000000E+00-1.03400799E+00 0.00000000E+00 0.00000000E+00
20  3 1.40066634E+00 0.00000000E+00 0.00000000E+00 0.00000000E+00 0.00000000E+00
20  4 0.00000000E+00 0.00000000E+00-2.18721136E-01 0.00000000E+00-1.30677520E-02
20  5-3.35937634E-02 3.90908193E-01-2.07589233E-01 0.00000000E+00 3.14489159E-02
20  6 1.50605298E-01 0.00000000E+00-1.63585954E-01 2.61442997E-02-2.14014443E-02
20  7-4.74285545E-03 0.00000000E+00-3.53356609E-02 0.00000000E+00 1.30677520E-02
20  8 3.35937634E-02-3.90908193E-01-2.07589233E-01 0.00000000E+00-3.14489159E-02
20  9 1.50605298E-01 0.00000000E+00 1.63585954E-01-2.61442997E-02 2.14014443E-02
20 10 4.74285545E-03 0.00000000E+00-3.53356609E-02 0.00000000E+00
21  1 1.52858490E-02-4.84254630E-03 1.59806128E-01 5.70040263E-02 0.00000000E+00
21  2 0.00000000E+00 2.80342114E-01 0.00000000E+00 0.00000000E+00-1.08855918E+00
21  3 0.00000000E+00 0.00000000E+00 1.32506281E+00-1.85891912E-02 1.63490453E-01
21  4-1.44901261E-01 0.00000000E+00 0.00000000E+00 0.00000000E+00 1.15111612E-02
21  5 1.32723607E-02-2.68505695E-01 5.97482224E-02 0.00000000E+00-1.22227115E-01
21  6-1.92650619E-01 0.00000000E+00 2.99368221E-02-1.65782291E-02 1.48829847E-02
21  7 1.69524436E-03 0.00000000E+00 1.87921154E-02 0.00000000E+00 1.15111612E-02
21  8 1.32723607E-02-2.68505695E-01-5.97482224E-02 0.00000000E+00-1.22227115E-01
21  9 1.92650619E-01 0.00000000E+00 2.99368221E-02-1.65782291E-02 1.48829847E-02
21 10 1.69524436E-03 0.00000000E+00-1.87921154E-02 0.00000000E+00
22  1 0.00000000E+00 0.00000000E+00 0.00000000E+00 0.00000000E+00 0.00000000E+00
22  2 2.97597741E-01 0.00000000E+00 0.00000000E+00-1.14698169E+00 0.00000000E+00
22  3 0.00000000E+00 1.21137279E+00 0.00000000E+00 0.00000000E+00 0.00000000E+00
22  4 0.00000000E+00 0.00000000E+00 0.00000000E+00-1.22539336E-01 0.00000000E+00
22  5 0.00000000E+00 0.00000000E+00 0.00000000E+00-9.20918017E-02 0.00000000E+00
22  6 0.00000000E+00-7.39274000E-02 0.00000000E+00 0.00000000E+00 0.00000000E+00
22  7 0.00000000E+00-4.55966147E-03 0.00000000E+00 1.90769410E-03 0.00000000E+00
22  8 0.00000000E+00 0.00000000E+00 0.00000000E+00-9.20918017E-02 0.00000000E+00
22  9 0.00000000E+00-7.39274000E-02 0.00000000E+00 0.00000000E+00 0.00000000E+00
22 10 0.00000000E+00 4.55966147E-03 0.00000000E+00 1.90769410E-03
23  1-9.95206717E-02-3.67289346E-01-1.54894941E+00 1.85467603E+00 0.00000000E+00
23  2 0.00000000E+00-8.71029148E-03 0.00000000E+00 0.00000000E+00 1.67930644E-02
23  3 0.00000000E+00 0.00000000E+00 1.78910524E-01-4.44734535E-01 3.89124147E-01
23  4 5.56103882E-02 0.00000000E+00 0.00000000E+00 0.00000000E+00 1.64808649E-02
23  5-3.55049441E-02-2.04192474E-01-1.24456381E-03 0.00000000E+00-1.40415301E-01
23  6-1.36408442E-01 0.00000000E+00 1.54040837E-01-8.40487612E-03 2.42539413E-02
23  7-1.58490652E-02 0.00000000E+00 3.90776671E-02 0.00000000E+00 1.64808649E-02
23  8-3.55049441E-02-2.04192474E-01 1.24456381E-03 0.00000000E+00-1.40415301E-01
23  9 1.36408442E-01 0.00000000E+00 1.54040837E-01-8.40487612E-03 2.42539413E-02
23 10-1.58490652E-02 0.00000000E+00-3.90776671E-02 0.00000000E+00
24  1 0.00000000E+00 0.00000000E+00 0.00000000E+00 0.00000000E+00 0.00000000E+00
24  2 0.00000000E+00 0.00000000E+00 0.00000000E+00 0.00000000E+00 0.00000000E+00
24  3 0.00000000E+00 0.00000000E+00 0.00000000E+00 0.00000000E+00 0.00000000E+00
24  4 0.00000000E+00 8.88153818E-01 0.00000000E+00 0.00000000E+00 0.00000000E+00
24  5 0.00000000E+00 0.00000000E+00 0.00000000E+00 2.84799070E-01 0.00000000E+00
24  6 0.00000000E+00-1.94605601E-01 0.00000000E+00 0.00000000E+00 0.00000000E+00
24  7 0.00000000E+00-3.22076263E-02 0.00000000E+00 2.95250451E-02 0.00000000E+00
24  8 0.00000000E+00 0.00000000E+00 0.00000000E+00-2.84799070E-01 0.00000000E+00
24  9 0.00000000E+00 1.94605601E-01 0.00000000E+00 0.00000000E+00 0.00000000E+00
24 10 0.00000000E+00-3.22076263E-02 0.00000000E+00-2.95250451E-02
25  1 2.02149361E-02 7.82181192E-02 3.19518305E-01-3.96509082E-01 0.00000000E+00
25  2 0.00000000E+00 3.21308563E-02 0.00000000E+00 0.00000000E+00-1.11603338E-01
25  3 0.00000000E+00 0.00000000E+00 1.45444631E-04-4.49400350E-01-4.15787116E-01
25  4 8.65187467E-01 0.00000000E+00 0.00000000E+00 0.00000000E+00-6.83538547E-03
25  5 2.59695840E-02 3.59271291E-02-1.62933339E-01 0.00000000E+00-2.41780330E-01
25  6 1.60385663E-01 0.00000000E+00 1.30456534E-01 3.63203093E-02-6.23358623E-03
25  7-3.00867231E-02 0.00000000E+00 1.50983381E-02 0.00000000E+00-6.83538547E-03
25  8 2.59695840E-02 3.59271291E-02 1.62933339E-01 0.00000000E+00-2.41780330E-01
25  9-1.60385663E-01 0.00000000E+00 1.30456534E-01 3.63203093E-02-6.23358623E-03
25 10-3.00867231E-02 0.00000000E+00-1.50983381E-02 0.00000000E+00
26  1 0.00000000E+00 0.00000000E+00 0.00000000E+00 0.00000000E+00 0.00000000E+00
26  2 2.87780993E-02 0.00000000E+00 0.00000000E+00-1.04284541E-01 0.00000000E+00
26  3 0.00000000E+00 5.04090909E-02 0.00000000E+00 0.00000000E+00 0.00000000E+00
26  4 0.00000000E+00 0.00000000E+00 0.00000000E+00 9.26993249E-01 0.00000000E+00
26  5 0.00000000E+00 0.00000000E+00 0.00000000E+00-2.27593035E-01 0.00000000E+00
26  6 0.00000000E+00 1.59700776E-01 0.00000000E+00 0.00000000E+00 0.00000000E+00
26  7 0.00000000E+00 3.05718723E-02 0.00000000E+00-1.09134950E-02 0.00000000E+00
26  8 0.00000000E+00 0.00000000E+00 0.00000000E+00-2.27593035E-01 0.00000000E+00
26  9 0.00000000E+00 1.59700776E-01 0.00000000E+00 0.00000000E+00 0.00000000E+00
26 10 0.00000000E+00-3.05718723E-02 0.00000000E+00-1.09134950E-02
27  1-6.04656684E-02-2.75962208E-01-1.01161941E+00 1.40476309E+00 0.00000000E+00
27  2 0.00000000E+00 3.91036153E-02 0.00000000E+00 0.00000000E+00-1.92081627E-01
27  3 0.00000000E+00 0.00000000E+00 5.41566580E-01 6.60970633E-01-7.84306691E-01
27  4 1.23336058E-01 0.00000000E+00 0.00000000E+00 0.00000000E+00 4.92486890E-02
27  5-2.78859342E-01-1.19161099E-01-3.43892190E-02 0.00000000E+00 5.18664477E-02
27  6-2.89654113E-01 0.00000000E+00 1.31164942E-01-4.45503171E-03-1.06051322E-02
27  7 1.50601639E-02 0.00000000E+00-6.98270614E-03 0.00000000E+00 4.92486890E-02
27  8-2.78859342E-01-1.19161099E-01 3.43892190E-02 0.00000000E+00 5.18664477E-02
27  9 2.89654113E-01 0.00000000E+00 1.31164942E-01-4.45503171E-03-1.06051322E-02
27 10 1.50601639E-02 0.00000000E+00 6.98270614E-03 0.00000000E+00
28  1 0.00000000E+00 0.00000000E+00 0.00000000E+00 0.00000000E+00 6.30227451E-02
28  2 0.00000000E+00 0.00000000E+00-2.91942272E-01 0.00000000E+00 0.00000000E+00
28  3 7.23953840E-01 0.00000000E+00 0.00000000E+00 0.00000000E+00 0.00000000E+00
28  4 0.00000000E+00 0.00000000E+00 9.56316537E-01 0.00000000E+00-4.82034018E-02
28  5 2.77581285E-01 8.74986442E-02 6.31347122E-02 0.00000000E+00-2.05487280E-02
28  6 2.11447979E-01 0.00000000E+00-2.06677466E-01-3.19263234E-02 1.61247780E-02
28  7 1.58015454E-02 0.00000000E+00 2.84851002E-02 0.00000000E+00 4.82034018E-02
28  8-2.77581285E-01-8.74986442E-02 6.31347122E-02 0.00000000E+00 2.05487280E-02
28  9 2.11447979E-01 0.00000000E+00 2.06677466E-01 3.19263234E-02-1.61247780E-02
28 10-1.58015454E-02 0.00000000E+00 2.84851002E-02 0.00000000E+00
29  1-1.31881092E-02 1.41127327E-02-1.34378939E-01-2.98557190E-01 0.00000000E+00
29  2 0.00000000E+00 3.78598540E-02 0.00000000E+00 0.00000000E+00-1.60772329E-01
29  3 0.00000000E+00 0.00000000E+00-2.63792234E-01 2.32146701E-01 8.86294158E-02
29  4-3.20776117E-01 0.00000000E+00 0.00000000E+00 0.00000000E+00-1.95639285E-02
29  5 1.72325606E-01-4.18263433E-02-5.90238766E-01 0.00000000E+00-4.38491214E-02
29  6 8.23590215E-01 0.00000000E+00 3.10318546E-02-3.51273098E-02 8.70630661E-03
29  7 2.64210031E-02 0.00000000E+00 5.66744128E-03 0.00000000E+00-1.95639285E-02
29  8 1.72325606E-01-4.18263433E-02 5.90238766E-01 0.00000000E+00-4.38491214E-02
29  9-8.23590215E-01 0.00000000E+00 3.10318546E-02-3.51273098E-02 8.70630661E-03
29 10 2.64210031E-02 0.00000000E+00-5.66744128E-03 0.00000000E+00
30  1 0.00000000E+00 0.00000000E+00 0.00000000E+00 0.00000000E+00 0.00000000E+00
30  2 0.00000000E+00 0.00000000E+00 0.00000000E+00 0.00000000E+00 0.00000000E+00
30  3 0.00000000E+00 0.00000000E+00 0.00000000E+00 0.00000000E+00 0.00000000E+00
30  4 0.00000000E+00 4.73537819E-01 0.00000000E+00 0.00000000E+00 0.00000000E+00
30  5 0.00000000E+00 0.00000000E+00 0.00000000E+00-5.78683569E-01 0.00000000E+00
30  6 0.00000000E+00 7.24300633E-01 0.00000000E+00 0.00000000E+00 0.00000000E+00
30  7 0.00000000E+00-2.63862860E-02 0.00000000E+00 2.18257920E-02 0.00000000E+00
30  8 0.00000000E+00 0.00000000E+00 0.00000000E+00 5.78683569E-01 0.00000000E+00
30  9 0.00000000E+00-7.24300633E-01 0.00000000E+00 0.00000000E+00 0.00000000E+00
30 10 0.00000000E+00-2.63862860E-02 0.00000000E+00-2.18257920E-02
31  1 0.00000000E+00 0.00000000E+00 0.00000000E+00 0.00000000E+00 3.94001686E-02
31  2 0.00000000E+00 0.00000000E+00-1.66636850E-01 0.00000000E+00 0.00000000E+00
31  3-2.68168669E-01 0.00000000E+00 0.00000000E+00 0.00000000E+00 0.00000000E+00
31  4 0.00000000E+00 0.00000000E+00 6.41004403E-02 0.00000000E+00 1.55995553E-02
31  5-1.41188437E-01 3.02188873E-02-3.04816157E-02 0.00000000E+00-6.28381972E-01
31  6-1.33548825E-02 0.00000000E+00 8.14893569E-01-4.71117799E-03-4.66942733E-03
31  7 9.38060532E-03 0.00000000E+00-1.27288382E-02 0.00000000E+00-1.55995553E-02
31  8 1.41188437E-01-3.02188873E-02-3.04816157E-02 0.00000000E+00 6.28381972E-01
31  9-1.33548825E-02 0.00000000E+00-8.14893569E-01 4.71117799E-03 4.66942733E-03
31 10-9.38060532E-03 0.00000000E+00-1.27288382E-02 0.00000000E+00
32  1 0.00000000E+00 0.00000000E+00 0.00000000E+00 0.00000000E+00 0.00000000E+00
32  2-3.37929124E-02 0.00000000E+00 0.00000000E+00 1.76781150E-01 0.00000000E+00
32  3 0.00000000E+00-4.99739402E-01 0.00000000E+00 0.00000000E+00 0.00000000E+00
32  4 0.00000000E+00 0.00000000E+00 0.00000000E+00-3.65036478E-01 0.00000000E+00
32  5 0.00000000E+00 0.00000000E+00 0.00000000E+00-5.94285084E-01 0.00000000E+00
32  6 0.00000000E+00 8.05727869E-01 0.00000000E+00 0.00000000E+00 0.00000000E+00
32  7 0.00000000E+00-2.98279239E-02 0.00000000E+00 1.63240405E-02 0.00000000E+00
32  8 0.00000000E+00 0.00000000E+00 0.00000000E+00-5.94285084E-01 0.00000000E+00
32  9 0.00000000E+00 8.05727869E-01 0.00000000E+00 0.00000000E+00 0.00000000E+00
32 10 0.00000000E+00 2.98279239E-02 0.00000000E+00 1.63240405E-02
33  1 1.76290120E-02 2.80770797E-02 2.36493561E-01 6.66663252E-02 0.00000000E+00
33  2 0.00000000E+00-6.76100204E-02 0.00000000E+00 0.00000000E+00 3.31241384E-01
33  3 0.00000000E+00 0.00000000E+00-3.55224100E-01 3.30096452E-01 1.78808473E-02
33  4-3.47977299E-01 0.00000000E+00 0.00000000E+00 0.00000000E+00 8.62492877E-03
33  5-9.63753710E-02 1.11643795E-01 8.62069620E-02 0.00000000E+00-5.71271821E-01
33  6-1.12802564E-01 0.00000000E+00 7.78163539E-01-8.57991887E-03-2.09779505E-02
33  7 2.95578694E-02 0.00000000E+00-4.74569272E-02 0.00000000E+00 8.62492877E-03
33  8-9.63753710E-02 1.11643795E-01-8.62069620E-02 0.00000000E+00-5.71271821E-01
33  9 1.12802564E-01 0.00000000E+00 7.78163539E-01-8.57991887E-03-2.09779505E-02
33 10 2.95578694E-02 0.00000000E+00 4.74569272E-02 0.00000000E+00
34  1 0.00000000E+00 0.00000000E+00 0.00000000E+00 0.00000000E+00-9.60337633E-02
34  2 0.00000000E+00 0.00000000E+00 4.65521986E-01 0.00000000E+00 0.00000000E+00
34  3-3.04378498E-01 0.00000000E+00 0.00000000E+00 0.00000000E+00 0.00000000E+00
34  4 0.00000000E+00 0.00000000E+00 6.61336648E-02 0.00000000E+00-1.08835598E-02
34  5 1.52054910E-01-1.82860213E-01-6.13784385E-01 0.00000000E+00 8.72926029E-03
34  6 7.99950914E-01 0.00000000E+00-1.37276918E-02-2.95140339E-02 2.46953197E-02
34  7 4.81871416E-03 0.00000000E+00 2.92258818E-02 0.00000000E+00 1.08835598E-02
34  8-1.52054910E-01 1.82860213E-01-6.13784385E-01 0.00000000E+00-8.72926029E-03
34  9 7.99950914E-01 0.00000000E+00 1.37276918E-02 2.95140339E-02-2.46953197E-02
34 10-4.81871416E-03 0.00000000E+00 2.92258818E-02 0.00000000E+00
35  1 0.00000000E+00 0.00000000E+00 0.00000000E+00 0.00000000E+00-1.79345374E-02
35  2 0.00000000E+00 0.00000000E+00 3.00708275E-02 0.00000000E+00 0.00000000E+00
35  3 8.66196392E-01 0.00000000E+00 0.00000000E+00 0.00000000E+00 0.00000000E+00
35  4 0.00000000E+00 0.00000000E+00 4.40028177E-01 0.00000000E+00 1.89670470E-02
35  5-1.10815638E+00 1.44243605E+00-8.20462567E-02 0.00000000E+00 1.09412641E-01
35  6 3.44453598E-01 0.00000000E+00-3.89415112E-01-6.71468577E-02 9.14268541E-02
35  7-2.42799964E-02 0.00000000E+00 1.58210444E-01 0.00000000E+00-1.89670470E-02
35  8 1.10815638E+00-1.44243605E+00-8.20462567E-02 0.00000000E+00-1.09412641E-01
35  9 3.44453598E-01 0.00000000E+00 3.89415112E-01 6.71468577E-02-9.14268541E-02
35 10 2.42799964E-02 0.00000000E+00 1.58210444E-01 0.00000000E+00
36  1-3.20717123E-02-2.95842170E-01-7.21984732E-01 1.60379506E+00 0.00000000E+00
36  2 0.00000000E+00-9.01552557E-03 0.00000000E+00 0.00000000E+00-1.37873648E-03
36  3 0.00000000E+00 0.00000000E+00 7.34880625E-01 2.81929894E-01-3.16907327E-01
36  4 3.49774327E-02 0.00000000E+00 0.00000000E+00 0.00000000E+00-1.24073140E-02
36  5 1.11001640E+00-1.52325711E+00 1.30257235E-01 0.00000000E+00-3.80222588E-02
36  6-5.64071904E-01 0.00000000E+00 2.25639181E-01 1.53444044E-01-1.08632545E-01
36  7-4.48114987E-02 0.00000000E+00-1.44346894E-01 0.00000000E+00-1.24073140E-02
36  8 1.11001640E+00-1.52325711E+00-1.30257235E-01 0.00000000E+00-3.80222588E-02
36  9 5.64071904E-01 0.00000000E+00 2.25639181E-01 1.53444044E-01-1.08632545E-01
36 10-4.48114987E-02 0.00000000E+00 1.44346894E-01 0.00000000E+00
37  1 0.00000000E+00 0.00000000E+00 0.00000000E+00 0.00000000E+00 7.02734667E-04
37  2 0.00000000E+00 0.00000000E+00 2.09865266E-02 0.00000000E+00 0.00000000E+00
37  3-1.59344145E-01 0.00000000E+00 0.00000000E+00 0.00000000E+00 0.00000000E+00
37  4 0.00000000E+00 0.00000000E+00 2.64638544E-02 0.00000000E+00 2.58099063E-04
37  5 6.71535962E-02-1.16199781E-01-1.07454247E-02 0.00000000E+00-2.61231060E-02
37  6-4.83542290E-03 0.00000000E+00 5.74308424E-02 6.21865140E-01-2.13570426E-01
37  7-4.08294714E-01 0.00000000E+00 3.19856546E-01 0.00000000E+00-2.58099063E-04
37  8-6.71535962E-02 1.16199781E-01-1.07454247E-02 0.00000000E+00 2.61231060E-02
37  9-4.83542290E-03 0.00000000E+00-5.74308424E-02-6.21865140E-01 2.13570426E-01
37 10 4.08294714E-01 0.00000000E+00 3.19856546E-01 0.00000000E+00
38  1 0.00000000E+00 0.00000000E+00 0.00000000E+00 0.00000000E+00 0.00000000E+00
38  2 0.00000000E+00 0.00000000E+00 0.00000000E+00 0.00000000E+00 0.00000000E+00
38  3 0.00000000E+00 0.00000000E+00 0.00000000E+00 0.00000000E+00 0.00000000E+00
38  4 0.00000000E+00 8.74641897E-02 0.00000000E+00 0.00000000E+00 0.00000000E+00
38  5 0.00000000E+00 0.00000000E+00 0.00000000E+00-1.33165561E-02 0.00000000E+00
38  6 0.00000000E+00 1.85785035E-02 0.00000000E+00 0.00000000E+00 0.00000000E+00
38  7 0.00000000E+00 6.74224744E-01 0.00000000E+00 2.13636999E-01 0.00000000E+00
38  8 0.00000000E+00 0.00000000E+00 0.00000000E+00 1.33165561E-02 0.00000000E+00
38  9 0.00000000E+00-1.85785035E-02 0.00000000E+00 0.00000000E+00 0.00000000E+00
38 10 0.00000000E+00 6.74224744E-01 0.00000000E+00-2.13636999E-01
39  1 0.00000000E+00 0.00000000E+00 0.00000000E+00 0.00000000E+00 0.00000000E+00
39  2-1.06108146E-03 0.00000000E+00 0.00000000E+00-5.93546389E-03 0.00000000E+00
39  3 0.00000000E+00 4.18907536E-02 0.00000000E+00 0.00000000E+00 0.00000000E+00
39  4 0.00000000E+00 0.00000000E+00 0.00000000E+00 1.37522264E-02 0.00000000E+00
39  5 0.00000000E+00 0.00000000E+00 0.00000000E+00 1.04228813E-02 0.00000000E+00
39  6 0.00000000E+00-1.84547811E-02 0.00000000E+00 0.00000000E+00 0.00000000E+00
39  7 0.00000000E+00 2.19722272E-01 0.00000000E+00 6.72403294E-01 0.00000000E+00
39  8 0.00000000E+00 0.00000000E+00 0.00000000E+00 1.04228813E-02 0.00000000E+00
39  9 0.00000000E+00-1.84547811E-02 0.00000000E+00 0.00000000E+00 0.00000000E+00
39 10 0.00000000E+00-2.19722272E-01 0.00000000E+00 6.72403294E-01
40  1 0.00000000E+00 0.00000000E+00 0.00000000E+00 0.00000000E+00 5.95276117E-03
40  2 0.00000000E+00 0.00000000E+00-1.30074400E-02 0.00000000E+00 0.00000000E+00
40  3-6.78784630E-02 0.00000000E+00 0.00000000E+00 0.00000000E+00 0.00000000E+00
40  4 0.00000000E+00 0.00000000E+00-2.73751915E-03 0.00000000E+00 6.90955481E-04
40  5 4.28357348E-02-7.05246997E-02 5.45767405E-03 0.00000000E+00-1.20711452E-02
40  6-2.26474538E-02 0.00000000E+00 2.92410189E-02-1.34003661E-02 5.91342793E-01
40  7-5.77942427E-01 0.00000000E+00-2.09936960E-01 0.00000000E+00-6.90955481E-04
40  8-4.28357348E-02 7.05246997E-02 5.45767405E-03 0.00000000E+00 1.20711452E-02
40  9-2.26474538E-02 0.00000000E+00-2.92410189E-02 1.34003661E-02-5.91342793E-01
40 10 5.77942427E-01 0.00000000E+00-2.09936960E-01 0.00000000E+00
41  1-3.53580374E-04-3.63389427E-03-8.51652006E-03 1.84137868E-02 0.00000000E+00
41  2 0.00000000E+00-3.66296169E-04 0.00000000E+00 0.00000000E+00 1.13377004E-03
41  3 0.00000000E+00 0.00000000E+00 4.98972460E-03 1.56392948E-02-2.90776005E-02
41  4 1.34383056E-02 0.00000000E+00 0.00000000E+00 0.00000000E+00 8.49428042E-04
41  5 7.41141433E-03-1.60976415E-02-2.56220802E-03 0.00000000E+00-1.56982363E-03
41  6-2.59778882E-03 0.00000000E+00 5.50196435E-03-1.94525761E-01 6.13006932E-01
41  7-4.18481171E-01 0.00000000E+00-3.27727624E-01 0.00000000E+00 8.49428042E-04
41  8 7.41141433E-03-1.60976415E-02 2.56220802E-03 0.00000000E+00-1.56982363E-03
41  9 2.59778882E-03 0.00000000E+00 5.50196435E-03-1.94525761E-01 6.13006932E-01
41 10-4.18481171E-01 0.00000000E+00 3.27727624E-01 0.00000000E+00
42  1 0.00000000E+00 0.00000000E+00 0.00000000E+00 0.00000000E+00 0.00000000E+00
42  2 0.00000000E+00 0.00000000E+00 0.00000000E+00 0.00000000E+00 0.00000000E+00
42  3 0.00000000E+00 0.00000000E+00 0.00000000E+00 0.00000000E+00 0.00000000E+00
42  4 0.00000000E+00-1.41364277E-01 0.00000000E+00 0.00000000E+00 0.00000000E+00
42  5 0.00000000E+00 0.00000000E+00 0.00000000E+00 1.82499105E-02 0.00000000E+00
42  6 0.00000000E+00-2.62392330E-02 0.00000000E+00 0.00000000E+00 0.00000000E+00
42  7 0.00000000E+00-2.13999836E-01 0.00000000E+00 6.74145737E-01 0.00000000E+00
42  8 0.00000000E+00 0.00000000E+00 0.00000000E+00-1.82499105E-02 0.00000000E+00
42  9 0.00000000E+00 2.62392330E-02 0.00000000E+00 0.00000000E+00 0.00000000E+00
42 10 0.00000000E+00-2.13999836E-01 0.00000000E+00-6.74145737E-01
43  1 0.00000000E+00 0.00000000E+00 0.00000000E+00 0.00000000E+00 0.00000000E+00
43  2 3.10559516E-03 0.00000000E+00 0.00000000E+00 2.18540753E-02 0.00000000E+00
43  3 0.00000000E+00-1.44718508E-01 0.00000000E+00 0.00000000E+00 0.00000000E+00
43  4 0.00000000E+00 0.00000000E+00 0.00000000E+00-1.27467203E-01 0.00000000E+00
43  5 0.00000000E+00 0.00000000E+00 0.00000000E+00-3.60361708E-02 0.00000000E+00
43  6 0.00000000E+00 7.03074207E-02 0.00000000E+00 0.00000000E+00 0.00000000E+00
43  7 0.00000000E+00 6.74361024E-01 0.00000000E+00-2.22403624E-01 0.00000000E+00
43  8 0.00000000E+00 0.00000000E+00 0.00000000E+00-3.60361708E-02 0.00000000E+00
43  9 0.00000000E+00 7.03074207E-02 0.00000000E+00 0.00000000E+00 0.00000000E+00
43 10 0.00000000E+00-6.74361024E-01 0.00000000E+00-2.22403624E-01
44  1-5.22017923E-03-3.66253659E-02-1.03229887E-01 1.94805003E-01 0.00000000E+00
44  2 0.00000000E+00 1.82265982E-03 0.00000000E+00 0.00000000E+00-4.14019110E-02
44  3 0.00000000E+00 0.00000000E+00 2.26282344E-01-1.53755397E-01-2.69809484E-02
44  4 1.80736346E-01 0.00000000E+00 0.00000000E+00 0.00000000E+00 7.75871821E-04
44  5 9.39271187E-02-1.65528970E-01 2.97751322E-02 0.00000000E+00 2.92094226E-02
44  6-1.00035255E-01 0.00000000E+00-4.00499439E-02-5.42869754E-01-2.59910512E-02
44  7 5.68860806E-01 0.00000000E+00-3.00783967E-01 0.00000000E+00 7.75871821E-04
44  8 9.39271187E-02-1.65528970E-01-2.97751322E-02 0.00000000E+00 2.92094226E-02
44  9 1.00035255E-01 0.00000000E+00-4.00499439E-02-5.42869754E-01-2.59910512E-02
44 10 5.68860806E-01 0.00000000E+00 3.00783967E-01 0.00000000E+00
45  1-2.93372133E-03-1.74853198E-01-2.56051822E-01 9.15814039E-01 0.00000000E+00
45  2 0.00000000E+00-6.58209862E-02 0.00000000E+00 0.00000000E+00 2.11161393E-01
45  3 0.00000000E+00 0.00000000E+00 3.39173004E-01 3.06122970E-01-3.30566268E-01
45  4 2.44432982E-02 0.00000000E+00 0.00000000E+00 0.00000000E+00 4.69840858E-03
45  5 4.68629386E-01-7.24385966E-01 1.03658422E-01 0.00000000E+00-5.57853255E-02
45  6-3.91455001E-01 0.00000000E+00 2.11806222E-01-3.97306423E-01 3.45514507E-01
45  7 5.17919160E-02 0.00000000E+00 5.47180730E-01 0.00000000E+00 4.69840858E-03
45  8 4.68629386E-01-7.24385966E-01-1.03658422E-01 0.00000000E+00-5.57853255E-02
45  9 3.91455001E-01 0.00000000E+00 2.11806222E-01-3.97306423E-01 3.45514507E-01
45 10 5.17919160E-02 0.00000000E+00-5.47180730E-01 0.00000000E+00
46  1 0.00000000E+00 0.00000000E+00 0.00000000E+00 0.00000000E+00 9.17999971E-02
46  2 0.00000000E+00 0.00000000E+00-3.05377523E-01 0.00000000E+00 0.00000000E+00
46  3-3.27022029E-01 0.00000000E+00 0.00000000E+00 0.00000000E+00 0.00000000E+00
46  4 0.00000000E+00 0.00000000E+00-4.68062446E-01 0.00000000E+00 4.66712624E-03
46  5 3.74830738E-01-5.64714982E-01 7.45091798E-02 0.00000000E+00-6.07596809E-02
46  6-2.80268017E-01 0.00000000E+00 2.32041651E-01-3.43220078E-01 3.23545715E-01
46  7 1.96743627E-02 0.00000000E+00 5.94561987E-01 0.00000000E+00-4.66712624E-03
46  8-3.74830738E-01 5.64714982E-01 7.45091798E-02 0.00000000E+00 6.07596809E-02
46  9-2.80268017E-01 0.00000000E+00-2.32041651E-01 3.43220078E-01-3.23545715E-01
46 10-1.96743627E-02 0.00000000E+00 5.94561987E-01 0.00000000E+00
 $END   
 POPULATION ANALYSIS
S           15.30680   0.69320  15.32092   0.67908
O            8.34660  -0.34660   8.33954  -0.33954
O            8.34660  -0.34660   8.33954  -0.33954
 MOMENTS AT POINT    1 X,Y,Z=  0.000000  0.000000  0.000000
 DIPOLE       0.000000  0.000000 -2.603055
