 $DATA  
Title                                                                           
CNV      2

S          16.0      0.0000000000      0.0000000000     -0.7073030097
   PC1     0
        
O           8.0      1.4142135624      0.0000000000      0.7069105527
   PC1     0
        
 $END      
 $ZMAT   IZMAT(1)=
         1,   3,   1,
         1,   2,   1,
         2,   2,   1,   3,
 $END
--- CLOSED SHELL ORBITALS --- GENERATED AT Thu Feb 26 00:22:32 2015
Title                                                                           
E(R-PBE)=        0.0000000000, E(NUC)=   79.7086021871,   30 ITERS
 $VEC   
 1  1 1.00313779E+00-1.04881711E-02 2.72569371E-03-1.66812861E-03 0.00000000E+00
 1  2 0.00000000E+00-2.28069508E-04 0.00000000E+00 0.00000000E+00 1.38265550E-04
 1  3 0.00000000E+00 0.00000000E+00-2.95368209E-04-2.12052635E-05 5.61747438E-05
 1  4-3.49694804E-05 0.00000000E+00 0.00000000E+00 0.00000000E+00-8.63725022E-06
 1  5-8.48729845E-05 2.93899389E-04 1.14112685E-05 0.00000000E+00-1.75201926E-05
 1  6 9.13704496E-05 0.00000000E+00-5.21669369E-05 1.08388503E-06 1.01269830E-05
 1  7-1.12108680E-05 0.00000000E+00 1.56801511E-05 0.00000000E+00-8.63725022E-06
 1  8-8.48729845E-05 2.93899389E-04-1.14112685E-05 0.00000000E+00-1.75201926E-05
 1  9-9.13704496E-05 0.00000000E+00-5.21669369E-05 1.08388503E-06 1.01269830E-05
 1 10-1.12108680E-05 0.00000000E+00-1.56801511E-05 0.00000000E+00
 2  1-7.84824553E-05-9.24550176E-04-2.01834095E-03 4.77904857E-03 0.00000000E+00
 2  2 0.00000000E+00-6.03584933E-05 0.00000000E+00 0.00000000E+00 4.13858822E-05
 2  3 0.00000000E+00 0.00000000E+00 2.78806080E-03 3.82372247E-04-8.03237903E-04
 2  4 4.20865656E-04 0.00000000E+00 0.00000000E+00 0.00000000E+00 7.03191824E-01
 2  5 2.28755046E-02-7.18463733E-03 6.44075684E-04 0.00000000E+00-8.71927639E-04
 2  6-1.44106408E-03 0.00000000E+00 1.30663134E-03-1.01858100E-04 1.00007481E-04
 2  7 1.85061886E-06 0.00000000E+00 1.88770973E-04 0.00000000E+00 7.03191824E-01
 2  8 2.28755046E-02-7.18463733E-03-6.44075684E-04 0.00000000E+00-8.71927639E-04
 2  9 1.44106408E-03 0.00000000E+00 1.30663134E-03-1.01858100E-04 1.00007481E-04
 2 10 1.85061886E-06 0.00000000E+00-1.88770973E-04 0.00000000E+00
 3  1 0.00000000E+00 0.00000000E+00 0.00000000E+00 0.00000000E+00 7.69157354E-05
 3  2 0.00000000E+00 0.00000000E+00-1.88114274E-04 0.00000000E+00 0.00000000E+00
 3  3-1.93567192E-03 0.00000000E+00 0.00000000E+00 0.00000000E+00 0.00000000E+00
 3  4 0.00000000E+00 0.00000000E+00-1.01144169E-03 0.00000000E+00 7.03160699E-01
 3  5 2.25704156E-02-6.23075597E-03 6.77115657E-04 0.00000000E+00-8.67834673E-04
 3  6-9.35212052E-04 0.00000000E+00 1.11470035E-03-1.45419556E-05 8.20841883E-05
 3  7-6.75422327E-05 0.00000000E+00 1.04511750E-04 0.00000000E+00-7.03160699E-01
 3  8-2.25704156E-02 6.23075597E-03 6.77115657E-04 0.00000000E+00 8.67834673E-04
 3  9-9.35212052E-04 0.00000000E+00-1.11470035E-03 1.45419556E-05-8.20841883E-05
 3 10 6.75422327E-05 0.00000000E+00 1.04511750E-04 0.00000000E+00
 4  1-2.76258835E-01 1.03859094E+00 1.27850154E-02-8.86818623E-04 0.00000000E+00
 4  2 0.00000000E+00-3.82909773E-02 0.00000000E+00 0.00000000E+00-2.82385716E-03
 4  3 0.00000000E+00 0.00000000E+00 1.33185539E-03-9.06798150E-05 3.88612830E-05
 4  4 5.18185320E-05 0.00000000E+00 0.00000000E+00 0.00000000E+00 2.43765664E-07
 4  5 1.20671951E-04-3.50477468E-04-2.82477213E-05 0.00000000E+00 6.35472245E-05
 4  6-6.67649667E-05 0.00000000E+00-1.04418844E-04-3.09389708E-05 2.72779701E-05
 4  7 3.66100071E-06 0.00000000E+00 4.86659607E-05 0.00000000E+00 2.43765664E-07
 4  8 1.20671951E-04-3.50477468E-04 2.82477213E-05 0.00000000E+00 6.35472245E-05
 4  9 6.67649667E-05 0.00000000E+00-1.04418844E-04-3.09389708E-05 2.72779701E-05
 4 10 3.66100071E-06 0.00000000E+00-4.86659607E-05 0.00000000E+00
 5  1 0.00000000E+00 0.00000000E+00 0.00000000E+00 0.00000000E+00 0.00000000E+00
 5  2 1.00267944E+00 0.00000000E+00 0.00000000E+00-9.04915017E-03 0.00000000E+00
 5  3 0.00000000E+00 5.02339838E-03 0.00000000E+00 0.00000000E+00 0.00000000E+00
 5  4 0.00000000E+00 0.00000000E+00 0.00000000E+00-2.50470507E-03 0.00000000E+00
 5  5 0.00000000E+00 0.00000000E+00 0.00000000E+00-1.19382259E-05 0.00000000E+00
 5  6 0.00000000E+00-3.22131577E-04 0.00000000E+00 0.00000000E+00 0.00000000E+00
 5  7 0.00000000E+00 1.27258194E-05 0.00000000E+00-3.86320335E-06 0.00000000E+00
 5  8 0.00000000E+00 0.00000000E+00 0.00000000E+00-1.19382259E-05 0.00000000E+00
 5  9 0.00000000E+00-3.22131577E-04 0.00000000E+00 0.00000000E+00 0.00000000E+00
 5 10 0.00000000E+00-1.27258194E-05 0.00000000E+00-3.86320335E-06
 6  1 0.00000000E+00 0.00000000E+00 0.00000000E+00 0.00000000E+00 1.00297213E+00
 6  2 0.00000000E+00 0.00000000E+00-1.00067355E-02 0.00000000E+00 0.00000000E+00
 6  3 4.32123034E-03 0.00000000E+00 0.00000000E+00 0.00000000E+00 0.00000000E+00
 6  4 0.00000000E+00 0.00000000E+00-3.39748593E-03 0.00000000E+00 5.33928606E-05
 6  5 7.73036479E-04-6.29325502E-04 3.48237872E-04 0.00000000E+00-2.50198689E-04
 6  6-1.39093230E-03 0.00000000E+00 8.50520341E-04-2.06336032E-04 3.71317090E-04
 6  7-1.64981058E-04 0.00000000E+00 6.36877911E-04 0.00000000E+00-5.33928606E-05
 6  8-7.73036479E-04 6.29325502E-04 3.48237872E-04 0.00000000E+00 2.50198689E-04
 6  9-1.39093230E-03 0.00000000E+00-8.50520341E-04 2.06336032E-04-3.71317090E-04
 6 10 1.64981058E-04 0.00000000E+00 6.36877911E-04 0.00000000E+00
 7  1-1.11235881E-02 4.07462547E-02-4.70344795E-03 1.38156326E-03 0.00000000E+00
 7  2 0.00000000E+00 1.00229816E+00 0.00000000E+00 0.00000000E+00-1.03865420E-02
 7  3 0.00000000E+00 0.00000000E+00 5.11022619E-03 1.32837233E-03 1.74311825E-03
 7  4-3.07149059E-03 0.00000000E+00 0.00000000E+00 0.00000000E+00-2.54989057E-05
 7  5-3.77110136E-04-2.39769858E-04-2.83004174E-04 0.00000000E+00 2.18542839E-04
 7  6 6.39792789E-04 0.00000000E+00-8.27279469E-04 1.90133743E-04-3.02622118E-04
 7  7 1.12488375E-04 0.00000000E+00-5.23146238E-04 0.00000000E+00-2.54989057E-05
 7  8-3.77110136E-04-2.39769858E-04 2.83004174E-04 0.00000000E+00 2.18542839E-04
 7  9-6.39792789E-04 0.00000000E+00-8.27279469E-04 1.90133743E-04-3.02622118E-04
 7 10 1.12488375E-04 0.00000000E+00 5.23146238E-04 0.00000000E+00
 8  1 9.34919335E-02-2.03849455E-01 6.96781340E-01 3.57968527E-01 0.00000000E+00
 8  2 0.00000000E+00 4.75815140E-02 0.00000000E+00 0.00000000E+00-1.26523175E-01
 8  3 0.00000000E+00 0.00000000E+00-1.05837715E-02-1.42628731E-02 5.67523721E-03
 8  4 8.58763584E-03 0.00000000E+00 0.00000000E+00 0.00000000E+00-7.36893516E-03
 8  5 1.21605422E-02-1.31815439E-03 4.62374859E-03 0.00000000E+00-1.19701966E-02
 8  6-4.05301120E-03 0.00000000E+00 6.38835693E-03 3.81285097E-04-9.47399339E-04
 8  7 5.66114242E-04 0.00000000E+00-1.64236695E-03 0.00000000E+00-7.36893516E-03
 8  8 1.21605422E-02-1.31815439E-03-4.62374859E-03 0.00000000E+00-1.19701966E-02
 8  9 4.05301120E-03 0.00000000E+00 6.38835693E-03 3.81285097E-04-9.47399339E-04
 8 10 5.66114242E-04 0.00000000E+00 1.64236695E-03 0.00000000E+00
 9  1 6.20351124E-03-7.98614562E-03 5.43122228E-02-1.56874945E-02 0.00000000E+00
 9  2 0.00000000E+00-2.76734191E-01 0.00000000E+00 0.00000000E+00 7.45738859E-01
 9  3 0.00000000E+00 0.00000000E+00 2.22415210E-01 9.04345921E-02 4.92217236E-02
 9  4-1.39656316E-01 0.00000000E+00 0.00000000E+00 0.00000000E+00-5.79992187E-02
 9  5 9.39479035E-02 1.38814653E-01 5.00299219E-02 0.00000000E+00-4.38835438E-02
 9  6 1.62974498E-02 0.00000000E+00-4.22456971E-02-8.26970102E-04-3.52732068E-03
 9  7 4.35429078E-03 0.00000000E+00-6.82418657E-03 0.00000000E+00-5.79992187E-02
 9  8 9.39479035E-02 1.38814653E-01-5.00299219E-02 0.00000000E+00-4.38835438E-02
 9  9-1.62974498E-02 0.00000000E+00-4.22456971E-02-8.26970102E-04-3.52732068E-03
 9 10 4.35429078E-03 0.00000000E+00 6.82418657E-03 0.00000000E+00
10  1 0.00000000E+00 0.00000000E+00 0.00000000E+00 0.00000000E+00-2.81365357E-01
10  2 0.00000000E+00 0.00000000E+00 7.57832696E-01 0.00000000E+00 0.00000000E+00
10  3 2.24694609E-01 0.00000000E+00 0.00000000E+00 0.00000000E+00 0.00000000E+00
10  4 0.00000000E+00 0.00000000E+00-7.88580356E-02 0.00000000E+00 5.72360379E-02
10  5-9.45867495E-02-1.33799333E-01-3.29419719E-02 0.00000000E+00 6.06471608E-02
10  6-2.34733582E-02 0.00000000E+00 3.49317870E-02 4.04967884E-04 3.75091940E-03
10  7-4.15588728E-03 0.00000000E+00 6.44347458E-03 0.00000000E+00-5.72360379E-02
10  8 9.45867495E-02 1.33799333E-01-3.29419719E-02 0.00000000E+00-6.06471608E-02
10  9-2.34733582E-02 0.00000000E+00-3.49317870E-02-4.04967884E-04-3.75091940E-03
10 10 4.15588728E-03 0.00000000E+00 6.44347458E-03 0.00000000E+00
11  1 0.00000000E+00 0.00000000E+00 0.00000000E+00 0.00000000E+00 0.00000000E+00
11  2-3.18006313E-01 0.00000000E+00 0.00000000E+00 8.69160011E-01 0.00000000E+00
11  3 0.00000000E+00 2.51048286E-01 0.00000000E+00 0.00000000E+00 0.00000000E+00
11  4 0.00000000E+00 0.00000000E+00 0.00000000E+00-1.59215893E-01 0.00000000E+00
11  5 0.00000000E+00 0.00000000E+00 0.00000000E+00 2.12776841E-02 0.00000000E+00
11  6 0.00000000E+00-6.68086892E-03 0.00000000E+00 0.00000000E+00 0.00000000E+00
11  7 0.00000000E+00-5.20560778E-04 0.00000000E+00-2.14397373E-04 0.00000000E+00
11  8 0.00000000E+00 0.00000000E+00 0.00000000E+00 2.12776841E-02 0.00000000E+00
11  9 0.00000000E+00-6.68086892E-03 0.00000000E+00 0.00000000E+00 0.00000000E+00
11 10 0.00000000E+00 5.20560778E-04 0.00000000E+00-2.14397373E-04
12  1 0.00000000E+00 0.00000000E+00 0.00000000E+00 0.00000000E+00-1.48870392E-01
12  2 0.00000000E+00 0.00000000E+00 4.34626270E-01 0.00000000E+00 0.00000000E+00
12  3 1.29820992E-01 0.00000000E+00 0.00000000E+00 0.00000000E+00 0.00000000E+00
12  4 0.00000000E+00 0.00000000E+00-2.54322105E-01 0.00000000E+00-1.37814112E-01
12  5 1.86854395E-01 4.98034852E-01 3.16777862E-02 0.00000000E+00-4.19906764E-02
12  6 3.21080304E-02 0.00000000E+00-7.53982856E-02-1.48713193E-03-3.45388699E-03
12  7 4.94101891E-03 0.00000000E+00-8.20057267E-03 0.00000000E+00 1.37814112E-01
12  8-1.86854395E-01-4.98034852E-01 3.16777862E-02 0.00000000E+00 4.19906764E-02
12  9 3.21080304E-02 0.00000000E+00 7.53982856E-02 1.48713193E-03 3.45388699E-03
12 10-4.94101891E-03 0.00000000E+00-8.20057267E-03 0.00000000E+00
13  1-2.76804150E-02-2.94169722E-03-3.04412888E-01 6.82055263E-02 0.00000000E+00
13  2 0.00000000E+00 1.39030484E-01 0.00000000E+00 0.00000000E+00-3.98111799E-01
13  3 0.00000000E+00 0.00000000E+00-1.57395912E-01 1.74158056E-02-1.74596478E-01
13  4 1.57180673E-01 0.00000000E+00 0.00000000E+00 0.00000000E+00-1.41526824E-01
13  5 1.93784910E-01 5.11292200E-01 9.39041733E-03 0.00000000E+00-4.13576361E-02
13  6 2.57144428E-02 0.00000000E+00-5.70675523E-02-8.15931260E-04-3.08829792E-03
13  7 3.90422918E-03 0.00000000E+00-4.80750028E-03 0.00000000E+00-1.41526824E-01
13  8 1.93784910E-01 5.11292200E-01-9.39041733E-03 0.00000000E+00-4.13576361E-02
13  9-2.57144428E-02 0.00000000E+00-5.70675523E-02-8.15931260E-04-3.08829792E-03
13 10 3.90422918E-03 0.00000000E+00 4.80750028E-03 0.00000000E+00
14  1 6.21170909E-02 2.05038562E-01 9.50897193E-01-9.22099052E-01 0.00000000E+00
14  2 0.00000000E+00 1.66327305E-01 0.00000000E+00 0.00000000E+00-7.07827381E-01
14  3 0.00000000E+00 0.00000000E+00 1.00989486E+00-1.34320311E-01 8.55884560E-02
14  4 4.87318554E-02 0.00000000E+00 0.00000000E+00 0.00000000E+00-1.80547897E-02
14  5 7.76128496E-02-1.03340998E-01-4.97006234E-03 0.00000000E+00 1.02455821E-01
14  6-1.16217926E-01 0.00000000E+00 1.25185361E-01-1.95256219E-03 3.79361057E-03
14  7-1.84104837E-03 0.00000000E+00 2.96686910E-03 0.00000000E+00-1.80547897E-02
14  8 7.76128496E-02-1.03340998E-01 4.97006234E-03 0.00000000E+00 1.02455821E-01
14  9 1.16217926E-01 0.00000000E+00 1.25185361E-01-1.95256219E-03 3.79361057E-03
14 10-1.84104837E-03 0.00000000E+00-2.96686910E-03 0.00000000E+00
15  1 0.00000000E+00 0.00000000E+00 0.00000000E+00 0.00000000E+00 8.35086887E-02
15  2 0.00000000E+00 0.00000000E+00-3.42486809E-01 0.00000000E+00 0.00000000E+00
15  3 5.93005357E-01 0.00000000E+00 0.00000000E+00 0.00000000E+00 0.00000000E+00
15  4 0.00000000E+00 0.00000000E+00-5.12069594E-01 0.00000000E+00 3.98021640E-02
15  5-1.06690700E-01 1.41696715E-02 1.81112604E-01 0.00000000E+00-1.22425377E-01
15  6 2.57175356E-01 0.00000000E+00-2.43246929E-01 1.64934624E-05-1.08690764E-02
15  7 1.08525830E-02 0.00000000E+00-2.22190098E-02 0.00000000E+00-3.98021640E-02
15  8 1.06690700E-01-1.41696715E-02 1.81112604E-01 0.00000000E+00 1.22425377E-01
15  9 2.57175356E-01 0.00000000E+00 2.43246929E-01-1.64934624E-05 1.08690764E-02
15 10-1.08525830E-02 0.00000000E+00-2.22190098E-02 0.00000000E+00
16  1-1.12095832E-02-2.69685029E-02-1.58818811E-01 1.10357587E-01 0.00000000E+00
16  2 0.00000000E+00-5.13704190E-02 0.00000000E+00 0.00000000E+00 2.01507547E-01
16  3 0.00000000E+00 0.00000000E+00-2.87591277E-01-4.73901624E-01-3.89152295E-02
16  4 5.12816853E-01 0.00000000E+00 0.00000000E+00 0.00000000E+00-3.08966092E-04
16  5-1.46810586E-02 5.65860102E-02 1.84846115E-01 0.00000000E+00 1.28221892E-01
16  6 3.15301843E-01 0.00000000E+00 2.01324640E-01 2.37811906E-02-4.68729597E-04
16  7-2.33124610E-02 0.00000000E+00-8.46209925E-03 0.00000000E+00-3.08966092E-04
16  8-1.46810586E-02 5.65860102E-02-1.84846115E-01 0.00000000E+00 1.28221892E-01
16  9-3.15301843E-01 0.00000000E+00 2.01324640E-01 2.37811906E-02-4.68729597E-04
16 10-2.33124610E-02 0.00000000E+00 8.46209925E-03 0.00000000E+00
17  1 0.00000000E+00 0.00000000E+00 0.00000000E+00 0.00000000E+00 0.00000000E+00
17  2 5.49761104E-02 0.00000000E+00 0.00000000E+00-2.43946115E-01 0.00000000E+00
17  3 0.00000000E+00 2.95647026E-01 0.00000000E+00 0.00000000E+00 0.00000000E+00
17  4 0.00000000E+00 0.00000000E+00 0.00000000E+00 5.84288888E-01 0.00000000E+00
17  5 0.00000000E+00 0.00000000E+00 0.00000000E+00 2.31251818E-01 0.00000000E+00
17  6 0.00000000E+00 3.11924050E-01 0.00000000E+00 0.00000000E+00 0.00000000E+00
17  7 0.00000000E+00 1.22446105E-02 0.00000000E+00-1.65956887E-02 0.00000000E+00
17  8 0.00000000E+00 0.00000000E+00 0.00000000E+00 2.31251818E-01 0.00000000E+00
17  9 0.00000000E+00 3.11924050E-01 0.00000000E+00 0.00000000E+00 0.00000000E+00
17 10 0.00000000E+00-1.22446105E-02 0.00000000E+00-1.65956887E-02
18  1 0.00000000E+00 0.00000000E+00 0.00000000E+00 0.00000000E+00 0.00000000E+00
18  2 0.00000000E+00 0.00000000E+00 0.00000000E+00 0.00000000E+00 0.00000000E+00
18  3 0.00000000E+00 0.00000000E+00 0.00000000E+00 0.00000000E+00 0.00000000E+00
18  4 0.00000000E+00 6.97965473E-01 0.00000000E+00 0.00000000E+00 0.00000000E+00
18  5 0.00000000E+00 0.00000000E+00 0.00000000E+00-2.14590311E-01 0.00000000E+00
18  6 0.00000000E+00-3.22210438E-01 0.00000000E+00 0.00000000E+00 0.00000000E+00
18  7 0.00000000E+00-1.17195837E-02 0.00000000E+00 2.04834851E-02 0.00000000E+00
18  8 0.00000000E+00 0.00000000E+00 0.00000000E+00 2.14590311E-01 0.00000000E+00
18  9 0.00000000E+00 3.22210438E-01 0.00000000E+00 0.00000000E+00 0.00000000E+00
18 10 0.00000000E+00-1.17195837E-02 0.00000000E+00-2.04834851E-02
19  1-3.16803173E-02-1.59760428E-01-5.53277270E-01 8.05682625E-01 0.00000000E+00
19  2 0.00000000E+00-4.28211041E-02 0.00000000E+00 0.00000000E+00 1.76023718E-01
19  3 0.00000000E+00 0.00000000E+00-4.39650967E-02-4.16725900E-01 7.40951436E-01
19  4-3.24225536E-01 0.00000000E+00 0.00000000E+00 0.00000000E+00-2.53248807E-02
19  5 6.52120145E-02 1.25023965E-02-1.17041608E-01 0.00000000E+00 1.26095307E-01
19  6-1.86199950E-01 0.00000000E+00 2.16667828E-01-2.07496028E-03 1.30672431E-02
19  7-1.09922828E-02 0.00000000E+00 1.77880979E-02 0.00000000E+00-2.53248807E-02
19  8 6.52120145E-02 1.25023965E-02 1.17041608E-01 0.00000000E+00 1.26095307E-01
19  9 1.86199950E-01 0.00000000E+00 2.16667828E-01-2.07496028E-03 1.30672431E-02
19 10-1.09922828E-02 0.00000000E+00-1.77880979E-02 0.00000000E+00
20  1 0.00000000E+00 0.00000000E+00 0.00000000E+00 0.00000000E+00 1.53302781E-01
20  2 0.00000000E+00 0.00000000E+00-6.45720254E-01 0.00000000E+00 0.00000000E+00
20  3 7.76869716E-01 0.00000000E+00 0.00000000E+00 0.00000000E+00 0.00000000E+00
20  4 0.00000000E+00 0.00000000E+00 1.71104055E-01 0.00000000E+00-3.73514313E-02
20  5 2.11804310E-02 2.92798860E-01 1.11550837E-01 0.00000000E+00 2.52396579E-01
20  6 1.93354437E-01 0.00000000E+00 2.33427674E-01 1.04135513E-02 3.00206457E-03
20  7-1.34156158E-02 0.00000000E+00-6.73972595E-03 0.00000000E+00 3.73514313E-02
20  8-2.11804310E-02-2.92798860E-01 1.11550837E-01 0.00000000E+00-2.52396579E-01
20  9 1.93354437E-01 0.00000000E+00-2.33427674E-01-1.04135513E-02-3.00206457E-03
20 10 1.34156158E-02 0.00000000E+00-6.73972595E-03 0.00000000E+00
21  1 0.00000000E+00 0.00000000E+00 0.00000000E+00 0.00000000E+00 0.00000000E+00
21  2 2.33386436E-01 0.00000000E+00 0.00000000E+00-9.58053346E-01 0.00000000E+00
21  3 0.00000000E+00 1.08990690E+00 0.00000000E+00 0.00000000E+00 0.00000000E+00
21  4 0.00000000E+00 0.00000000E+00 0.00000000E+00-4.85446883E-01 0.00000000E+00
21  5 0.00000000E+00 0.00000000E+00 0.00000000E+00 4.32422389E-02 0.00000000E+00
21  6 0.00000000E+00-7.92898689E-02 0.00000000E+00 0.00000000E+00 0.00000000E+00
21  7 0.00000000E+00-1.07635974E-02 0.00000000E+00 8.12276065E-03 0.00000000E+00
21  8 0.00000000E+00 0.00000000E+00 0.00000000E+00 4.32422389E-02 0.00000000E+00
21  9 0.00000000E+00-7.92898689E-02 0.00000000E+00 0.00000000E+00 0.00000000E+00
21 10 0.00000000E+00 1.07635974E-02 0.00000000E+00 8.12276065E-03
22  1 0.00000000E+00 0.00000000E+00 0.00000000E+00 0.00000000E+00 0.00000000E+00
22  2 0.00000000E+00 0.00000000E+00 0.00000000E+00 0.00000000E+00 0.00000000E+00
22  3 0.00000000E+00 0.00000000E+00 0.00000000E+00 0.00000000E+00 0.00000000E+00
22  4 0.00000000E+00 7.18131831E-01 0.00000000E+00 0.00000000E+00 0.00000000E+00
22  5 0.00000000E+00 0.00000000E+00 0.00000000E+00 2.74387864E-01 0.00000000E+00
22  6 0.00000000E+00 3.59367857E-01 0.00000000E+00 0.00000000E+00 0.00000000E+00
22  7 0.00000000E+00 3.75711326E-03 0.00000000E+00-9.05627846E-03 0.00000000E+00
22  8 0.00000000E+00 0.00000000E+00 0.00000000E+00-2.74387864E-01 0.00000000E+00
22  9 0.00000000E+00-3.59367857E-01 0.00000000E+00 0.00000000E+00 0.00000000E+00
22 10 0.00000000E+00 3.75711326E-03 0.00000000E+00 9.05627846E-03
23  1 0.00000000E+00 0.00000000E+00 0.00000000E+00 0.00000000E+00 1.69744547E-01
23  2 0.00000000E+00 0.00000000E+00-7.55971900E-01 0.00000000E+00 0.00000000E+00
23  3 1.12034328E+00 0.00000000E+00 0.00000000E+00 0.00000000E+00 0.00000000E+00
23  4 0.00000000E+00 0.00000000E+00 1.54258010E-02 0.00000000E+00-1.76403677E-02
23  5-4.81818686E-02 3.26841253E-01-2.67514228E-01 0.00000000E+00-8.59893111E-02
23  6-2.91548601E-01 0.00000000E+00-2.79203196E-01-1.29062311E-02-4.96057005E-03
23  7 1.78668011E-02 0.00000000E+00 2.57676460E-03 0.00000000E+00 1.76403677E-02
23  8 4.81818686E-02-3.26841253E-01-2.67514228E-01 0.00000000E+00 8.59893111E-02
23  9-2.91548601E-01 0.00000000E+00 2.79203196E-01 1.29062311E-02 4.96057005E-03
23 10-1.78668011E-02 0.00000000E+00 2.57676460E-03 0.00000000E+00
24  1 1.14373992E-02 4.95841728E-03 1.34049229E-01 1.61684647E-02 0.00000000E+00
24  2 0.00000000E+00-6.97857016E-02 0.00000000E+00 0.00000000E+00 3.11143296E-01
24  3 0.00000000E+00 0.00000000E+00-3.34338648E-01 7.04634355E-01-3.47285824E-01
24  4-3.57348531E-01 0.00000000E+00 0.00000000E+00 0.00000000E+00-9.35384598E-03
24  5 5.22360759E-03 9.07573005E-02-5.62407396E-03 0.00000000E+00 2.70671122E-01
24  6 3.28370444E-02 0.00000000E+00 3.60460054E-01 3.93239150E-03 4.93459734E-03
24  7-8.86698884E-03 0.00000000E+00 4.93794722E-03 0.00000000E+00-9.35384598E-03
24  8 5.22360759E-03 9.07573005E-02 5.62407396E-03 0.00000000E+00 2.70671122E-01
24  9-3.28370444E-02 0.00000000E+00 3.60460054E-01 3.93239150E-03 4.93459734E-03
24 10-8.86698884E-03 0.00000000E+00-4.93794722E-03 0.00000000E+00
25  1 0.00000000E+00 0.00000000E+00 0.00000000E+00 0.00000000E+00 0.00000000E+00
25  2 5.90160199E-02 0.00000000E+00 0.00000000E+00-3.26041611E-01 0.00000000E+00
25  3 0.00000000E+00 6.96919051E-01 0.00000000E+00 0.00000000E+00 0.00000000E+00
25  4 0.00000000E+00 0.00000000E+00 0.00000000E+00 6.32171134E-01 0.00000000E+00
25  5 0.00000000E+00 0.00000000E+00 0.00000000E+00-2.57870324E-01 0.00000000E+00
25  6 0.00000000E+00-4.06359165E-01 0.00000000E+00 0.00000000E+00 0.00000000E+00
25  7 0.00000000E+00-4.67905477E-03 0.00000000E+00 1.25965342E-02 0.00000000E+00
25  8 0.00000000E+00 0.00000000E+00 0.00000000E+00-2.57870324E-01 0.00000000E+00
25  9 0.00000000E+00-4.06359165E-01 0.00000000E+00 0.00000000E+00 0.00000000E+00
25 10 0.00000000E+00 4.67905477E-03 0.00000000E+00 1.25965342E-02
26  1-4.44706393E-02-1.53793274E-01-6.91319167E-01 6.91373541E-01 0.00000000E+00
26  2 0.00000000E+00 1.56068940E-01 0.00000000E+00 0.00000000E+00-6.07180641E-01
26  3 0.00000000E+00 0.00000000E+00 4.94210592E-01 2.86123623E-01 2.78405656E-01
26  4-5.64529278E-01 0.00000000E+00 0.00000000E+00 0.00000000E+00 1.42286313E-02
26  5 2.88227994E-02-2.27305559E-01 2.52802985E-01 0.00000000E+00-3.18255530E-02
26  6 1.97927883E-01 0.00000000E+00-3.74659005E-03-8.06516484E-03 3.96645948E-03
26  7 4.09870536E-03 0.00000000E+00 3.55619181E-04 0.00000000E+00 1.42286313E-02
26  8 2.88227994E-02-2.27305559E-01-2.52802985E-01 0.00000000E+00-3.18255530E-02
26  9-1.97927883E-01 0.00000000E+00-3.74659005E-03-8.06516484E-03 3.96645948E-03
26 10 4.09870536E-03 0.00000000E+00-3.55619181E-04 0.00000000E+00
27  1 0.00000000E+00 0.00000000E+00 0.00000000E+00 0.00000000E+00-3.66337811E-02
27  2 0.00000000E+00 0.00000000E+00 4.04515363E-02 0.00000000E+00 0.00000000E+00
27  3 6.46586021E-01 0.00000000E+00 0.00000000E+00 0.00000000E+00 0.00000000E+00
27  4 0.00000000E+00 0.00000000E+00 8.75751602E-01 0.00000000E+00-4.02366383E-02
27  5 3.49647077E-02 2.84028749E-01 1.43934662E-01 0.00000000E+00-2.08393908E-01
27  6 2.87647190E-01 0.00000000E+00-3.94635262E-01-3.77410645E-03-5.35607041E-03
27  7 9.13017686E-03 0.00000000E+00-6.88359037E-03 0.00000000E+00 4.02366383E-02
27  8-3.49647077E-02-2.84028749E-01 1.43934662E-01 0.00000000E+00 2.08393908E-01
27  9 2.87647190E-01 0.00000000E+00 3.94635262E-01 3.77410645E-03 5.35607041E-03
27 10-9.13017686E-03 0.00000000E+00-6.88359037E-03 0.00000000E+00
28  1-7.64306769E-02-4.54646764E-01-1.43088068E+00 2.18869622E+00 0.00000000E+00
28  2 0.00000000E+00 4.88965791E-02 0.00000000E+00 0.00000000E+00-3.42512483E-01
28  3 0.00000000E+00 0.00000000E+00 1.26926485E+00 1.20753216E-01-5.20648982E-01
28  4 3.99895766E-01 0.00000000E+00 0.00000000E+00 0.00000000E+00 6.49524999E-02
28  5-1.97440318E-02-6.57737225E-01-1.19021194E-01 0.00000000E+00 7.46138035E-02
28  6-5.05532666E-01 0.00000000E+00 2.97567984E-01-7.34048648E-03 1.65685243E-02
28  7-9.22803784E-03 0.00000000E+00 2.88795084E-02 0.00000000E+00 6.49524999E-02
28  8-1.97440318E-02-6.57737225E-01 1.19021194E-01 0.00000000E+00 7.46138035E-02
28  9 5.05532666E-01 0.00000000E+00 2.97567984E-01-7.34048648E-03 1.65685243E-02
28 10-9.22803784E-03 0.00000000E+00-2.88795084E-02 0.00000000E+00
29  1 1.06189087E-04-1.67430490E-02-1.93338852E-02 1.02736046E-01 0.00000000E+00
29  2 0.00000000E+00-8.25352628E-03 0.00000000E+00 0.00000000E+00 1.92218736E-02
29  3 0.00000000E+00 0.00000000E+00 1.70930019E-01-1.29917573E-01-2.00019330E-02
29  4 1.49919506E-01 0.00000000E+00 0.00000000E+00 0.00000000E+00 4.33888831E-03
29  5-2.31752905E-02-2.69199498E-02 5.67192453E-01 0.00000000E+00 4.45400220E-01
29  6-5.21631010E-01 0.00000000E+00-3.60372238E-01 5.01241372E-03 4.38193531E-03
29  7-9.39434903E-03 0.00000000E+00-1.02951033E-02 0.00000000E+00 4.33888831E-03
29  8-2.31752905E-02-2.69199498E-02-5.67192453E-01 0.00000000E+00 4.45400220E-01
29  9 5.21631010E-01 0.00000000E+00-3.60372238E-01 5.01241372E-03 4.38193531E-03
29 10-9.39434903E-03 0.00000000E+00 1.02951033E-02 0.00000000E+00
30  1 0.00000000E+00 0.00000000E+00 0.00000000E+00 0.00000000E+00 0.00000000E+00
30  2 0.00000000E+00 0.00000000E+00 0.00000000E+00 0.00000000E+00 0.00000000E+00
30  3 0.00000000E+00 0.00000000E+00 0.00000000E+00 0.00000000E+00 0.00000000E+00
30  4 0.00000000E+00-1.20850338E-01 0.00000000E+00 0.00000000E+00 0.00000000E+00
30  5 0.00000000E+00 0.00000000E+00 0.00000000E+00 7.24920393E-01 0.00000000E+00
30  6 0.00000000E+00-6.67575175E-01 0.00000000E+00 0.00000000E+00 0.00000000E+00
30  7 0.00000000E+00 1.04993608E-02 0.00000000E+00-7.05082252E-03 0.00000000E+00
30  8 0.00000000E+00 0.00000000E+00 0.00000000E+00-7.24920393E-01 0.00000000E+00
30  9 0.00000000E+00 6.67575175E-01 0.00000000E+00 0.00000000E+00 0.00000000E+00
30 10 0.00000000E+00 1.04993608E-02 0.00000000E+00 7.05082252E-03
31  1 0.00000000E+00 0.00000000E+00 0.00000000E+00 0.00000000E+00 0.00000000E+00
31  2 4.12379260E-03 0.00000000E+00 0.00000000E+00-4.47187284E-02 0.00000000E+00
31  3 0.00000000E+00 2.48193058E-01 0.00000000E+00 0.00000000E+00 0.00000000E+00
31  4 0.00000000E+00 0.00000000E+00 0.00000000E+00 1.30219066E-01 0.00000000E+00
31  5 0.00000000E+00 0.00000000E+00 0.00000000E+00 7.24591047E-01 0.00000000E+00
31  6 0.00000000E+00-6.92782286E-01 0.00000000E+00 0.00000000E+00 0.00000000E+00
31  7 0.00000000E+00 1.01069170E-02 0.00000000E+00-1.45010951E-02 0.00000000E+00
31  8 0.00000000E+00 0.00000000E+00 0.00000000E+00 7.24591047E-01 0.00000000E+00
31  9 0.00000000E+00-6.92782286E-01 0.00000000E+00 0.00000000E+00 0.00000000E+00
31 10 0.00000000E+00-1.01069170E-02 0.00000000E+00-1.45010951E-02
32  1 2.72824779E-04-9.02039334E-02-1.01373543E-01 6.38413977E-01 0.00000000E+00
32  2 0.00000000E+00-4.01657174E-02 0.00000000E+00 0.00000000E+00 1.92972122E-01
32  3 0.00000000E+00 0.00000000E+00 2.28870130E-01 7.82805372E-02-1.20186145E-01
32  4 4.19056078E-02 0.00000000E+00 0.00000000E+00 0.00000000E+00 2.13122266E-02
32  5-4.95476240E-02-1.32449804E-01 4.36909162E-01 0.00000000E+00-5.70677914E-01
32  6-5.40834257E-01 0.00000000E+00 6.58722435E-01 4.04098541E-03-1.66397838E-02
32  7 1.25987984E-02 0.00000000E+00-3.83021184E-02 0.00000000E+00 2.13122266E-02
32  8-4.95476240E-02-1.32449804E-01-4.36909162E-01 0.00000000E+00-5.70677914E-01
32  9 5.40834257E-01 0.00000000E+00 6.58722435E-01 4.04098541E-03-1.66397838E-02
32 10 1.25987984E-02 0.00000000E+00 3.83021184E-02 0.00000000E+00
33  1 0.00000000E+00 0.00000000E+00 0.00000000E+00 0.00000000E+00 1.46730015E-02
33  2 0.00000000E+00 0.00000000E+00-5.03969405E-02 0.00000000E+00 0.00000000E+00
33  3-3.62107468E-01 0.00000000E+00 0.00000000E+00 0.00000000E+00 0.00000000E+00
33  4 0.00000000E+00 0.00000000E+00-1.43122662E-01 0.00000000E+00 9.57680227E-03
33  5 3.62092081E-02-1.56633677E-01-1.61019070E-01 0.00000000E+00-7.07052952E-01
33  6 1.04379059E-01 0.00000000E+00 7.82014075E-01-1.04602809E-02-1.06600085E-02
33  7 2.11202894E-02 0.00000000E+00-2.89665868E-02 0.00000000E+00-9.57680227E-03
33  8-3.62092081E-02 1.56633677E-01-1.61019070E-01 0.00000000E+00 7.07052952E-01
33  9 1.04379059E-01 0.00000000E+00-7.82014075E-01 1.04602809E-02 1.06600085E-02
33 10-2.11202894E-02 0.00000000E+00-2.89665868E-02 0.00000000E+00
34  1 0.00000000E+00 0.00000000E+00 0.00000000E+00 0.00000000E+00-3.63809836E-02
34  2 0.00000000E+00 0.00000000E+00 1.97296897E-01 0.00000000E+00 0.00000000E+00
34  3-2.86871855E-02 0.00000000E+00 0.00000000E+00 0.00000000E+00 0.00000000E+00
34  4 0.00000000E+00 0.00000000E+00 9.94988042E-02 0.00000000E+00-2.21593150E-02
34  5 1.97010965E-01-1.19348812E-01-6.94510250E-01 0.00000000E+00 1.55222140E-01
34  6 7.49069254E-01 0.00000000E+00-1.75718390E-01-3.04222820E-02 2.60828373E-02
34  7 4.33944467E-03 0.00000000E+00 2.21233699E-02 0.00000000E+00 2.21593150E-02
34  8-1.97010965E-01 1.19348812E-01-6.94510250E-01 0.00000000E+00-1.55222140E-01
34  9 7.49069254E-01 0.00000000E+00 1.75718390E-01 3.04222820E-02-2.60828373E-02
34 10-4.33944467E-03 0.00000000E+00 2.21233699E-02 0.00000000E+00
35  1 0.00000000E+00 0.00000000E+00 0.00000000E+00 0.00000000E+00-2.35961907E-02
35  2 0.00000000E+00 0.00000000E+00 6.66105146E-02 0.00000000E+00 0.00000000E+00
35  3 4.02049810E-01 0.00000000E+00 0.00000000E+00 0.00000000E+00 0.00000000E+00
35  4 0.00000000E+00 0.00000000E+00 2.85845432E-01 0.00000000E+00 4.88516715E-02
35  5-1.17149737E+00 1.23276211E+00-1.48885107E-01 0.00000000E+00 4.33171916E-02
35  6 2.90925331E-01 0.00000000E+00-1.95779891E-01-2.90397879E-02 5.80314415E-02
35  7-2.89916535E-02 0.00000000E+00 6.67745619E-02 0.00000000E+00-4.88516715E-02
35  8 1.17149737E+00-1.23276211E+00-1.48885107E-01 0.00000000E+00-4.33171916E-02
35  9 2.90925331E-01 0.00000000E+00 1.95779891E-01 2.90397879E-02-5.80314415E-02
35 10 2.89916535E-02 0.00000000E+00 6.67745619E-02 0.00000000E+00
36  1 2.20956380E-02 2.35771491E-01 5.43399783E-01-1.17076707E+00 0.00000000E+00
36  2 0.00000000E+00 1.40523787E-02 0.00000000E+00 0.00000000E+00 3.37998176E-03
36  3 0.00000000E+00 0.00000000E+00-6.53937744E-01-9.46244735E-02 2.20872859E-01
36  4-1.26248385E-01 0.00000000E+00 0.00000000E+00 0.00000000E+00 3.99078163E-02
36  5-1.22469824E+00 1.45363339E+00-5.64913099E-02 0.00000000E+00 4.90300341E-02
36  6 3.25545198E-01 0.00000000E+00-2.50988325E-01-4.90857122E-02 3.74302357E-02
36  7 1.16554766E-02 0.00000000E+00 9.43248016E-02 0.00000000E+00 3.99078163E-02
36  8-1.22469824E+00 1.45363339E+00 5.64913099E-02 0.00000000E+00 4.90300341E-02
36  9-3.25545198E-01 0.00000000E+00-2.50988325E-01-4.90857122E-02 3.74302357E-02
36 10 1.16554766E-02 0.00000000E+00-9.43248016E-02 0.00000000E+00
37  1 0.00000000E+00 0.00000000E+00 0.00000000E+00 0.00000000E+00 0.00000000E+00
37  2 0.00000000E+00 0.00000000E+00 0.00000000E+00 0.00000000E+00 0.00000000E+00
37  3 0.00000000E+00 0.00000000E+00 0.00000000E+00 0.00000000E+00 0.00000000E+00
37  4 0.00000000E+00-6.65543756E-02 0.00000000E+00 0.00000000E+00 0.00000000E+00
37  5 0.00000000E+00 0.00000000E+00 0.00000000E+00 2.63282435E-02 0.00000000E+00
37  6 0.00000000E+00-4.08317804E-03 0.00000000E+00 0.00000000E+00 0.00000000E+00
37  7 0.00000000E+00-4.34886862E-01 0.00000000E+00 5.58012982E-01 0.00000000E+00
37  8 0.00000000E+00 0.00000000E+00 0.00000000E+00-2.63282435E-02 0.00000000E+00
37  9 0.00000000E+00 4.08317804E-03 0.00000000E+00 0.00000000E+00 0.00000000E+00
37 10 0.00000000E+00-4.34886862E-01 0.00000000E+00-5.58012982E-01
38  1 0.00000000E+00 0.00000000E+00 0.00000000E+00 0.00000000E+00 4.82764519E-03
38  2 0.00000000E+00 0.00000000E+00-3.64439677E-02 0.00000000E+00 0.00000000E+00
38  3 9.93978489E-02 0.00000000E+00 0.00000000E+00 0.00000000E+00 0.00000000E+00
38  4 0.00000000E+00 0.00000000E+00-3.43673228E-05 0.00000000E+00-4.46287796E-04
38  5-1.74450568E-02 3.93313450E-02 3.73028025E-02 0.00000000E+00 2.68232921E-02
38  6-2.76717274E-02 0.00000000E+00-2.50325450E-02-5.09331089E-01-1.52022919E-01
38  7 6.61354008E-01 0.00000000E+00 1.46771684E-01 0.00000000E+00 4.46287796E-04
38  8 1.74450568E-02-3.93313450E-02 3.73028025E-02 0.00000000E+00-2.68232921E-02
38  9-2.76717274E-02 0.00000000E+00 2.50325450E-02 5.09331089E-01 1.52022919E-01
38 10-6.61354008E-01 0.00000000E+00 1.46771684E-01 0.00000000E+00
39  1 0.00000000E+00 0.00000000E+00 0.00000000E+00 0.00000000E+00 0.00000000E+00
39  2 1.32112754E-04 0.00000000E+00 0.00000000E+00-2.09091876E-02 0.00000000E+00
39  3 0.00000000E+00 9.19680236E-02 0.00000000E+00 0.00000000E+00 0.00000000E+00
39  4 0.00000000E+00 0.00000000E+00 0.00000000E+00 6.48856957E-02 0.00000000E+00
39  5 0.00000000E+00 0.00000000E+00 0.00000000E+00 3.76674057E-02 0.00000000E+00
39  6 0.00000000E+00-3.12344995E-02 0.00000000E+00 0.00000000E+00 0.00000000E+00
39  7 0.00000000E+00-2.72551675E-01 0.00000000E+00 6.55131050E-01 0.00000000E+00
39  8 0.00000000E+00 0.00000000E+00 0.00000000E+00 3.76674057E-02 0.00000000E+00
39  9 0.00000000E+00-3.12344995E-02 0.00000000E+00 0.00000000E+00 0.00000000E+00
39 10 0.00000000E+00 2.72551675E-01 0.00000000E+00 6.55131050E-01
40  1-2.10421525E-03 4.87068071E-03-1.65457094E-02-1.89135799E-02 0.00000000E+00
40  2 0.00000000E+00 1.27753127E-02 0.00000000E+00 0.00000000E+00-5.80452157E-02
40  3 0.00000000E+00 0.00000000E+00 6.55831047E-02-9.04030767E-02 3.49989730E-02
40  4 5.54041037E-02 0.00000000E+00 0.00000000E+00 0.00000000E+00 7.88498088E-04
40  5-5.24050429E-03-6.46633337E-03-9.01519594E-03 0.00000000E+00 3.91481681E-02
40  6 1.20508928E-02 0.00000000E+00-2.32634368E-02-3.74196586E-01-3.29515092E-01
40  7 7.03711678E-01 0.00000000E+00-8.51849496E-02 0.00000000E+00 7.88498088E-04
40  8-5.24050429E-03-6.46633337E-03 9.01519594E-03 0.00000000E+00 3.91481681E-02
40  9-1.20508928E-02 0.00000000E+00-2.32634368E-02-3.74196586E-01-3.29515092E-01
40 10 7.03711678E-01 0.00000000E+00 8.51849496E-02 0.00000000E+00
41  1 0.00000000E+00 0.00000000E+00 0.00000000E+00 0.00000000E+00 0.00000000E+00
41  2 0.00000000E+00 0.00000000E+00 0.00000000E+00 0.00000000E+00 0.00000000E+00
41  3 0.00000000E+00 0.00000000E+00 0.00000000E+00 0.00000000E+00 0.00000000E+00
41  4 0.00000000E+00 1.28968966E-03 0.00000000E+00 0.00000000E+00 0.00000000E+00
41  5 0.00000000E+00 0.00000000E+00 0.00000000E+00-3.56494232E-03 0.00000000E+00
41  6 0.00000000E+00 9.90928562E-03 0.00000000E+00 0.00000000E+00 0.00000000E+00
41  7 0.00000000E+00 5.57804947E-01 0.00000000E+00 4.34550368E-01 0.00000000E+00
41  8 0.00000000E+00 0.00000000E+00 0.00000000E+00 3.56494232E-03 0.00000000E+00
41  9 0.00000000E+00-9.90928562E-03 0.00000000E+00 0.00000000E+00 0.00000000E+00
41 10 0.00000000E+00 5.57804947E-01 0.00000000E+00-4.34550368E-01
42  1-1.24353622E-04 2.74804061E-03 2.01228772E-03-1.59571759E-02 0.00000000E+00
42  2 0.00000000E+00 1.43070422E-03 0.00000000E+00 0.00000000E+00-9.88317487E-03
42  3 0.00000000E+00 0.00000000E+00 1.12494506E-02-2.45533985E-02-3.65547107E-03
42  4 2.82088696E-02 0.00000000E+00 0.00000000E+00 0.00000000E+00 6.09653948E-04
42  5-9.50433069E-03 7.45761399E-03-1.55772068E-02 0.00000000E+00 6.02826504E-03
42  6 1.83992903E-02 0.00000000E+00-5.06460636E-03-4.96018859E-01 5.59696926E-01
42  7-6.36780664E-02 0.00000000E+00-3.53224065E-01 0.00000000E+00 6.09653948E-04
42  8-9.50433069E-03 7.45761399E-03 1.55772068E-02 0.00000000E+00 6.02826504E-03
42  9-1.83992903E-02 0.00000000E+00-5.06460636E-03-4.96018859E-01 5.59696926E-01
42 10-6.36780664E-02 0.00000000E+00 3.53224065E-01 0.00000000E+00
43  1 0.00000000E+00 0.00000000E+00 0.00000000E+00 0.00000000E+00 0.00000000E+00
43  2 2.17410797E-04 0.00000000E+00 0.00000000E+00 7.47905427E-03 0.00000000E+00
43  3 0.00000000E+00-3.65440736E-02 0.00000000E+00 0.00000000E+00 0.00000000E+00
43  4 0.00000000E+00 0.00000000E+00 0.00000000E+00-3.58154697E-02 0.00000000E+00
43  5 0.00000000E+00 0.00000000E+00 0.00000000E+00-7.44093465E-03 0.00000000E+00
43  6 0.00000000E+00 1.16172987E-02 0.00000000E+00 0.00000000E+00 0.00000000E+00
43  7 0.00000000E+00 6.54269167E-01 0.00000000E+00 2.69610346E-01 0.00000000E+00
43  8 0.00000000E+00 0.00000000E+00 0.00000000E+00-7.44093465E-03 0.00000000E+00
43  9 0.00000000E+00 1.16172987E-02 0.00000000E+00 0.00000000E+00 0.00000000E+00
43 10 0.00000000E+00-6.54269167E-01 0.00000000E+00 2.69610346E-01
44  1 0.00000000E+00 0.00000000E+00 0.00000000E+00 0.00000000E+00 2.94403713E-03
44  2 0.00000000E+00 0.00000000E+00-1.78736725E-02 0.00000000E+00 0.00000000E+00
44  3 2.44995886E-02 0.00000000E+00 0.00000000E+00 0.00000000E+00 0.00000000E+00
44  4 0.00000000E+00 0.00000000E+00-4.21867656E-03 0.00000000E+00-7.02476054E-04
44  5 2.28291736E-02-2.03052323E-02 3.00758396E-02 0.00000000E+00 7.97000669E-03
44  6-4.58061367E-02 0.00000000E+00-1.18753409E-02-4.73079548E-01 5.90869088E-01
44  7-1.17789540E-01 0.00000000E+00-3.29421812E-01 0.00000000E+00 7.02476054E-04
44  8-2.28291736E-02 2.03052323E-02 3.00758396E-02 0.00000000E+00-7.97000669E-03
44  9-4.58061367E-02 0.00000000E+00 1.18753409E-02 4.73079548E-01-5.90869088E-01
44 10 1.17789540E-01 0.00000000E+00-3.29421812E-01 0.00000000E+00
45  1-5.31682965E-03-1.21992253E-01-2.16092723E-01 5.85959855E-01 0.00000000E+00
45  2 0.00000000E+00-4.05775464E-02 0.00000000E+00 0.00000000E+00 1.09624728E-01
45  3 0.00000000E+00 0.00000000E+00 2.94134142E-01 5.52290437E-02-1.84798995E-01
45  4 1.29569952E-01 0.00000000E+00 0.00000000E+00 0.00000000E+00-4.06418114E-04
45  5 3.03072729E-01-4.51025756E-01 7.89720664E-02 0.00000000E+00-5.96987243E-02
45  6-2.04261596E-01 0.00000000E+00 1.67926799E-01-3.43434263E-01 2.85827011E-01
45  7 5.76072519E-02 0.00000000E+00 6.12730780E-01 0.00000000E+00-4.06418114E-04
45  8 3.03072729E-01-4.51025756E-01-7.89720664E-02 0.00000000E+00-5.96987243E-02
45  9 2.04261596E-01 0.00000000E+00 1.67926799E-01-3.43434263E-01 2.85827011E-01
45 10 5.76072519E-02 0.00000000E+00-6.12730780E-01 0.00000000E+00
46  1 0.00000000E+00 0.00000000E+00 0.00000000E+00 0.00000000E+00 4.40397550E-02
46  2 0.00000000E+00 0.00000000E+00-1.39124949E-01 0.00000000E+00 0.00000000E+00
46  3-1.52332947E-01 0.00000000E+00 0.00000000E+00 0.00000000E+00 0.00000000E+00
46  4 0.00000000E+00 0.00000000E+00-2.69427057E-01 0.00000000E+00-1.61834805E-03
46  5 2.12586589E-01-2.78623395E-01 6.85643868E-02 0.00000000E+00-7.53085750E-02
46  6-1.27834494E-01 0.00000000E+00 1.54468388E-01-1.32200782E-01 3.59662246E-01
46  7-2.27461464E-01 0.00000000E+00 6.16930302E-01 0.00000000E+00 1.61834805E-03
46  8-2.12586589E-01 2.78623395E-01 6.85643868E-02 0.00000000E+00 7.53085750E-02
46  9-1.27834494E-01 0.00000000E+00-1.54468388E-01 1.32200782E-01-3.59662246E-01
46 10 2.27461464E-01 0.00000000E+00 6.16930302E-01 0.00000000E+00
 $END   
 POPULATION ANALYSIS
S           21.79991  -5.79991  21.68395  -5.68395
O            5.10004   2.89996   5.15802   2.84198
O            5.10004   2.89996   5.15802   2.84198
 MOMENTS AT POINT    1 X,Y,Z=  0.000000  0.000000  0.000000
 DIPOLE       0.000000  0.000000 53.501307
