 $DATA  
Title                                                                           
CNV      2

S          16.0      0.0000000000      0.0000000000     -0.3536312940
   PC1     0
        
O           8.0      0.8426488874      0.0000000000      0.3534350767
   PC1     0
        
 $END      
 $ZMAT   IZMAT(1)=
         1,   3,   1,
         1,   2,   1,
         2,   2,   1,   3,
 $END
--- CLOSED SHELL ORBITALS --- GENERATED AT Thu Feb 26 00:11:21 2015
Title                                                                           
E(R-PBE)=     -547.4173049935, E(NUC)=  143.2497405797,   20 ITERS
 $VEC   
 1  1 1.00297095E+00-1.00867964E-02 2.10340257E-03-4.16930657E-04 0.00000000E+00
 1  2 0.00000000E+00 2.46785022E-05 0.00000000E+00 0.00000000E+00 3.57323252E-04
 1  3 0.00000000E+00 0.00000000E+00 2.72223985E-05 1.24443968E-04-1.45835767E-04
 1  4 2.13917983E-05 0.00000000E+00 0.00000000E+00 0.00000000E+00-7.91547329E-06
 1  5-9.36264843E-05-3.48411804E-04-1.19521658E-04 0.00000000E+00 9.35721633E-05
 1  6-2.09190164E-04 0.00000000E+00 2.12832610E-04-1.02565700E-05 1.53183358E-05
 1  7-5.06176583E-06 0.00000000E+00 8.97784400E-06 0.00000000E+00-7.91547329E-06
 1  8-9.36264843E-05-3.48411804E-04 1.19521658E-04 0.00000000E+00 9.35721633E-05
 1  9 2.09190164E-04 0.00000000E+00 2.12832610E-04-1.02565700E-05 1.53183358E-05
 1 10-5.06176583E-06 0.00000000E+00-8.97784400E-06 0.00000000E+00
 2  1-1.36565806E-04-3.18984000E-04-2.88779590E-03 1.07603566E-02 0.00000000E+00
 2  2 0.00000000E+00 1.22737212E-04 0.00000000E+00 0.00000000E+00-2.37071537E-03
 2  3 0.00000000E+00 0.00000000E+00 4.51872812E-03-5.36129000E-04 1.49995595E-03
 2  4-9.63826948E-04 0.00000000E+00 0.00000000E+00 0.00000000E+00 7.03059968E-01
 2  5 2.76849118E-02-1.32939511E-02 2.34938057E-03 0.00000000E+00-1.56616974E-03
 2  6-1.55080844E-03 0.00000000E+00 1.33821036E-03 8.70984858E-04-6.35591503E-04
 2  7-2.35393356E-04 0.00000000E+00-3.62760654E-04 0.00000000E+00 7.03059968E-01
 2  8 2.76849118E-02-1.32939511E-02-2.34938057E-03 0.00000000E+00-1.56616974E-03
 2  9 1.55080844E-03 0.00000000E+00 1.33821036E-03 8.70984858E-04-6.35591503E-04
 2 10-2.35393356E-04 0.00000000E+00 3.62760654E-04 0.00000000E+00
 3  1 0.00000000E+00 0.00000000E+00 0.00000000E+00 0.00000000E+00-3.26490872E-04
 3  2 0.00000000E+00 0.00000000E+00 3.51061653E-03 0.00000000E+00 0.00000000E+00
 3  3-3.21691987E-03 0.00000000E+00 0.00000000E+00 0.00000000E+00 0.00000000E+00
 3  4 0.00000000E+00 0.00000000E+00 4.02769272E-03 0.00000000E+00 7.03209727E-01
 3  5 2.85481234E-02-1.16630344E-02 2.28703955E-03 0.00000000E+00-2.24657733E-03
 3  6-2.25946891E-03 0.00000000E+00 1.18854196E-03-3.98963350E-04 1.40061670E-04
 3  7 2.58901680E-04 0.00000000E+00-8.29489382E-04 0.00000000E+00-7.03209727E-01
 3  8-2.85481234E-02 1.16630344E-02 2.28703955E-03 0.00000000E+00 2.24657733E-03
 3  9-2.25946891E-03 0.00000000E+00-1.18854196E-03 3.98963350E-04-1.40061670E-04
 3 10-2.58901680E-04 0.00000000E+00-8.29489382E-04 0.00000000E+00
 4  1-2.73530047E-01 1.03824161E+00 4.47349746E-02-8.04183194E-03 0.00000000E+00
 4  2 0.00000000E+00 1.74292163E-02 0.00000000E+00 0.00000000E+00 4.22130560E-03
 4  3 0.00000000E+00 0.00000000E+00 1.76215621E-04 1.13530795E-03-1.42239846E-03
 4  4 2.87090508E-04 0.00000000E+00 0.00000000E+00 0.00000000E+00-2.34382917E-03
 4  5 1.25889854E-03-2.74678320E-03 2.13194358E-03 0.00000000E+00-1.94500031E-03
 4  6-2.16749963E-03 0.00000000E+00 2.08036948E-03 8.12383623E-04-1.23455587E-03
 4  7 4.22172252E-04 0.00000000E+00-2.33541059E-03 0.00000000E+00-2.34382917E-03
 4  8 1.25889854E-03-2.74678320E-03-2.13194358E-03 0.00000000E+00-1.94500031E-03
 4  9 2.16749963E-03 0.00000000E+00 2.08036948E-03 8.12383623E-04-1.23455587E-03
 4 10 4.22172252E-04 0.00000000E+00 2.33541059E-03 0.00000000E+00
 5  1 0.00000000E+00 0.00000000E+00 0.00000000E+00 0.00000000E+00 9.92885806E-01
 5  2 0.00000000E+00 0.00000000E+00 1.48547161E-02 0.00000000E+00 0.00000000E+00
 5  3 5.32414343E-05 0.00000000E+00 0.00000000E+00 0.00000000E+00 0.00000000E+00
 5  4 0.00000000E+00 0.00000000E+00 4.09694644E-03 0.00000000E+00 3.86382029E-03
 5  5-3.28930235E-03 1.58445877E-03-4.05997917E-03 0.00000000E+00 4.39909071E-03
 5  6 5.82358480E-04 0.00000000E+00-7.88625802E-04-9.31204400E-04 1.87688447E-03
 5  7-9.45680074E-04 0.00000000E+00 2.86802442E-03 0.00000000E+00-3.86382029E-03
 5  8 3.28930235E-03-1.58445877E-03-4.05997917E-03 0.00000000E+00-4.39909071E-03
 5  9 5.82358480E-04 0.00000000E+00 7.88625802E-04 9.31204400E-04-1.87688447E-03
 5 10 9.45680074E-04 0.00000000E+00 2.86802442E-03 0.00000000E+00
 6  1 5.86795105E-03-2.25618615E-02 1.17617038E-03 2.69196500E-03 0.00000000E+00
 6  2 0.00000000E+00 9.93724573E-01 0.00000000E+00 0.00000000E+00 1.38093105E-02
 6  3 0.00000000E+00 0.00000000E+00 2.77299662E-04-9.63488146E-04-1.82932109E-03
 6  4 2.79280923E-03 0.00000000E+00 0.00000000E+00 0.00000000E+00-3.05017085E-03
 6  5 3.53609285E-03-1.78206776E-03 4.27709779E-03 0.00000000E+00-2.85713130E-03
 6  6-1.14361487E-03 0.00000000E+00-4.68681011E-05 1.08345880E-03-1.14592016E-03
 6  7 6.24613588E-05 0.00000000E+00-2.17351719E-03 0.00000000E+00-3.05017085E-03
 6  8 3.53609285E-03-1.78206776E-03-4.27709779E-03 0.00000000E+00-2.85713130E-03
 6  9 1.14361487E-03 0.00000000E+00-4.68681011E-05 1.08345880E-03-1.14592016E-03
 6 10 6.24613588E-05 0.00000000E+00 2.17351719E-03 0.00000000E+00
 7  1 0.00000000E+00 0.00000000E+00 0.00000000E+00 0.00000000E+00 0.00000000E+00
 7  2 9.95639798E-01 0.00000000E+00 0.00000000E+00 1.23815349E-02 0.00000000E+00
 7  3 0.00000000E+00-8.02025373E-04 0.00000000E+00 0.00000000E+00 0.00000000E+00
 7  4 0.00000000E+00 0.00000000E+00 0.00000000E+00 1.69067727E-03 0.00000000E+00
 7  5 0.00000000E+00 0.00000000E+00 0.00000000E+00 1.09679565E-03 0.00000000E+00
 7  6 0.00000000E+00-5.89492499E-04 0.00000000E+00 0.00000000E+00 0.00000000E+00
 7  7 0.00000000E+00 5.33622451E-04 0.00000000E+00-5.99320338E-04 0.00000000E+00
 7  8 0.00000000E+00 0.00000000E+00 0.00000000E+00 1.09679565E-03 0.00000000E+00
 7  9 0.00000000E+00-5.89492499E-04 0.00000000E+00 0.00000000E+00 0.00000000E+00
 7 10 0.00000000E+00-5.33622451E-04 0.00000000E+00-5.99320338E-04
 8  1 6.33346204E-02-2.12542899E-01 3.01931760E-01 7.00047603E-02 0.00000000E+00
 8  2 0.00000000E+00-1.40961003E-01 0.00000000E+00 0.00000000E+00 1.88077380E-01
 8  3 0.00000000E+00 0.00000000E+00-7.17239896E-03 2.13632732E-02-4.46356376E-02
 8  4 2.32723644E-02 0.00000000E+00 0.00000000E+00 0.00000000E+00-1.30029728E-01
 8  5 2.33079534E-01 1.89460282E-01 1.45357929E-01 0.00000000E+00-9.31964824E-02
 8  6 2.27214136E-02 0.00000000E+00-1.66514276E-02 1.05939602E-02-1.22145789E-02
 8  7 1.62061869E-03 0.00000000E+00-2.29577035E-02 0.00000000E+00-1.30029728E-01
 8  8 2.33079534E-01 1.89460282E-01-1.45357929E-01 0.00000000E+00-9.31964824E-02
 8  9-2.27214136E-02 0.00000000E+00-1.66514276E-02 1.05939602E-02-1.22145789E-02
 8 10 1.62061869E-03 0.00000000E+00 2.29577035E-02 0.00000000E+00
 9  1 0.00000000E+00 0.00000000E+00 0.00000000E+00 0.00000000E+00-2.25133826E-01
 9  2 0.00000000E+00 0.00000000E+00 3.43142970E-01 0.00000000E+00 0.00000000E+00
 9  3 2.19902015E-02 0.00000000E+00 0.00000000E+00 0.00000000E+00 0.00000000E+00
 9  4 0.00000000E+00 0.00000000E+00 1.23232764E-01 0.00000000E+00 1.55335370E-01
 9  5-2.71582534E-01-2.62148994E-01-9.74580621E-02 0.00000000E+00 1.37473516E-01
 9  6-1.66175525E-02 0.00000000E+00 2.09685807E-02-8.07593724E-03 1.57606459E-02
 9  7-7.68470863E-03 0.00000000E+00 2.77871095E-02 0.00000000E+00-1.55335370E-01
 9  8 2.71582534E-01 2.62148994E-01-9.74580621E-02 0.00000000E+00-1.37473516E-01
 9  9-1.66175525E-02 0.00000000E+00-2.09685807E-02 8.07593724E-03-1.57606459E-02
 9 10 7.68470863E-03 0.00000000E+00 2.77871095E-02 0.00000000E+00
10  1 0.00000000E+00 0.00000000E+00 0.00000000E+00 0.00000000E+00 0.00000000E+00
10  2-2.12738884E-01 0.00000000E+00 0.00000000E+00 4.53320788E-01 0.00000000E+00
10  3 0.00000000E+00 1.19354354E-01 0.00000000E+00 0.00000000E+00 0.00000000E+00
10  4 0.00000000E+00 0.00000000E+00 0.00000000E+00 9.89672929E-02 0.00000000E+00
10  5 0.00000000E+00 0.00000000E+00 0.00000000E+00 3.34773447E-01 0.00000000E+00
10  6 0.00000000E+00 1.51822871E-01 0.00000000E+00 0.00000000E+00 0.00000000E+00
10  7 0.00000000E+00 2.57049185E-02 0.00000000E+00-1.97229289E-02 0.00000000E+00
10  8 0.00000000E+00 0.00000000E+00 0.00000000E+00 3.34773447E-01 0.00000000E+00
10  9 0.00000000E+00 1.51822871E-01 0.00000000E+00 0.00000000E+00 0.00000000E+00
10 10 0.00000000E+00-2.57049185E-02 0.00000000E+00-1.97229289E-02
11  1-4.11686787E-02 1.23032406E-01-2.47989010E-01-2.84394617E-01 0.00000000E+00
11  2 0.00000000E+00-1.61084914E-01 0.00000000E+00 0.00000000E+00 3.41950376E-01
11  3 0.00000000E+00 0.00000000E+00 9.99606142E-02-1.03538894E-01-2.02704436E-02
11  4 1.23809338E-01 0.00000000E+00 0.00000000E+00 0.00000000E+00-2.63335143E-02
11  5 4.26562866E-02 8.71359961E-02 1.57077991E-01 0.00000000E+00 2.59860076E-01
11  6 7.07016501E-02 0.00000000E+00 1.11970811E-01 2.15183341E-02-1.38746447E-03
11  7-2.01308697E-02 0.00000000E+00 9.55136000E-03 0.00000000E+00-2.63335143E-02
11  8 4.26562866E-02 8.71359961E-02-1.57077991E-01 0.00000000E+00 2.59860076E-01
11  9-7.07016501E-02 0.00000000E+00 1.11970811E-01 2.15183341E-02-1.38746447E-03
11 10-2.01308697E-02 0.00000000E+00-9.55136000E-03 0.00000000E+00
12  1 3.72879554E-02-9.43527346E-02 2.43316805E-01-1.43286548E-02 0.00000000E+00
12  2 0.00000000E+00-6.60661698E-02 0.00000000E+00 0.00000000E+00 1.12190718E-01
12  3 0.00000000E+00 0.00000000E+00-6.91716628E-02-6.77595288E-02 8.61491739E-03
12  4 5.91446114E-02 0.00000000E+00 0.00000000E+00 0.00000000E+00 8.80194275E-02
12  5-1.80154896E-01-3.21495293E-01 3.49405940E-01 0.00000000E+00-9.64129864E-02
12  6 1.82218628E-01 0.00000000E+00-5.19828106E-02 2.01428224E-02-1.34059983E-02
12  7-6.73682408E-03 0.00000000E+00-1.69376881E-02 0.00000000E+00 8.80194275E-02
12  8-1.80154896E-01-3.21495293E-01-3.49405940E-01 0.00000000E+00-9.64129864E-02
12  9-1.82218628E-01 0.00000000E+00-5.19828106E-02 2.01428224E-02-1.34059983E-02
12 10-6.73682408E-03 0.00000000E+00 1.69376881E-02 0.00000000E+00
13  1 0.00000000E+00 0.00000000E+00 0.00000000E+00 0.00000000E+00-1.63475802E-01
13  2 0.00000000E+00 0.00000000E+00 3.15110773E-01 0.00000000E+00 0.00000000E+00
13  3 7.99380163E-04 0.00000000E+00 0.00000000E+00 0.00000000E+00 0.00000000E+00
13  4 0.00000000E+00 0.00000000E+00 2.51753360E-02 0.00000000E+00-6.90394018E-02
13  5 1.47193721E-01 3.02482086E-01-2.01186953E-01 0.00000000E+00 3.55368009E-01
13  6-1.04095532E-01 0.00000000E+00 1.90322481E-01-4.81168448E-04 1.76737608E-02
13  7-1.71925924E-02 0.00000000E+00 2.49379910E-02 0.00000000E+00 6.90394018E-02
13  8-1.47193721E-01-3.02482086E-01-2.01186953E-01 0.00000000E+00-3.55368009E-01
13  9-1.04095532E-01 0.00000000E+00-1.90322481E-01 4.81168448E-04-1.76737608E-02
13 10 1.71925924E-02 0.00000000E+00 2.49379910E-02 0.00000000E+00
14  1 0.00000000E+00 0.00000000E+00 0.00000000E+00 0.00000000E+00 0.00000000E+00
14  2 0.00000000E+00 0.00000000E+00 0.00000000E+00 0.00000000E+00 0.00000000E+00
14  3 0.00000000E+00 0.00000000E+00 0.00000000E+00 0.00000000E+00 0.00000000E+00
14  4 0.00000000E+00-1.87196254E-01 0.00000000E+00 0.00000000E+00 0.00000000E+00
14  5 0.00000000E+00 0.00000000E+00 0.00000000E+00 4.69297912E-01 0.00000000E+00
14  6 0.00000000E+00 3.05332827E-01 0.00000000E+00 0.00000000E+00 0.00000000E+00
14  7 0.00000000E+00 2.43658579E-02 0.00000000E+00-2.44535147E-02 0.00000000E+00
14  8 0.00000000E+00 0.00000000E+00 0.00000000E+00-4.69297912E-01 0.00000000E+00
14  9 0.00000000E+00-3.05332827E-01 0.00000000E+00 0.00000000E+00 0.00000000E+00
14 10 0.00000000E+00 2.43658579E-02 0.00000000E+00 2.44535147E-02
15  1 2.09119233E-02-8.42625142E-02 1.17022914E-01 7.72856043E-01 0.00000000E+00
15  2 0.00000000E+00 1.77877369E-01 0.00000000E+00 0.00000000E+00-3.59578323E-01
15  3 0.00000000E+00 0.00000000E+00-1.85304836E-01-1.65601360E-01 6.88290367E-02
15  4 9.67723230E-02 0.00000000E+00 0.00000000E+00 0.00000000E+00 2.22396842E-02
15  5-4.13673588E-02-1.24552491E-01-2.05612769E-03 0.00000000E+00 3.45789547E-01
15  6 1.09242313E-02 0.00000000E+00 2.57223912E-01 1.26803489E-03 1.10206688E-02
15  7-1.22887037E-02 0.00000000E+00 2.74673060E-02 0.00000000E+00 2.22396842E-02
15  8-4.13673588E-02-1.24552491E-01 2.05612769E-03 0.00000000E+00 3.45789547E-01
15  9-1.09242313E-02 0.00000000E+00 2.57223912E-01 1.26803489E-03 1.10206688E-02
15 10-1.22887037E-02 0.00000000E+00-2.74673060E-02 0.00000000E+00
16  1 0.00000000E+00 0.00000000E+00 0.00000000E+00 0.00000000E+00 6.41997204E-03
16  2 0.00000000E+00 0.00000000E+00 2.98584619E-02 0.00000000E+00 0.00000000E+00
16  3 1.63734639E-01 0.00000000E+00 0.00000000E+00 0.00000000E+00 0.00000000E+00
16  4 0.00000000E+00 0.00000000E+00-1.68225394E-01 0.00000000E+00-2.72753776E-02
16  5 4.63923721E-02 1.17438193E-01 4.60979866E-01 0.00000000E+00 1.95626706E-01
16  6 2.95167340E-01 0.00000000E+00 1.66744032E-01 3.49860140E-02-7.58797310E-03
16  7-2.73980409E-02 0.00000000E+00-2.40818990E-02 0.00000000E+00 2.72753776E-02
16  8-4.63923721E-02-1.17438193E-01 4.60979866E-01 0.00000000E+00-1.95626706E-01
16  9 2.95167340E-01 0.00000000E+00-1.66744032E-01-3.49860140E-02 7.58797310E-03
16 10 2.73980409E-02 0.00000000E+00-2.40818990E-02 0.00000000E+00
17  1 0.00000000E+00 0.00000000E+00 0.00000000E+00 0.00000000E+00 0.00000000E+00
17  2-1.80911857E-01 0.00000000E+00 0.00000000E+00 4.86525349E-01 0.00000000E+00
17  3 0.00000000E+00 8.42760930E-01 0.00000000E+00 0.00000000E+00 0.00000000E+00
17  4 0.00000000E+00 0.00000000E+00 0.00000000E+00-1.89378825E-01 0.00000000E+00
17  5 0.00000000E+00 0.00000000E+00 0.00000000E+00-3.05287058E-01 0.00000000E+00
17  6 0.00000000E+00-4.03827041E-01 0.00000000E+00 0.00000000E+00 0.00000000E+00
17  7 0.00000000E+00-1.15448422E-02 0.00000000E+00-2.67859830E-03 0.00000000E+00
17  8 0.00000000E+00 0.00000000E+00 0.00000000E+00-3.05287058E-01 0.00000000E+00
17  9 0.00000000E+00-4.03827041E-01 0.00000000E+00 0.00000000E+00 0.00000000E+00
17 10 0.00000000E+00 1.15448422E-02 0.00000000E+00-2.67859830E-03
18  1 0.00000000E+00 0.00000000E+00 0.00000000E+00 0.00000000E+00-7.61601599E-02
18  2 0.00000000E+00 0.00000000E+00 2.27905644E-01 0.00000000E+00 0.00000000E+00
18  3 1.45505407E+00 0.00000000E+00 0.00000000E+00 0.00000000E+00 0.00000000E+00
18  4 0.00000000E+00 0.00000000E+00-2.12162295E-01 0.00000000E+00-4.99716087E-02
18  5 4.27117817E-02 6.37302732E-01-1.46718440E-01 0.00000000E+00-2.44673869E-01
18  6-2.65403695E-01 0.00000000E+00-3.17240699E-01-1.95478749E-03-7.86837656E-03
18  7 9.82316406E-03 0.00000000E+00-1.58532092E-02 0.00000000E+00 4.99716087E-02
18  8-4.27117817E-02-6.37302732E-01-1.46718440E-01 0.00000000E+00 2.44673869E-01
18  9-2.65403695E-01 0.00000000E+00 3.17240699E-01 1.95478749E-03 7.86837656E-03
18 10-9.82316406E-03 0.00000000E+00-1.58532092E-02 0.00000000E+00
19  1 4.29251631E-03-1.12992383E-01-8.58550354E-02 1.78684975E+00 0.00000000E+00
19  2 0.00000000E+00-2.05834903E-02 0.00000000E+00 0.00000000E+00 1.35608243E-01
19  3 0.00000000E+00 0.00000000E+00 1.51677895E+00-9.58179640E-02 2.81358072E-01
19  4-1.85540108E-01 0.00000000E+00 0.00000000E+00 0.00000000E+00 6.94643782E-02
19  5-5.72181101E-02-1.11522294E+00-6.96111843E-02 0.00000000E+00-4.49815455E-03
19  6-2.57056902E-01 0.00000000E+00-3.91175550E-02-2.34456149E-02 3.03073624E-02
19  7-6.86174756E-03 0.00000000E+00 7.37672468E-03 0.00000000E+00 6.94643782E-02
19  8-5.72181101E-02-1.11522294E+00 6.96111843E-02 0.00000000E+00-4.49815455E-03
19  9 2.57056902E-01 0.00000000E+00-3.91175550E-02-2.34456149E-02 3.03073624E-02
19 10-6.86174756E-03 0.00000000E+00-7.37672468E-03 0.00000000E+00
20  1 0.00000000E+00 0.00000000E+00 0.00000000E+00 0.00000000E+00 0.00000000E+00
20  2-3.04654682E-01 0.00000000E+00 0.00000000E+00 1.14079822E+00 0.00000000E+00
20  3 0.00000000E+00-1.09810956E+00 0.00000000E+00 0.00000000E+00 0.00000000E+00
20  4 0.00000000E+00 0.00000000E+00 0.00000000E+00 2.15797368E-02 0.00000000E+00
20  5 0.00000000E+00 0.00000000E+00 0.00000000E+00-3.32116528E-02 0.00000000E+00
20  6 0.00000000E+00-4.57300111E-02 0.00000000E+00 0.00000000E+00 0.00000000E+00
20  7 0.00000000E+00 3.17809910E-02 0.00000000E+00-2.59563507E-02 0.00000000E+00
20  8 0.00000000E+00 0.00000000E+00 0.00000000E+00-3.32116528E-02 0.00000000E+00
20  9 0.00000000E+00-4.57300111E-02 0.00000000E+00 0.00000000E+00 0.00000000E+00
20 10 0.00000000E+00-3.17809910E-02 0.00000000E+00-2.59563507E-02
21  1-6.76592767E-02-1.73974030E-01-9.49895192E-01 1.62355573E+00 0.00000000E+00
21  2 0.00000000E+00-2.47038981E-01 0.00000000E+00 0.00000000E+00 1.00907281E+00
21  3 0.00000000E+00 0.00000000E+00-6.02547116E-01-1.30882624E-01 2.05888043E-01
21  4-7.50054192E-02 0.00000000E+00 0.00000000E+00 0.00000000E+00 1.68898757E-02
21  5-4.01894429E-02-3.04805231E-01 1.74942746E-02 0.00000000E+00-2.84701635E-02
21  6-2.19011079E-01 0.00000000E+00 8.47757369E-02 1.12777112E-02 2.15535671E-02
21  7-3.28312783E-02 0.00000000E+00 1.58568881E-02 0.00000000E+00 1.68898757E-02
21  8-4.01894429E-02-3.04805231E-01-1.74942746E-02 0.00000000E+00-2.84701635E-02
21  9 2.19011079E-01 0.00000000E+00 8.47757369E-02 1.12777112E-02 2.15535671E-02
21 10-3.28312783E-02 0.00000000E+00-1.58568881E-02 0.00000000E+00
22  1 0.00000000E+00 0.00000000E+00 0.00000000E+00 0.00000000E+00 1.40701072E-01
22  2 0.00000000E+00 0.00000000E+00-2.62563064E-01 0.00000000E+00 0.00000000E+00
22  3 1.04195395E+00 0.00000000E+00 0.00000000E+00 0.00000000E+00 0.00000000E+00
22  4 0.00000000E+00 0.00000000E+00 7.12837527E-01 0.00000000E+00-1.72034208E-02
22  5-2.10463504E-02 1.05968285E+00-1.79663984E-01 0.00000000E+00 1.98011809E-01
22  6 6.38775444E-01 0.00000000E+00-3.12942471E-01-4.96344041E-03-2.29267018E-02
22  7 2.78901422E-02 0.00000000E+00-2.63165884E-02 0.00000000E+00 1.72034208E-02
22  8 2.10463504E-02-1.05968285E+00-1.79663984E-01 0.00000000E+00-1.98011809E-01
22  9 6.38775444E-01 0.00000000E+00 3.12942471E-01 4.96344041E-03 2.29267018E-02
22 10-2.78901422E-02 0.00000000E+00-2.63165884E-02 0.00000000E+00
23  1-1.77250456E-02 9.72888927E-02-6.99738608E-02 2.29547526E+00 0.00000000E+00
23  2 0.00000000E+00-3.62803929E-03 0.00000000E+00 0.00000000E+00 2.56471981E-01
23  3 0.00000000E+00 0.00000000E+00 6.02288804E-01 5.18011878E-01-6.89699247E-01
23  4 1.71687369E-01 0.00000000E+00 0.00000000E+00 0.00000000E+00 3.27954643E-02
23  5-1.61343551E-02-1.23534100E+00 1.96199983E-01 0.00000000E+00-2.45469007E-01
23  6-5.19834590E-01 0.00000000E+00 6.72632799E-01-6.95279489E-03-5.75013155E-03
23  7 1.27029264E-02 0.00000000E+00 4.72439144E-02 0.00000000E+00 3.27954643E-02
23  8-1.61343551E-02-1.23534100E+00-1.96199983E-01 0.00000000E+00-2.45469007E-01
23  9 5.19834590E-01 0.00000000E+00 6.72632799E-01-6.95279489E-03-5.75013155E-03
23 10 1.27029264E-02 0.00000000E+00-4.72439144E-02 0.00000000E+00
24  1 5.70913851E-02 2.95160393E-01 9.96166239E-01 1.05620492E-01 0.00000000E+00
24  2 0.00000000E+00-5.91494511E-02 0.00000000E+00 0.00000000E+00 4.21556921E-01
24  3 0.00000000E+00 0.00000000E+00 5.11506873E-01-5.27078615E-01-7.18242142E-02
24  4 5.98902829E-01 0.00000000E+00 0.00000000E+00 0.00000000E+00 2.71818487E-02
24  5-2.77321856E-02-4.04256714E-01 1.93144624E-01 0.00000000E+00 1.24303799E-01
24  6-8.85565428E-01 0.00000000E+00-1.55270371E-01 2.29853329E-02-3.05292134E-03
24  7-1.99324115E-02 0.00000000E+00-4.35441341E-03 0.00000000E+00 2.71818487E-02
24  8-2.77321856E-02-4.04256714E-01-1.93144624E-01 0.00000000E+00 1.24303799E-01
24  9 8.85565428E-01 0.00000000E+00-1.55270371E-01 2.29853329E-02-3.05292134E-03
24 10-1.99324115E-02 0.00000000E+00 4.35441341E-03 0.00000000E+00
25  1 0.00000000E+00 0.00000000E+00 0.00000000E+00 0.00000000E+00-2.42508226E-01
25  2 0.00000000E+00 0.00000000E+00 1.34142893E+00 0.00000000E+00 0.00000000E+00
25  3-4.08944609E-01 0.00000000E+00 0.00000000E+00 0.00000000E+00 0.00000000E+00
25  4 0.00000000E+00 0.00000000E+00-1.25495622E-01 0.00000000E+00-5.80610851E-02
25  5 7.37376685E-02 7.50273784E-01-8.76955983E-02 0.00000000E+00 1.48022153E-01
25  6 9.62183703E-01 0.00000000E+00-8.85557424E-01 3.10001563E-02-3.43340585E-04
25  7-3.06568157E-02 0.00000000E+00-1.26449350E-02 0.00000000E+00 5.80610851E-02
25  8-7.37376685E-02-7.50273784E-01-8.76955983E-02 0.00000000E+00-1.48022153E-01
25  9 9.62183703E-01 0.00000000E+00 8.85557424E-01-3.10001563E-02 3.43340585E-04
25 10 3.06568157E-02 0.00000000E+00-1.26449350E-02 0.00000000E+00
26  1 0.00000000E+00 0.00000000E+00 0.00000000E+00 0.00000000E+00 0.00000000E+00
26  2 0.00000000E+00 0.00000000E+00 0.00000000E+00 0.00000000E+00 0.00000000E+00
26  3 0.00000000E+00 0.00000000E+00 0.00000000E+00 0.00000000E+00 0.00000000E+00
26  4 0.00000000E+00 9.55055840E-01 0.00000000E+00 0.00000000E+00 0.00000000E+00
26  5 0.00000000E+00 0.00000000E+00 0.00000000E+00-1.11499463E-01 0.00000000E+00
26  6 0.00000000E+00 8.03372282E-01 0.00000000E+00 0.00000000E+00 0.00000000E+00
26  7 0.00000000E+00-1.65927935E-02 0.00000000E+00 4.33630337E-02 0.00000000E+00
26  8 0.00000000E+00 0.00000000E+00 0.00000000E+00 1.11499463E-01 0.00000000E+00
26  9 0.00000000E+00-8.03372282E-01 0.00000000E+00 0.00000000E+00 0.00000000E+00
26 10 0.00000000E+00-1.65927935E-02 0.00000000E+00-4.33630337E-02
27  1 0.00000000E+00 0.00000000E+00 0.00000000E+00 0.00000000E+00 0.00000000E+00
27  2-1.69124071E-02 0.00000000E+00 0.00000000E+00 6.80570504E-02 0.00000000E+00
27  3 0.00000000E+00 6.52536091E-01 0.00000000E+00 0.00000000E+00 0.00000000E+00
27  4 0.00000000E+00 0.00000000E+00 0.00000000E+00 1.06648737E+00 0.00000000E+00
27  5 0.00000000E+00 0.00000000E+00 0.00000000E+00-2.33257427E-01 0.00000000E+00
27  6 0.00000000E+00-4.65842414E-01 0.00000000E+00 0.00000000E+00 0.00000000E+00
27  7 0.00000000E+00 6.12547209E-02 0.00000000E+00 2.72053705E-02 0.00000000E+00
27  8 0.00000000E+00 0.00000000E+00 0.00000000E+00-2.33257427E-01 0.00000000E+00
27  9 0.00000000E+00-4.65842414E-01 0.00000000E+00 0.00000000E+00 0.00000000E+00
27 10 0.00000000E+00-6.12547209E-02 0.00000000E+00 2.72053705E-02
28  1 8.30142203E-02 5.08010936E-01 1.54317178E+00-6.42705118E-01 0.00000000E+00
28  2 0.00000000E+00-1.04637563E-01 0.00000000E+00 0.00000000E+00 5.36770953E-01
28  3 0.00000000E+00 0.00000000E+00-9.49759161E-01 3.53220081E-02 4.72742056E-01
28  4-5.08064065E-01 0.00000000E+00 0.00000000E+00 0.00000000E+00 2.58688030E-02
28  5 4.33194075E-02-4.42889153E-02-7.38184201E-02 0.00000000E+00-2.08666326E-01
28  6-2.87176181E-01 0.00000000E+00 9.67793369E-01 3.38747458E-03 6.83774333E-03
28  7-1.02252179E-02 0.00000000E+00-3.11314975E-02 0.00000000E+00 2.58688030E-02
28  8 4.33194075E-02-4.42889153E-02 7.38184201E-02 0.00000000E+00-2.08666326E-01
28  9 2.87176181E-01 0.00000000E+00 9.67793369E-01 3.38747458E-03 6.83774333E-03
28 10-1.02252179E-02 0.00000000E+00 3.11314975E-02 0.00000000E+00
29  1 0.00000000E+00 0.00000000E+00 0.00000000E+00 0.00000000E+00 0.00000000E+00
29  2 0.00000000E+00 0.00000000E+00 0.00000000E+00 0.00000000E+00 0.00000000E+00
29  3 0.00000000E+00 0.00000000E+00 0.00000000E+00 0.00000000E+00 0.00000000E+00
29  4 0.00000000E+00 5.27659359E-01 0.00000000E+00 0.00000000E+00 0.00000000E+00
29  5 0.00000000E+00 0.00000000E+00 0.00000000E+00 6.59837526E-01 0.00000000E+00
29  6 0.00000000E+00-5.57095290E-01 0.00000000E+00 0.00000000E+00 0.00000000E+00
29  7 0.00000000E+00 3.84824447E-02 0.00000000E+00 3.71180682E-02 0.00000000E+00
29  8 0.00000000E+00 0.00000000E+00 0.00000000E+00-6.59837526E-01 0.00000000E+00
29  9 0.00000000E+00 5.57095290E-01 0.00000000E+00 0.00000000E+00 0.00000000E+00
29 10 0.00000000E+00 3.84824447E-02 0.00000000E+00-3.71180682E-02
30  1 0.00000000E+00 0.00000000E+00 0.00000000E+00 0.00000000E+00 0.00000000E+00
30  2-4.81902966E-02 0.00000000E+00 0.00000000E+00 7.12834976E-02 0.00000000E+00
30  3 0.00000000E+00-9.44498224E-01 0.00000000E+00 0.00000000E+00 0.00000000E+00
30  4 0.00000000E+00 0.00000000E+00 0.00000000E+00-1.01936983E-01 0.00000000E+00
30  5 0.00000000E+00 0.00000000E+00 0.00000000E+00-6.46373706E-01 0.00000000E+00
30  6 0.00000000E+00 9.98446899E-01 0.00000000E+00 0.00000000E+00 0.00000000E+00
30  7 0.00000000E+00 2.28708835E-02 0.00000000E+00 3.07278970E-02 0.00000000E+00
30  8 0.00000000E+00 0.00000000E+00 0.00000000E+00-6.46373706E-01 0.00000000E+00
30  9 0.00000000E+00 9.98446899E-01 0.00000000E+00 0.00000000E+00 0.00000000E+00
30 10 0.00000000E+00-2.28708835E-02 0.00000000E+00 3.07278970E-02
31  1 0.00000000E+00 0.00000000E+00 0.00000000E+00 0.00000000E+00 4.88001833E-02
31  2 0.00000000E+00 0.00000000E+00-2.07057812E-01 0.00000000E+00 0.00000000E+00
31  3 1.18705981E+00 0.00000000E+00 0.00000000E+00 0.00000000E+00 0.00000000E+00
31  4 0.00000000E+00 0.00000000E+00 1.42840470E-01 0.00000000E+00 1.15891615E-02
31  5 1.85900279E-02 9.95171052E-02 4.04009001E-01 0.00000000E+00 4.46236800E-01
31  6-1.11336658E+00 0.00000000E+00-8.25934968E-01 4.41553599E-02-2.62361406E-02
31  7-1.79192193E-02 0.00000000E+00 2.92465740E-02 0.00000000E+00-1.15891615E-02
31  8-1.85900279E-02-9.95171052E-02 4.04009001E-01 0.00000000E+00-4.46236800E-01
31  9-1.11336658E+00 0.00000000E+00 8.25934968E-01-4.41553599E-02 2.62361406E-02
31 10 1.79192193E-02 0.00000000E+00 2.92465740E-02 0.00000000E+00
32  1-1.06294695E-02-6.15296506E-02-1.93406442E-01 4.53823156E-02 0.00000000E+00
32  2 0.00000000E+00-1.17876872E-02 0.00000000E+00 0.00000000E+00-3.03967975E-02
32  3 0.00000000E+00 0.00000000E+00 1.05968110E-01-7.02737720E-01-4.21293902E-02
32  4 7.44867110E-01 0.00000000E+00 0.00000000E+00 0.00000000E+00 2.56177567E-03
32  5 3.78133862E-02-1.27744377E-02-4.23272260E-01 0.00000000E+00-4.93396822E-01
32  6 2.02622865E-01 0.00000000E+00 3.65670008E-02 5.40017446E-02 1.32833338E-02
32  7-6.72850784E-02 0.00000000E+00 2.24135198E-02 0.00000000E+00 2.56177567E-03
32  8 3.78133862E-02-1.27744377E-02 4.23272260E-01 0.00000000E+00-4.93396822E-01
32  9-2.02622865E-01 0.00000000E+00 3.65670008E-02 5.40017446E-02 1.32833338E-02
32 10-6.72850784E-02 0.00000000E+00-2.24135198E-02 0.00000000E+00
33  1 4.16875880E-02-3.52167833E-02 4.59452493E-01-1.18419721E+00 0.00000000E+00
33  2 0.00000000E+00-1.12000116E-01 0.00000000E+00 0.00000000E+00 3.20632045E-01
33  3 0.00000000E+00 0.00000000E+00-5.81872198E-01 4.47342228E-01-2.87817002E-01
33  4-1.59525226E-01 0.00000000E+00 0.00000000E+00 0.00000000E+00 2.48503021E-02
33  5-1.03746410E+00 1.19310433E+00-2.96350753E-01 0.00000000E+00 2.01199925E-01
33  6 2.62799409E-01 0.00000000E+00-6.97408309E-02 2.47102873E-01-2.35224007E-01
33  7-1.18788652E-02 0.00000000E+00 1.70121562E-01 0.00000000E+00 2.48503021E-02
33  8-1.03746410E+00 1.19310433E+00 2.96350753E-01 0.00000000E+00 2.01199925E-01
33  9-2.62799409E-01 0.00000000E+00-6.97408309E-02 2.47102873E-01-2.35224007E-01
33 10-1.18788652E-02 0.00000000E+00-1.70121562E-01 0.00000000E+00
34  1 0.00000000E+00 0.00000000E+00 0.00000000E+00 0.00000000E+00-1.30044039E-01
34  2 0.00000000E+00 0.00000000E+00 8.42747359E-01 0.00000000E+00 0.00000000E+00
34  3 9.10608234E-01 0.00000000E+00 0.00000000E+00 0.00000000E+00 0.00000000E+00
34  4 0.00000000E+00 0.00000000E+00 3.95865138E-01 0.00000000E+00-4.80765195E-03
34  5-1.00218153E+00 2.34752797E+00 2.73233057E-01 0.00000000E+00-2.06529621E-01
34  6 3.94884955E-01 0.00000000E+00-3.89288840E-01-1.47922756E-01 2.10417543E-01
34  7-6.24947870E-02 0.00000000E+00 1.06493575E-01 0.00000000E+00 4.80765195E-03
34  8 1.00218153E+00-2.34752797E+00 2.73233057E-01 0.00000000E+00 2.06529621E-01
34  9 3.94884955E-01 0.00000000E+00 3.89288840E-01 1.47922756E-01-2.10417543E-01
34 10 6.24947870E-02 0.00000000E+00 1.06493575E-01 0.00000000E+00
35  1 4.00555419E-02 3.61438415E-04 4.72851343E-01 2.69394822E+00 0.00000000E+00
35  2 0.00000000E+00-2.01617451E-01 0.00000000E+00 0.00000000E+00 1.07804559E+00
35  3 0.00000000E+00 0.00000000E+00 9.77813294E-01 5.00383328E-01-6.97446128E-01
35  4 1.97062800E-01 0.00000000E+00 0.00000000E+00 0.00000000E+00 2.10867060E-02
35  5 5.81257329E-01-2.52250726E+00-4.93578934E-01 0.00000000E+00 3.70422023E-01
35  6-2.79026099E-01 0.00000000E+00 1.97257963E-01 1.09094341E-01-1.09001703E-01
35  7-9.26377229E-05 0.00000000E+00-1.72675852E-01 0.00000000E+00 2.10867060E-02
35  8 5.81257329E-01-2.52250726E+00 4.93578934E-01 0.00000000E+00 3.70422023E-01
35  9 2.79026099E-01 0.00000000E+00 1.97257963E-01 1.09094341E-01-1.09001703E-01
35 10-9.26377229E-05 0.00000000E+00 1.72675852E-01 0.00000000E+00
36  1 0.00000000E+00 0.00000000E+00 0.00000000E+00 0.00000000E+00-2.13594521E-01
36  2 0.00000000E+00 0.00000000E+00 8.70511448E-01 0.00000000E+00 0.00000000E+00
36  3 2.06017427E-02 0.00000000E+00 0.00000000E+00 0.00000000E+00 0.00000000E+00
36  4 0.00000000E+00 0.00000000E+00 8.90452538E-01 0.00000000E+00 2.11873710E-03
36  5 5.98863212E-01 2.05151497E-01 3.55528800E-01 0.00000000E+00-3.98945634E-01
36  6 6.46423074E-02 0.00000000E+00 1.20952343E-01 9.87984222E-02-3.05927804E-01
36  7 2.07129382E-01 0.00000000E+00 3.59055565E-01 0.00000000E+00-2.11873710E-03
36  8-5.98863212E-01-2.05151497E-01 3.55528800E-01 0.00000000E+00 3.98945634E-01
36  9 6.46423074E-02 0.00000000E+00-1.20952343E-01-9.87984222E-02 3.05927804E-01
36 10-2.07129382E-01 0.00000000E+00 3.59055565E-01 0.00000000E+00
37  1 0.00000000E+00 0.00000000E+00 0.00000000E+00 0.00000000E+00 0.00000000E+00
37  2-1.04138120E-02 0.00000000E+00 0.00000000E+00 8.49009071E-02 0.00000000E+00
37  3 0.00000000E+00 3.65473498E-02 0.00000000E+00 0.00000000E+00 0.00000000E+00
37  4 0.00000000E+00 0.00000000E+00 0.00000000E+00-2.15685916E-01 0.00000000E+00
37  5 0.00000000E+00 0.00000000E+00 0.00000000E+00 8.64037475E-02 0.00000000E+00
37  6 0.00000000E+00-8.04128628E-02 0.00000000E+00 0.00000000E+00 0.00000000E+00
37  7 0.00000000E+00 3.68915390E-01 0.00000000E+00 6.02863386E-01 0.00000000E+00
37  8 0.00000000E+00 0.00000000E+00 0.00000000E+00 8.64037475E-02 0.00000000E+00
37  9 0.00000000E+00-8.04128628E-02 0.00000000E+00 0.00000000E+00 0.00000000E+00
37 10 0.00000000E+00-3.68915390E-01 0.00000000E+00 6.02863386E-01
38  1 1.59571129E-02-7.91720549E-02 1.00833956E-01-6.95779776E-01 0.00000000E+00
38  2 0.00000000E+00-7.09410304E-02 0.00000000E+00 0.00000000E+00 2.22889197E-01
38  3 0.00000000E+00 0.00000000E+00-3.26619307E-01 2.07892237E-01-4.85040648E-01
38  4 2.77148411E-01 0.00000000E+00 0.00000000E+00 0.00000000E+00-2.69545877E-03
38  5-6.62263247E-01 7.75906275E-01-1.97817610E-01 0.00000000E+00 9.10335865E-02
38  6 2.00479328E-01 0.00000000E+00-1.14145503E-01-3.01139282E-01 5.43758245E-01
38  7-2.42618963E-01 0.00000000E+00-3.57391780E-01 0.00000000E+00-2.69545877E-03
38  8-6.62263247E-01 7.75906275E-01 1.97817610E-01 0.00000000E+00 9.10335865E-02
38  9-2.00479328E-01 0.00000000E+00-1.14145503E-01-3.01139282E-01 5.43758245E-01
38 10-2.42618963E-01 0.00000000E+00 3.57391780E-01 0.00000000E+00
39  1 0.00000000E+00 0.00000000E+00 0.00000000E+00 0.00000000E+00 0.00000000E+00
39  2 0.00000000E+00 0.00000000E+00 0.00000000E+00 0.00000000E+00 0.00000000E+00
39  3 0.00000000E+00 0.00000000E+00 0.00000000E+00 0.00000000E+00 0.00000000E+00
39  4 0.00000000E+00-6.24714594E-02 0.00000000E+00 0.00000000E+00 0.00000000E+00
39  5 0.00000000E+00 0.00000000E+00 0.00000000E+00-8.28089103E-02 0.00000000E+00
39  6 0.00000000E+00 1.21674858E-01 0.00000000E+00 0.00000000E+00 0.00000000E+00
39  7 0.00000000E+00 6.01103756E-01 0.00000000E+00 4.03834627E-01 0.00000000E+00
39  8 0.00000000E+00 0.00000000E+00 0.00000000E+00 8.28089103E-02 0.00000000E+00
39  9 0.00000000E+00-1.21674858E-01 0.00000000E+00 0.00000000E+00 0.00000000E+00
39 10 0.00000000E+00 6.01103756E-01 0.00000000E+00-4.03834627E-01
40  1 0.00000000E+00 0.00000000E+00 0.00000000E+00 0.00000000E+00-7.29150286E-02
40  2 0.00000000E+00 0.00000000E+00 1.87608538E-01 0.00000000E+00 0.00000000E+00
40  3-3.15783148E-02 0.00000000E+00 0.00000000E+00 0.00000000E+00 0.00000000E+00
40  4 0.00000000E+00 0.00000000E+00 8.35121408E-01 0.00000000E+00 1.39886198E-02
40  5 5.78031928E-01-1.71950518E-01 2.06687035E-01 0.00000000E+00-2.57201105E-01
40  6 8.53512695E-03 0.00000000E+00 2.21195343E-01 2.88173131E-01 3.67285548E-01
40  7-6.55458678E-01 0.00000000E+00-7.87757987E-02 0.00000000E+00-1.39886198E-02
40  8-5.78031928E-01 1.71950518E-01 2.06687035E-01 0.00000000E+00 2.57201105E-01
40  9 8.53512695E-03 0.00000000E+00-2.21195343E-01-2.88173131E-01-3.67285548E-01
40 10 6.55458678E-01 0.00000000E+00-7.87757987E-02 0.00000000E+00
41  1 0.00000000E+00 0.00000000E+00 0.00000000E+00 0.00000000E+00 0.00000000E+00
41  2 0.00000000E+00 0.00000000E+00 0.00000000E+00 0.00000000E+00 0.00000000E+00
41  3 0.00000000E+00 0.00000000E+00 0.00000000E+00 0.00000000E+00 0.00000000E+00
41  4 0.00000000E+00 8.29812756E-01 0.00000000E+00 0.00000000E+00 0.00000000E+00
41  5 0.00000000E+00 0.00000000E+00 0.00000000E+00 4.17910923E-02 0.00000000E+00
41  6 0.00000000E+00 3.66935963E-01 0.00000000E+00 0.00000000E+00 0.00000000E+00
41  7 0.00000000E+00 4.99351724E-01 0.00000000E+00-6.98429445E-01 0.00000000E+00
41  8 0.00000000E+00 0.00000000E+00 0.00000000E+00-4.17910923E-02 0.00000000E+00
41  9 0.00000000E+00-3.66935963E-01 0.00000000E+00 0.00000000E+00 0.00000000E+00
41 10 0.00000000E+00 4.99351724E-01 0.00000000E+00 6.98429445E-01
42  1 0.00000000E+00 0.00000000E+00 0.00000000E+00 0.00000000E+00 0.00000000E+00
42  2-1.20079359E-01 0.00000000E+00 0.00000000E+00 8.05505613E-01 0.00000000E+00
42  3 0.00000000E+00 2.13780656E-01 0.00000000E+00 0.00000000E+00 0.00000000E+00
42  4 0.00000000E+00 0.00000000E+00 0.00000000E+00 7.47086521E-01 0.00000000E+00
42  5 0.00000000E+00 0.00000000E+00 0.00000000E+00-8.49233890E-02 0.00000000E+00
42  6 0.00000000E+00-3.99463278E-01 0.00000000E+00 0.00000000E+00 0.00000000E+00
42  7 0.00000000E+00-7.56117315E-01 0.00000000E+00 4.66823538E-01 0.00000000E+00
42  8 0.00000000E+00 0.00000000E+00 0.00000000E+00-8.49233890E-02 0.00000000E+00
42  9 0.00000000E+00-3.99463278E-01 0.00000000E+00 0.00000000E+00 0.00000000E+00
42 10 0.00000000E+00 7.56117315E-01 0.00000000E+00 4.66823538E-01
43  1 0.00000000E+00 0.00000000E+00 0.00000000E+00 0.00000000E+00-2.58096116E-02
43  2 0.00000000E+00 0.00000000E+00 1.47817142E+00 0.00000000E+00 0.00000000E+00
43  3 2.25104995E-01 0.00000000E+00 0.00000000E+00 0.00000000E+00 0.00000000E+00
43  4 0.00000000E+00 0.00000000E+00 5.35437949E-01 0.00000000E+00-3.32976628E-02
43  5-6.42675270E-01 2.31924925E+00 1.76499791E-01 0.00000000E+00-2.29930678E-01
43  6 1.11933724E+00 0.00000000E+00-4.96696024E-01 6.68201627E-01-6.04239994E-01
43  7-6.39616335E-02 0.00000000E+00-4.77659894E-01 0.00000000E+00 3.32976628E-02
43  8 6.42675270E-01-2.31924925E+00 1.76499791E-01 0.00000000E+00 2.29930678E-01
43  9 1.11933724E+00 0.00000000E+00 4.96696024E-01-6.68201627E-01 6.04239994E-01
43 10 6.39616335E-02 0.00000000E+00-4.77659894E-01 0.00000000E+00
44  1 4.55168603E-02 5.73307752E-01 1.31685834E+00 8.60935256E-01 0.00000000E+00
44  2 0.00000000E+00 7.12594539E-02 0.00000000E+00 0.00000000E+00 2.82951961E-01
44  3 0.00000000E+00 0.00000000E+00-1.45133458E-02 1.03182100E+00-2.13643186E-01
44  4-8.18177815E-01 0.00000000E+00 0.00000000E+00 0.00000000E+00 1.86596255E-02
44  5 3.67480050E-01-1.30792520E+00 2.21734378E-03 0.00000000E+00 2.54341834E-01
44  6-3.08398048E-01 0.00000000E+00 7.10551060E-01 4.00284045E-01 3.95278842E-01
44  7-7.95562887E-01 0.00000000E+00 5.18155419E-01 0.00000000E+00 1.86596255E-02
44  8 3.67480050E-01-1.30792520E+00-2.21734378E-03 0.00000000E+00 2.54341834E-01
44  9 3.08398048E-01 0.00000000E+00 7.10551060E-01 4.00284045E-01 3.95278842E-01
44 10-7.95562887E-01 0.00000000E+00-5.18155419E-01 0.00000000E+00
45  1 0.00000000E+00 0.00000000E+00 0.00000000E+00 0.00000000E+00-2.05549758E-01
45  2 0.00000000E+00 0.00000000E+00 1.90930565E+00 0.00000000E+00 0.00000000E+00
45  3 3.76062874E-01 0.00000000E+00 0.00000000E+00 0.00000000E+00 0.00000000E+00
45  4 0.00000000E+00 0.00000000E+00 1.08114859E+00 0.00000000E+00 3.14881910E-03
45  5 4.78420549E-01 1.03440029E+00 4.90909940E-01 0.00000000E+00-3.53727475E-01
45  6 9.40625729E-02 0.00000000E+00-5.83264395E-01-3.90328416E-01 3.55207800E-02
45  7 3.54807636E-01 0.00000000E+00-6.73793407E-01 0.00000000E+00-3.14881910E-03
45  8-4.78420549E-01-1.03440029E+00 4.90909940E-01 0.00000000E+00 3.53727475E-01
45  9 9.40625729E-02 0.00000000E+00 5.83264395E-01 3.90328416E-01-3.55207800E-02
45 10-3.54807636E-01 0.00000000E+00-6.73793407E-01 0.00000000E+00
46  1 7.89117456E-02 7.95164419E-01 2.04247172E+00 1.22343275E+00 0.00000000E+00
46  2 0.00000000E+00-1.30474500E-01 0.00000000E+00 0.00000000E+00 1.87237567E+00
46  3 0.00000000E+00 0.00000000E+00 2.90564589E-01-2.20707868E-01-4.63422804E-01
46  4 6.84130672E-01 0.00000000E+00 0.00000000E+00 0.00000000E+00 3.67571338E-02
46  5 1.37023717E-01-1.78157436E+00-4.60040226E-01 0.00000000E+00 2.02917109E-01
46  6-7.95294686E-01 0.00000000E+00 4.08973127E-01-7.43133808E-01 3.43388631E-01
46  7 3.99745177E-01 0.00000000E+00 6.35655900E-01 0.00000000E+00 3.67571338E-02
46  8 1.37023717E-01-1.78157436E+00 4.60040226E-01 0.00000000E+00 2.02917109E-01
46  9 7.95294686E-01 0.00000000E+00 4.08973127E-01-7.43133808E-01 3.43388631E-01
46 10 3.99745177E-01 0.00000000E+00-6.35655900E-01 0.00000000E+00
 $END   
 POPULATION ANALYSIS
S           15.51538   0.48462  15.33867   0.66133
O            8.24231  -0.24231   8.33067  -0.33067
O            8.24231  -0.24231   8.33067  -0.33067
 MOMENTS AT POINT    1 X,Y,Z=  0.000000  0.000000  0.000000
 DIPOLE       0.000000  0.000000 -1.356557
