 $DATA  
Title                                                                           
CNV      2

S          16.0      0.0000000000      0.0000000000     -0.6719378592
   PC1     0
        
O           8.0      1.3435028843      0.0000000000      0.6715650251
   PC1     0
        
 $END      
 $ZMAT   IZMAT(1)=
         1,   3,   1,
         1,   2,   1,
         2,   2,   1,   3,
 $END
--- CLOSED SHELL ORBITALS --- GENERATED AT Thu Feb 26 00:21:25 2015
Title                                                                           
E(R-PBE)=     -548.1019638169, E(NUC)=   83.9037917759,   30 ITERS
 $VEC   
 1  1 1.00297870E+00-1.02447421E-02 1.83049138E-03-1.10880100E-03 0.00000000E+00
 1  2 0.00000000E+00 4.73467027E-05 0.00000000E+00 0.00000000E+00 1.66303256E-05
 1  3 0.00000000E+00 0.00000000E+00-1.66637189E-04-1.31697529E-05 3.59277984E-05
 1  4-2.27580455E-05 0.00000000E+00 0.00000000E+00 0.00000000E+00-4.84666050E-06
 1  5-5.10775696E-05 1.96227168E-04 6.30497004E-06 0.00000000E+00-9.23864540E-06
 1  6 5.33720351E-05 0.00000000E+00-3.00965525E-05-3.54100919E-06 1.50762474E-05
 1  7-1.15352382E-05 0.00000000E+00 2.43721497E-05 0.00000000E+00-4.84666050E-06
 1  8-5.10775696E-05 1.96227168E-04-6.30497004E-06 0.00000000E+00-9.23864540E-06
 1  9-5.33720351E-05 0.00000000E+00-3.00965525E-05-3.54100919E-06 1.50762474E-05
 1 10-1.15352382E-05 0.00000000E+00-2.43721497E-05 0.00000000E+00
 2  1-9.90571142E-05-1.29538092E-03-2.68854944E-03 7.19414501E-03 0.00000000E+00
 2  2 0.00000000E+00-1.01133880E-04 0.00000000E+00 0.00000000E+00 2.95357598E-04
 2  3 0.00000000E+00 0.00000000E+00 4.07447748E-03 5.26766234E-04-1.16013486E-03
 2  4 6.33368625E-04 0.00000000E+00 0.00000000E+00 0.00000000E+00 7.03250478E-01
 2  5 2.50162591E-02-1.06348289E-02 4.70287192E-04 0.00000000E+00-5.75559096E-04
 2  6-1.97017780E-03 0.00000000E+00 1.73873762E-03-1.51188739E-04 1.63810379E-04
 2  7-1.26216393E-05 0.00000000E+00 3.01719683E-04 0.00000000E+00 7.03250478E-01
 2  8 2.50162591E-02-1.06348289E-02-4.70287192E-04 0.00000000E+00-5.75559096E-04
 2  9 1.97017780E-03 0.00000000E+00 1.73873762E-03-1.51188739E-04 1.63810379E-04
 2 10-1.26216393E-05 0.00000000E+00-3.01719683E-04 0.00000000E+00
 3  1 0.00000000E+00 0.00000000E+00 0.00000000E+00 0.00000000E+00 1.04566519E-04
 3  2 0.00000000E+00 0.00000000E+00-4.36400589E-04 0.00000000E+00 0.00000000E+00
 3  3-2.71054762E-03 0.00000000E+00 0.00000000E+00 0.00000000E+00 0.00000000E+00
 3  4 0.00000000E+00 0.00000000E+00-1.38996340E-03 0.00000000E+00 7.03205206E-01
 3  5 2.46043469E-02-9.13264690E-03 5.70568016E-04 0.00000000E+00-5.77379407E-04
 3  6-1.30858220E-03 0.00000000E+00 1.43766338E-03-5.60608062E-05 1.68611492E-04
 3  7-1.12550686E-04 0.00000000E+00 1.89381615E-04 0.00000000E+00-7.03205206E-01
 3  8-2.46043469E-02 9.13264690E-03 5.70568016E-04 0.00000000E+00 5.77379407E-04
 3  9-1.30858220E-03 0.00000000E+00-1.43766338E-03 5.60608062E-05-1.68611492E-04
 3 10 1.12550686E-04 0.00000000E+00 1.89381615E-04 0.00000000E+00
 4  1-2.74112235E-01 1.03980345E+00 4.09383446E-02-1.38364732E-02 0.00000000E+00
 4  2 0.00000000E+00 5.94494999E-03 0.00000000E+00 0.00000000E+00 3.64163439E-04
 4  3 0.00000000E+00 0.00000000E+00-1.42656662E-03 1.46167766E-05 1.49709467E-04
 4  4-1.64326244E-04 0.00000000E+00 0.00000000E+00 0.00000000E+00-2.19288358E-05
 4  5-3.11660168E-04 1.62398766E-03 9.24287690E-06 0.00000000E+00-3.90622759E-05
 4  6 3.26962706E-04 0.00000000E+00-1.11261398E-04-9.06964746E-05 2.42185713E-04
 4  7-1.51489239E-04 0.00000000E+00 4.09219875E-04 0.00000000E+00-2.19288358E-05
 4  8-3.11660168E-04 1.62398766E-03-9.24287690E-06 0.00000000E+00-3.90622759E-05
 4  9-3.26962706E-04 0.00000000E+00-1.11261398E-04-9.06964746E-05 2.42185713E-04
 4 10-1.51489239E-04 0.00000000E+00-4.09219875E-04 0.00000000E+00
 5  1 0.00000000E+00 0.00000000E+00 0.00000000E+00 0.00000000E+00 9.96867011E-01
 5  2 0.00000000E+00 0.00000000E+00 8.99937546E-03 0.00000000E+00 0.00000000E+00
 5  3-1.85633318E-04 0.00000000E+00 0.00000000E+00 0.00000000E+00 0.00000000E+00
 5  4 0.00000000E+00 0.00000000E+00 2.12711299E-04 0.00000000E+00 1.19920991E-05
 5  5 2.95287871E-05 7.64776692E-06 2.81974772E-05 0.00000000E+00-2.58611318E-05
 5  6-2.40341497E-05 0.00000000E+00-1.01654580E-05-2.39237850E-05 1.73561623E-05
 5  7 6.56762271E-06 0.00000000E+00 2.87675415E-05 0.00000000E+00-1.19920991E-05
 5  8-2.95287871E-05-7.64776692E-06 2.81974772E-05 0.00000000E+00 2.58611318E-05
 5  9-2.40341497E-05 0.00000000E+00 1.01654580E-05 2.39237850E-05-1.73561623E-05
 5 10-6.56762271E-06 0.00000000E+00 2.87675415E-05 0.00000000E+00
 6  1 1.55574813E-03-6.25517799E-03-7.07259170E-04 3.26991090E-04 0.00000000E+00
 6  2 0.00000000E+00 9.96889195E-01 0.00000000E+00 0.00000000E+00 8.86568916E-03
 6  3 0.00000000E+00 0.00000000E+00-1.10708656E-04-9.44635630E-05-1.23949571E-04
 6  4 2.18413134E-04 0.00000000E+00 0.00000000E+00 0.00000000E+00-1.23800678E-05
 6  5-3.30894220E-05-3.22677289E-05-2.48691435E-05 0.00000000E+00 3.40943097E-05
 6  6-1.64304467E-05 0.00000000E+00-5.15735167E-05-9.46974490E-06-2.85206713E-05
 6  7 3.79904162E-05 0.00000000E+00-5.03211472E-05 0.00000000E+00-1.23800678E-05
 6  8-3.30894220E-05-3.22677289E-05 2.48691435E-05 0.00000000E+00 3.40943097E-05
 6  9 1.64304467E-05 0.00000000E+00-5.15735167E-05-9.46974490E-06-2.85206713E-05
 6 10 3.79904162E-05 0.00000000E+00 5.03211472E-05 0.00000000E+00
 7  1 0.00000000E+00 0.00000000E+00 0.00000000E+00 0.00000000E+00 0.00000000E+00
 7  2 9.96908304E-01 0.00000000E+00 0.00000000E+00 8.88867240E-03 0.00000000E+00
 7  3 0.00000000E+00-1.98115251E-04 0.00000000E+00 0.00000000E+00 0.00000000E+00
 7  4 0.00000000E+00 0.00000000E+00 0.00000000E+00 1.65016588E-04 0.00000000E+00
 7  5 0.00000000E+00 0.00000000E+00 0.00000000E+00 1.93984497E-06 0.00000000E+00
 7  6 0.00000000E+00-3.46815858E-05 0.00000000E+00 0.00000000E+00 0.00000000E+00
 7  7 0.00000000E+00-2.02594473E-05 0.00000000E+00 1.94553089E-05 0.00000000E+00
 7  8 0.00000000E+00 0.00000000E+00 0.00000000E+00 1.93984497E-06 0.00000000E+00
 7  9 0.00000000E+00-3.46815858E-05 0.00000000E+00 0.00000000E+00 0.00000000E+00
 7 10 0.00000000E+00 2.02594473E-05 0.00000000E+00 1.94553089E-05
 8  1 3.75101859E-02-1.11303601E-01 2.19952994E-01 1.84163473E-01 0.00000000E+00
 8  2 0.00000000E+00-3.98436543E-02 0.00000000E+00 0.00000000E+00 8.15081222E-02
 8  3 0.00000000E+00 0.00000000E+00 1.73414745E-02 9.79919131E-03-1.78973602E-02
 8  4 8.09816885E-03 0.00000000E+00 0.00000000E+00 0.00000000E+00-1.36384869E-01
 8  5 2.74127876E-01 3.43801507E-01 4.67565108E-02 0.00000000E+00-4.54946713E-02
 8  6 2.39428694E-02 0.00000000E+00-2.50881767E-02 1.35730291E-03-3.27827850E-03
 8  7 1.92097558E-03 0.00000000E+00-9.98795244E-03 0.00000000E+00-1.36384869E-01
 8  8 2.74127876E-01 3.43801507E-01-4.67565108E-02 0.00000000E+00-4.54946713E-02
 8  9-2.39428694E-02 0.00000000E+00-2.50881767E-02 1.35730291E-03-3.27827850E-03
 8 10 1.92097558E-03 0.00000000E+00 9.98795244E-03 0.00000000E+00
 9  1 0.00000000E+00 0.00000000E+00 0.00000000E+00 0.00000000E+00 4.93390139E-02
 9  2 0.00000000E+00 0.00000000E+00-1.01822151E-01 0.00000000E+00 0.00000000E+00
 9  3-3.01556153E-02 0.00000000E+00 0.00000000E+00 0.00000000E+00 0.00000000E+00
 9  4 0.00000000E+00 0.00000000E+00-3.49436022E-02 0.00000000E+00-1.58300958E-01
 9  5 3.22172135E-01 4.12146810E-01 2.86061957E-02 0.00000000E+00-3.94490035E-02
 9  6 1.64410295E-02 0.00000000E+00-2.42614435E-02-1.24676951E-03-1.29162457E-03
 9  7 2.53839408E-03 0.00000000E+00-8.63112879E-03 0.00000000E+00 1.58300958E-01
 9  8-3.22172135E-01-4.12146810E-01 2.86061957E-02 0.00000000E+00 3.94490035E-02
 9  9 1.64410295E-02 0.00000000E+00 2.42614435E-02 1.24676951E-03 1.29162457E-03
 9 10-2.53839408E-03 0.00000000E+00-8.63112879E-03 0.00000000E+00
10  1 7.80893259E-02-2.25992136E-01 4.81410901E-01 4.70079956E-01 0.00000000E+00
10  2 0.00000000E+00 2.63384312E-02 0.00000000E+00 0.00000000E+00-5.52937082E-02
10  3 0.00000000E+00 0.00000000E+00-4.10126302E-02-1.54802182E-03 5.45197401E-03
10  4-3.90395220E-03 0.00000000E+00 0.00000000E+00 0.00000000E+00 8.33385670E-02
10  5-1.73986362E-01-2.49951178E-01 4.67918416E-02 0.00000000E+00-5.19566227E-02
10  6 1.94315516E-02 0.00000000E+00-2.30683690E-02 1.43783968E-03-3.49071634E-03
10  7 2.05287666E-03 0.00000000E+00-3.49035174E-03 0.00000000E+00 8.33385670E-02
10  8-1.73986362E-01-2.49951178E-01-4.67918416E-02 0.00000000E+00-5.19566227E-02
10  9-1.94315516E-02 0.00000000E+00-2.30683690E-02 1.43783968E-03-3.49071634E-03
10 10 2.05287666E-03 0.00000000E+00 3.49035174E-03 0.00000000E+00
11  1 0.00000000E+00 0.00000000E+00 0.00000000E+00 0.00000000E+00-1.96202410E-01
11  2 0.00000000E+00 0.00000000E+00 4.62152101E-01 0.00000000E+00 0.00000000E+00
11  3 2.28999182E-01 0.00000000E+00 0.00000000E+00 0.00000000E+00 0.00000000E+00
11  4 0.00000000E+00 0.00000000E+00 3.70248757E-02 0.00000000E+00-4.07499495E-02
11  5 8.70630557E-02 1.54075504E-01-1.68095595E-01 0.00000000E+00 2.85078695E-01
11  6-1.08549079E-01 0.00000000E+00 1.73934051E-01 1.25671244E-03 6.98384759E-03
11  7-8.24056003E-03 0.00000000E+00 9.94361852E-03 0.00000000E+00 4.07499495E-02
11  8-8.70630557E-02-1.54075504E-01-1.68095595E-01 0.00000000E+00-2.85078695E-01
11  9-1.08549079E-01 0.00000000E+00-1.73934051E-01-1.25671244E-03-6.98384759E-03
11 10 8.24056003E-03 0.00000000E+00 9.94361852E-03 0.00000000E+00
12  1-9.83001192E-03 4.57062756E-02-3.98225241E-02-1.96218469E-01 0.00000000E+00
12  2 0.00000000E+00-2.09690647E-01 0.00000000E+00 0.00000000E+00 4.94361831E-01
12  3 0.00000000E+00 0.00000000E+00 2.56853500E-01-4.60960943E-04-1.86250024E-02
12  4 1.90859634E-02 0.00000000E+00 0.00000000E+00 0.00000000E+00 3.34478755E-02
12  5-7.08350031E-02-1.27170075E-01 2.76084165E-01 0.00000000E+00-1.30129446E-01
12  6 1.73406590E-01 0.00000000E+00-8.61103263E-02 8.64297861E-03-6.42617840E-03
12  7-2.21680021E-03 0.00000000E+00-9.76610127E-03 0.00000000E+00 3.34478755E-02
12  8-7.08350031E-02-1.27170075E-01-2.76084165E-01 0.00000000E+00-1.30129446E-01
12  9-1.73406590E-01 0.00000000E+00-8.61103263E-02 8.64297861E-03-6.42617840E-03
12 10-2.21680021E-03 0.00000000E+00 9.76610127E-03 0.00000000E+00
13  1 0.00000000E+00 0.00000000E+00 0.00000000E+00 0.00000000E+00 0.00000000E+00
13  2-2.20856843E-01 0.00000000E+00 0.00000000E+00 5.22002083E-01 0.00000000E+00
13  3 0.00000000E+00 3.60737699E-01 0.00000000E+00 0.00000000E+00 0.00000000E+00
13  4 0.00000000E+00 0.00000000E+00 0.00000000E+00 2.25289302E-02 0.00000000E+00
13  5 0.00000000E+00 0.00000000E+00 0.00000000E+00 2.62622123E-01 0.00000000E+00
13  6 0.00000000E+00 1.66294018E-01 0.00000000E+00 0.00000000E+00 0.00000000E+00
13  7 0.00000000E+00 8.38156106E-03 0.00000000E+00-8.54389703E-03 0.00000000E+00
13  8 0.00000000E+00 0.00000000E+00 0.00000000E+00 2.62622123E-01 0.00000000E+00
13  9 0.00000000E+00 1.66294018E-01 0.00000000E+00 0.00000000E+00 0.00000000E+00
13 10 0.00000000E+00-8.38156106E-03 0.00000000E+00-8.54389703E-03
14  1 0.00000000E+00 0.00000000E+00 0.00000000E+00 0.00000000E+00 0.00000000E+00
14  2 0.00000000E+00 0.00000000E+00 0.00000000E+00 0.00000000E+00 0.00000000E+00
14  3 0.00000000E+00 0.00000000E+00 0.00000000E+00 0.00000000E+00 0.00000000E+00
14  4 0.00000000E+00-5.11337571E-02 0.00000000E+00 0.00000000E+00 0.00000000E+00
14  5 0.00000000E+00 0.00000000E+00 0.00000000E+00 4.82985105E-01 0.00000000E+00
14  6 0.00000000E+00 3.37061289E-01 0.00000000E+00 0.00000000E+00 0.00000000E+00
14  7 0.00000000E+00 5.89587852E-03 0.00000000E+00-8.19083513E-03 0.00000000E+00
14  8 0.00000000E+00 0.00000000E+00 0.00000000E+00-4.82985105E-01 0.00000000E+00
14  9 0.00000000E+00-3.37061289E-01 0.00000000E+00 0.00000000E+00 0.00000000E+00
14 10 0.00000000E+00 5.89587852E-03 0.00000000E+00 8.19083513E-03
15  1 8.23352385E-03-2.74256678E-02 4.89053391E-02 1.11958205E-01 0.00000000E+00
15  2 0.00000000E+00 2.97958204E-02 0.00000000E+00 0.00000000E+00-7.33467594E-02
15  3 0.00000000E+00 0.00000000E+00-1.29254366E-02-6.72617607E-02 1.78708904E-02
15  4 4.93908702E-02 0.00000000E+00 0.00000000E+00 0.00000000E+00 7.85046528E-05
15  5 8.74258726E-04-8.29407437E-03 2.13639152E-01 0.00000000E+00 4.12642018E-01
15  6 1.54695408E-01 0.00000000E+00 3.01203846E-01 8.81262155E-03 1.91809003E-03
15  7-1.07307116E-02 0.00000000E+00 3.33328019E-03 0.00000000E+00 7.85046528E-05
15  8 8.74258726E-04-8.29407437E-03-2.13639152E-01 0.00000000E+00 4.12642018E-01
15  9-1.54695408E-01 0.00000000E+00 3.01203846E-01 8.81262155E-03 1.91809003E-03
15 10-1.07307116E-02 0.00000000E+00-3.33328019E-03 0.00000000E+00
16  1 0.00000000E+00 0.00000000E+00 0.00000000E+00 0.00000000E+00-1.83068433E-02
16  2 0.00000000E+00 0.00000000E+00 3.69014522E-02 0.00000000E+00 0.00000000E+00
16  3 1.25514501E-01 0.00000000E+00 0.00000000E+00 0.00000000E+00 0.00000000E+00
16  4 0.00000000E+00 0.00000000E+00-4.73252105E-02 0.00000000E+00-5.35505971E-03
16  5 9.62635898E-03 4.14120060E-02 4.51380130E-01 0.00000000E+00 1.93628199E-01
16  6 3.16485840E-01 0.00000000E+00 1.18713955E-01 6.50921740E-03-8.79568461E-04
16  7-5.62964894E-03 0.00000000E+00-6.13196819E-03 0.00000000E+00 5.35505971E-03
16  8-9.62635898E-03-4.14120060E-02 4.51380130E-01 0.00000000E+00-1.93628199E-01
16  9 3.16485840E-01 0.00000000E+00-1.18713955E-01-6.50921740E-03 8.79568461E-04
16 10 5.62964894E-03 0.00000000E+00-6.13196819E-03 0.00000000E+00
17  1 0.00000000E+00 0.00000000E+00 0.00000000E+00 0.00000000E+00 0.00000000E+00
17  2-1.83953375E-01 0.00000000E+00 0.00000000E+00 4.54533028E-01 0.00000000E+00
17  3 0.00000000E+00 3.26143575E-01 0.00000000E+00 0.00000000E+00 0.00000000E+00
17  4 0.00000000E+00 0.00000000E+00 0.00000000E+00-4.72269772E-02 0.00000000E+00
17  5 0.00000000E+00 0.00000000E+00 0.00000000E+00-4.04951500E-01 0.00000000E+00
17  6 0.00000000E+00-2.99213705E-01 0.00000000E+00 0.00000000E+00 0.00000000E+00
17  7 0.00000000E+00-2.05644926E-03 0.00000000E+00 1.74060943E-03 0.00000000E+00
17  8 0.00000000E+00 0.00000000E+00 0.00000000E+00-4.04951500E-01 0.00000000E+00
17  9 0.00000000E+00-2.99213705E-01 0.00000000E+00 0.00000000E+00 0.00000000E+00
17 10 0.00000000E+00 2.05644926E-03 0.00000000E+00 1.74060943E-03
18  1 0.00000000E+00 0.00000000E+00 0.00000000E+00 0.00000000E+00-2.11847008E-01
18  2 0.00000000E+00 0.00000000E+00 5.28201075E-01 0.00000000E+00 0.00000000E+00
18  3 5.47834732E-01 0.00000000E+00 0.00000000E+00 0.00000000E+00 0.00000000E+00
18  4 0.00000000E+00 0.00000000E+00-1.18905890E-01 0.00000000E+00-2.35153129E-02
18  5 3.97764994E-02 1.80307069E-01 9.24213609E-02 0.00000000E+00-3.56104248E-01
18  6 8.76866586E-02 0.00000000E+00-2.92133771E-01 1.43011029E-03-8.07633777E-05
18  7-1.34934691E-03 0.00000000E+00-1.40792340E-03 0.00000000E+00 2.35153129E-02
18  8-3.97764994E-02-1.80307069E-01 9.24213609E-02 0.00000000E+00 3.56104248E-01
18  9 8.76866586E-02 0.00000000E+00 2.92133771E-01-1.43011029E-03 8.07633777E-05
18 10 1.34934691E-03 0.00000000E+00-1.40792340E-03 0.00000000E+00
19  1 2.89576657E-02-7.20374109E-02 2.08797880E-01 3.09472706E-01 0.00000000E+00
19  2 0.00000000E+00-1.98814764E-01 0.00000000E+00 0.00000000E+00 4.99843272E-01
19  3 0.00000000E+00 0.00000000E+00 5.67171790E-01-2.56895336E-02 9.14533077E-02
19  4-6.57637741E-02 0.00000000E+00 0.00000000E+00 0.00000000E+00 3.23698546E-02
19  5-5.69842259E-02-2.32980352E-01-3.27724511E-01 0.00000000E+00 2.03135197E-01
19  6-2.99407184E-01 0.00000000E+00 1.70518232E-01 1.57884460E-03 2.62988155E-04
19  7-1.84183275E-03 0.00000000E+00-2.20713971E-03 0.00000000E+00 3.23698546E-02
19  8-5.69842259E-02-2.32980352E-01 3.27724511E-01 0.00000000E+00 2.03135197E-01
19  9 2.99407184E-01 0.00000000E+00 1.70518232E-01 1.57884460E-03 2.62988155E-04
19 10-1.84183275E-03 0.00000000E+00 2.20713971E-03 0.00000000E+00
20  1 1.21438236E-02-3.33675699E-02 8.94999827E-02 2.12314791E-01 0.00000000E+00
20  2 0.00000000E+00 2.71637029E-01 0.00000000E+00 0.00000000E+00-1.05744047E+00
20  3 0.00000000E+00 0.00000000E+00 1.40853535E+00 3.58891749E-02 1.71273575E-01
20  4-2.07162750E-01 0.00000000E+00 0.00000000E+00 0.00000000E+00 1.46356644E-02
20  5 3.48712168E-02-3.80414153E-01 1.15099962E-01 0.00000000E+00-1.06606491E-01
20  6-2.45806439E-01 0.00000000E+00 9.23710671E-02-1.94219369E-02 2.02812488E-02
20  7-8.59311948E-04 0.00000000E+00 2.57267513E-02 0.00000000E+00 1.46356644E-02
20  8 3.48712168E-02-3.80414153E-01-1.15099962E-01 0.00000000E+00-1.06606491E-01
20  9 2.45806439E-01 0.00000000E+00 9.23710671E-02-1.94219369E-02 2.02812488E-02
20 10-8.59311948E-04 0.00000000E+00-2.57267513E-02 0.00000000E+00
21  1 0.00000000E+00 0.00000000E+00 0.00000000E+00 0.00000000E+00 2.76021995E-01
21  2 0.00000000E+00 0.00000000E+00-1.06778750E+00 0.00000000E+00 0.00000000E+00
21  3 1.33106039E+00 0.00000000E+00 0.00000000E+00 0.00000000E+00 0.00000000E+00
21  4 0.00000000E+00 0.00000000E+00-1.98794246E-01 0.00000000E+00-9.16651837E-03
21  5-3.21958334E-02 3.16997488E-01-1.73071301E-01 0.00000000E+00 6.82828783E-02
21  6 7.42177453E-02 0.00000000E+00-1.69857382E-01 7.72657456E-03-1.83980180E-02
21  7 1.06714435E-02 0.00000000E+00-3.52837034E-02 0.00000000E+00 9.16651837E-03
21  8 3.21958334E-02-3.16997488E-01-1.73071301E-01 0.00000000E+00-6.82828783E-02
21  9 7.42177453E-02 0.00000000E+00 1.69857382E-01-7.72657456E-03 1.83980180E-02
21 10-1.06714435E-02 0.00000000E+00-3.52837034E-02 0.00000000E+00
22  1 0.00000000E+00 0.00000000E+00 0.00000000E+00 0.00000000E+00 0.00000000E+00
22  2 2.97829052E-01 0.00000000E+00 0.00000000E+00-1.14716662E+00 0.00000000E+00
22  3 0.00000000E+00 1.21262270E+00 0.00000000E+00 0.00000000E+00 0.00000000E+00
22  4 0.00000000E+00 0.00000000E+00 0.00000000E+00-1.45450501E-01 0.00000000E+00
22  5 0.00000000E+00 0.00000000E+00 0.00000000E+00-7.40542188E-02 0.00000000E+00
22  6 0.00000000E+00-8.60744106E-02 0.00000000E+00 0.00000000E+00 0.00000000E+00
22  7 0.00000000E+00-5.89830373E-03 0.00000000E+00 3.88019857E-03 0.00000000E+00
22  8 0.00000000E+00 0.00000000E+00 0.00000000E+00-7.40542188E-02 0.00000000E+00
22  9 0.00000000E+00-8.60744106E-02 0.00000000E+00 0.00000000E+00 0.00000000E+00
22 10 0.00000000E+00 5.89830373E-03 0.00000000E+00 3.88019857E-03
23  1-1.01213368E-01-3.78826278E-01-1.58220541E+00 1.91462180E+00 0.00000000E+00
23  2 0.00000000E+00-3.44041878E-02 0.00000000E+00 0.00000000E+00 1.07482904E-01
23  3 0.00000000E+00 0.00000000E+00 1.77827539E-01-2.16613067E-01 4.96443195E-01
23  4-2.79830129E-01 0.00000000E+00 0.00000000E+00 0.00000000E+00 1.91865360E-02
23  5-4.17451400E-02-2.22145515E-01 6.08268005E-02 0.00000000E+00-3.37556743E-02
23  6-1.73427847E-01 0.00000000E+00 1.39054096E-01-1.40301357E-02 2.50232211E-02
23  7-1.09930854E-02 0.00000000E+00 3.03789490E-02 0.00000000E+00 1.91865360E-02
23  8-4.17451400E-02-2.22145515E-01-6.08268005E-02 0.00000000E+00-3.37556743E-02
23  9 1.73427847E-01 0.00000000E+00 1.39054096E-01-1.40301357E-02 2.50232211E-02
23 10-1.09930854E-02 0.00000000E+00-3.03789490E-02 0.00000000E+00
24  1-1.04392830E-03 2.43995576E-03-8.27171990E-03-1.61947505E-02 0.00000000E+00
24  2 0.00000000E+00-3.69160936E-02 0.00000000E+00 0.00000000E+00 1.39470114E-01
24  3 0.00000000E+00 0.00000000E+00-1.22998124E-01 7.65528204E-01-9.91905715E-02
24  4-6.66337633E-01 0.00000000E+00 0.00000000E+00 0.00000000E+00-1.31694942E-03
24  5 5.74839743E-03 2.21942068E-02 2.23667403E-01 0.00000000E+00 2.60453454E-01
24  6-1.30648059E-01 0.00000000E+00-1.60474342E-01-4.17579994E-02-3.10920697E-03
24  7 4.48672064E-02 0.00000000E+00-7.07440209E-03 0.00000000E+00-1.31694942E-03
24  8 5.74839743E-03 2.21942068E-02-2.23667403E-01 0.00000000E+00 2.60453454E-01
24  9 1.30648059E-01 0.00000000E+00-1.60474342E-01-4.17579994E-02-3.10920697E-03
24 10 4.48672064E-02 0.00000000E+00 7.07440209E-03 0.00000000E+00
25  1 0.00000000E+00 0.00000000E+00 0.00000000E+00 0.00000000E+00 0.00000000E+00
25  2 0.00000000E+00 0.00000000E+00 0.00000000E+00 0.00000000E+00 0.00000000E+00
25  3 0.00000000E+00 0.00000000E+00 0.00000000E+00 0.00000000E+00 0.00000000E+00
25  4 0.00000000E+00 9.17042092E-01 0.00000000E+00 0.00000000E+00 0.00000000E+00
25  5 0.00000000E+00 0.00000000E+00 0.00000000E+00 2.46803329E-01 0.00000000E+00
25  6 0.00000000E+00-1.68220843E-01 0.00000000E+00 0.00000000E+00 0.00000000E+00
25  7 0.00000000E+00-2.13451241E-02 0.00000000E+00 3.25924182E-02 0.00000000E+00
25  8 0.00000000E+00 0.00000000E+00 0.00000000E+00-2.46803329E-01 0.00000000E+00
25  9 0.00000000E+00 1.68220843E-01 0.00000000E+00 0.00000000E+00 0.00000000E+00
25 10 0.00000000E+00-2.13451241E-02 0.00000000E+00-3.25924182E-02
26  1 0.00000000E+00 0.00000000E+00 0.00000000E+00 0.00000000E+00 0.00000000E+00
26  2 3.51621856E-02 0.00000000E+00 0.00000000E+00-1.29560159E-01 0.00000000E+00
26  3 0.00000000E+00 7.44001171E-02 0.00000000E+00 0.00000000E+00 0.00000000E+00
26  4 0.00000000E+00 0.00000000E+00 0.00000000E+00 8.94755545E-01 0.00000000E+00
26  5 0.00000000E+00 0.00000000E+00 0.00000000E+00-2.72061784E-01 0.00000000E+00
26  6 0.00000000E+00 1.83050346E-01 0.00000000E+00 0.00000000E+00 0.00000000E+00
26  7 0.00000000E+00 3.19052088E-02 0.00000000E+00-2.09086410E-02 0.00000000E+00
26  8 0.00000000E+00 0.00000000E+00 0.00000000E+00-2.72061784E-01 0.00000000E+00
26  9 0.00000000E+00 1.83050346E-01 0.00000000E+00 0.00000000E+00 0.00000000E+00
26 10 0.00000000E+00-3.19052088E-02 0.00000000E+00-2.09086410E-02
27  1-6.02906639E-02-2.86390361E-01-1.02263730E+00 1.47104777E+00 0.00000000E+00
27  2 0.00000000E+00 4.06255204E-02 0.00000000E+00 0.00000000E+00-2.03254255E-01
27  3 0.00000000E+00 0.00000000E+00 6.46874294E-01 4.41359216E-01-8.15314027E-01
27  4 3.73954811E-01 0.00000000E+00 0.00000000E+00 0.00000000E+00 5.19036172E-02
27  5-2.89728134E-01-1.59545120E-01-8.73842884E-02 0.00000000E+00-6.19480910E-02
27  6-2.19415018E-01 0.00000000E+00 3.01245808E-01 5.50178921E-03-6.81566972E-03
27  7 1.31388051E-03 0.00000000E+00 3.00928703E-03 0.00000000E+00 5.19036172E-02
27  8-2.89728134E-01-1.59545120E-01 8.73842884E-02 0.00000000E+00-6.19480910E-02
27  9 2.19415018E-01 0.00000000E+00 3.01245808E-01 5.50178921E-03-6.81566972E-03
27 10 1.31388051E-03 0.00000000E+00-3.00928703E-03 0.00000000E+00
28  1 0.00000000E+00 0.00000000E+00 0.00000000E+00 0.00000000E+00 6.02726351E-02
28  2 0.00000000E+00 0.00000000E+00-2.70034582E-01 0.00000000E+00 0.00000000E+00
28  3 5.46398413E-01 0.00000000E+00 0.00000000E+00 0.00000000E+00 0.00000000E+00
28  4 0.00000000E+00 0.00000000E+00 9.50570649E-01 0.00000000E+00-4.38951660E-02
28  5 2.54536185E-01 4.21237754E-02-1.98746227E-03 0.00000000E+00-1.60525457E-01
28  6 2.08282498E-01 0.00000000E+00-9.57631998E-02-8.07196870E-03 1.99581594E-02
28  7-1.18861907E-02 0.00000000E+00 3.90783186E-02 0.00000000E+00 4.38951660E-02
28  8-2.54536185E-01-4.21237754E-02-1.98746227E-03 0.00000000E+00 1.60525457E-01
28  9 2.08282498E-01 0.00000000E+00 9.57631998E-02 8.07196870E-03-1.99581594E-02
28 10 1.18861907E-02 0.00000000E+00 3.90783186E-02 0.00000000E+00
29  1-1.15809489E-03 4.81975709E-02 4.39803863E-02-3.76770787E-01 0.00000000E+00
29  2 0.00000000E+00 2.43519615E-02 0.00000000E+00 0.00000000E+00-8.87503678E-02
29  3 0.00000000E+00 0.00000000E+00-3.52204390E-01 3.72444930E-01 1.31945747E-01
29  4-5.04390677E-01 0.00000000E+00 0.00000000E+00 0.00000000E+00-1.51594509E-02
29  5 7.73046726E-02 7.82152191E-02-5.27856754E-01 0.00000000E+00-1.69777524E-01
29  6 7.38689524E-01 0.00000000E+00 1.28669006E-01-2.73028737E-02 2.47955619E-04
29  7 2.70549181E-02 0.00000000E+00 2.23906413E-02 0.00000000E+00-1.51594509E-02
29  8 7.73046726E-02 7.82152191E-02 5.27856754E-01 0.00000000E+00-1.69777524E-01
29  9-7.38689524E-01 0.00000000E+00 1.28669006E-01-2.73028737E-02 2.47955619E-04
29 10 2.70549181E-02 0.00000000E+00-2.23906413E-02 0.00000000E+00
30  1 0.00000000E+00 0.00000000E+00 0.00000000E+00 0.00000000E+00 0.00000000E+00
30  2 0.00000000E+00 0.00000000E+00 0.00000000E+00 0.00000000E+00 0.00000000E+00
30  3 0.00000000E+00 0.00000000E+00 0.00000000E+00 0.00000000E+00 0.00000000E+00
30  4 0.00000000E+00 4.11412154E-01 0.00000000E+00 0.00000000E+00 0.00000000E+00
30  5 0.00000000E+00 0.00000000E+00 0.00000000E+00-5.95506379E-01 0.00000000E+00
30  6 0.00000000E+00 7.42749610E-01 0.00000000E+00 0.00000000E+00 0.00000000E+00
30  7 0.00000000E+00-2.18097037E-02 0.00000000E+00 1.98411412E-02 0.00000000E+00
30  8 0.00000000E+00 0.00000000E+00 0.00000000E+00 5.95506379E-01 0.00000000E+00
30  9 0.00000000E+00-7.42749610E-01 0.00000000E+00 0.00000000E+00 0.00000000E+00
30 10 0.00000000E+00-2.18097037E-02 0.00000000E+00-1.98411412E-02
31  1 0.00000000E+00 0.00000000E+00 0.00000000E+00 0.00000000E+00 0.00000000E+00
31  2-3.16632011E-02 0.00000000E+00 0.00000000E+00 1.66837241E-01 0.00000000E+00
31  3 0.00000000E+00-4.79599265E-01 0.00000000E+00 0.00000000E+00 0.00000000E+00
31  4 0.00000000E+00 0.00000000E+00 0.00000000E+00-4.35372820E-01 0.00000000E+00
31  5 0.00000000E+00 0.00000000E+00 0.00000000E+00-5.79633815E-01 0.00000000E+00
31  6 0.00000000E+00 7.83742787E-01 0.00000000E+00 0.00000000E+00 0.00000000E+00
31  7 0.00000000E+00-2.58565537E-02 0.00000000E+00 2.75379381E-02 0.00000000E+00
31  8 0.00000000E+00 0.00000000E+00 0.00000000E+00-5.79633815E-01 0.00000000E+00
31  9 0.00000000E+00 7.83742787E-01 0.00000000E+00 0.00000000E+00 0.00000000E+00
31 10 0.00000000E+00 2.58565537E-02 0.00000000E+00 2.75379381E-02
32  1 0.00000000E+00 0.00000000E+00 0.00000000E+00 0.00000000E+00 6.71038959E-02
32  2 0.00000000E+00 0.00000000E+00-3.05626675E-01 0.00000000E+00 0.00000000E+00
32  3-1.52075391E-01 0.00000000E+00 0.00000000E+00 0.00000000E+00 0.00000000E+00
32  4 0.00000000E+00 0.00000000E+00-1.34334325E-01 0.00000000E+00 2.54152295E-02
32  5-2.43674529E-01 1.23474651E-01 2.09413063E-01 0.00000000E+00-5.67208953E-01
32  6-3.42573948E-01 0.00000000E+00 7.84411357E-01 7.94111867E-03-1.98950408E-02
32  7 1.19539222E-02 0.00000000E+00-3.27539930E-02 0.00000000E+00-2.54152295E-02
32  8 2.43674529E-01-1.23474651E-01 2.09413063E-01 0.00000000E+00 5.67208953E-01
32  9-3.42573948E-01 0.00000000E+00-7.84411357E-01-7.94111867E-03 1.98950408E-02
32 10-1.19539222E-02 0.00000000E+00-3.27539930E-02 0.00000000E+00
33  1 2.58598442E-02 4.45658959E-02 3.50115338E-01 5.24018356E-02 0.00000000E+00
33  2 0.00000000E+00-9.21227448E-02 0.00000000E+00 0.00000000E+00 4.41038688E-01
33  3 0.00000000E+00 0.00000000E+00-2.66513476E-01 1.92125420E-01 2.49846046E-02
33  4-2.17110025E-01 0.00000000E+00 0.00000000E+00 0.00000000E+00 8.90444911E-03
33  5-1.10926702E-01 1.27216289E-01 2.32154153E-01 0.00000000E+00-5.47664219E-01
33  6-2.78742352E-01 0.00000000E+00 7.28442000E-01-1.17509114E-02-2.18504182E-02
33  7 3.36013296E-02 0.00000000E+00-3.78354370E-02 0.00000000E+00 8.90444911E-03
33  8-1.10926702E-01 1.27216289E-01-2.32154153E-01 0.00000000E+00-5.47664219E-01
33  9 2.78742352E-01 0.00000000E+00 7.28442000E-01-1.17509114E-02-2.18504182E-02
33 10 3.36013296E-02 0.00000000E+00 3.78354370E-02 0.00000000E+00
34  1 0.00000000E+00 0.00000000E+00 0.00000000E+00 0.00000000E+00-5.77289645E-02
34  2 0.00000000E+00 0.00000000E+00 2.97973403E-01 0.00000000E+00 0.00000000E+00
34  3-5.24104215E-01 0.00000000E+00 0.00000000E+00 0.00000000E+00 0.00000000E+00
34  4 0.00000000E+00 0.00000000E+00-1.35485020E-01 0.00000000E+00-1.87165880E-03
34  5 1.19627570E-01-2.25548308E-01-5.81662911E-01 0.00000000E+00-2.32598332E-01
34  6 7.45494432E-01 0.00000000E+00 3.93708637E-01-3.98863912E-02 1.74388066E-02
34  7 2.24475846E-02 0.00000000E+00-4.71160429E-03 0.00000000E+00 1.87165880E-03
34  8-1.19627570E-01 2.25548308E-01-5.81662911E-01 0.00000000E+00 2.32598332E-01
34  9 7.45494432E-01 0.00000000E+00-3.93708637E-01 3.98863912E-02-1.74388066E-02
34 10-2.24475846E-02 0.00000000E+00-4.71160429E-03 0.00000000E+00
35  1 0.00000000E+00 0.00000000E+00 0.00000000E+00 0.00000000E+00-2.31736854E-02
35  2 0.00000000E+00 0.00000000E+00 7.34991459E-02 0.00000000E+00 0.00000000E+00
35  3 6.14789353E-01 0.00000000E+00 0.00000000E+00 0.00000000E+00 0.00000000E+00
35  4 0.00000000E+00 0.00000000E+00 4.24788793E-01 0.00000000E+00 2.17939642E-02
35  5-1.08738303E+00 1.33422345E+00-1.40359838E-01 0.00000000E+00 9.51368455E-02
35  6 3.70707356E-01 0.00000000E+00-3.58306943E-01-5.21483400E-02 1.20529042E-01
35  7-6.83807019E-02 0.00000000E+00 1.51498693E-01 0.00000000E+00-2.17939642E-02
35  8 1.08738303E+00-1.33422345E+00-1.40359838E-01 0.00000000E+00-9.51368455E-02
35  9 3.70707356E-01 0.00000000E+00 3.58306943E-01 5.21483400E-02-1.20529042E-01
35 10 6.83807019E-02 0.00000000E+00 1.51498693E-01 0.00000000E+00
36  1-3.65262171E-02-3.26051999E-01-8.10155745E-01 1.73832343E+00 0.00000000E+00
36  2 0.00000000E+00-1.33065564E-02 0.00000000E+00 0.00000000E+00 5.03096170E-04
36  3 0.00000000E+00 0.00000000E+00 9.17065549E-01 1.69957158E-01-3.54008031E-01
36  4 1.84050873E-01 0.00000000E+00 0.00000000E+00 0.00000000E+00-1.00869707E-02
36  5 1.13620231E+00-1.63294824E+00 5.34081985E-02 0.00000000E+00-7.98765583E-02
36  6-4.40416299E-01 0.00000000E+00 3.88940687E-01 6.86470402E-02-7.19768690E-02
36  7 3.32982880E-03 0.00000000E+00-1.79249638E-01 0.00000000E+00-1.00869707E-02
36  8 1.13620231E+00-1.63294824E+00-5.34081985E-02 0.00000000E+00-7.98765583E-02
36  9 4.40416299E-01 0.00000000E+00 3.88940687E-01 6.86470402E-02-7.19768690E-02
36 10 3.32982880E-03 0.00000000E+00 1.79249638E-01 0.00000000E+00
37  1 0.00000000E+00 0.00000000E+00 0.00000000E+00 0.00000000E+00 0.00000000E+00
37  2 0.00000000E+00 0.00000000E+00 0.00000000E+00 0.00000000E+00 0.00000000E+00
37  3 0.00000000E+00 0.00000000E+00 0.00000000E+00 0.00000000E+00 0.00000000E+00
37  4 0.00000000E+00 1.40376717E-01 0.00000000E+00 0.00000000E+00 0.00000000E+00
37  5 0.00000000E+00 0.00000000E+00 0.00000000E+00-2.42526881E-02 0.00000000E+00
37  6 0.00000000E+00 3.25762924E-02 0.00000000E+00 0.00000000E+00 0.00000000E+00
37  7 0.00000000E+00 5.45180038E-01 0.00000000E+00-4.50712791E-01 0.00000000E+00
37  8 0.00000000E+00 0.00000000E+00 0.00000000E+00 2.42526881E-02 0.00000000E+00
37  9 0.00000000E+00-3.25762924E-02 0.00000000E+00 0.00000000E+00 0.00000000E+00
37 10 0.00000000E+00 5.45180038E-01 0.00000000E+00 4.50712791E-01
38  1 0.00000000E+00 0.00000000E+00 0.00000000E+00 0.00000000E+00 1.99228892E-03
38  2 0.00000000E+00 0.00000000E+00-2.88088671E-02 0.00000000E+00 0.00000000E+00
38  3 1.29743583E-01 0.00000000E+00 0.00000000E+00 0.00000000E+00 0.00000000E+00
38  4 0.00000000E+00 0.00000000E+00 7.18780353E-03 0.00000000E+00-1.00808491E-03
38  5-3.93982216E-02 7.68787688E-02 2.04207601E-02 0.00000000E+00 1.61088990E-02
38  6-1.77280240E-02 0.00000000E+00-4.35064741E-02-2.66194857E-01-3.84107523E-01
38  7 6.50302380E-01 0.00000000E+00 2.71896987E-01 0.00000000E+00 1.00808491E-03
38  8 3.93982216E-02-7.68787688E-02 2.04207601E-02 0.00000000E+00-1.61088990E-02
38  9-1.77280240E-02 0.00000000E+00 4.35064741E-02 2.66194857E-01 3.84107523E-01
38 10-6.50302380E-01 0.00000000E+00 2.71896987E-01 0.00000000E+00
39  1 0.00000000E+00 0.00000000E+00 0.00000000E+00 0.00000000E+00 0.00000000E+00
39  2-5.81676008E-04 0.00000000E+00 0.00000000E+00-7.42807022E-03 0.00000000E+00
39  3 0.00000000E+00 4.38289800E-02 0.00000000E+00 0.00000000E+00 0.00000000E+00
39  4 0.00000000E+00 0.00000000E+00 0.00000000E+00 2.31112823E-02 0.00000000E+00
39  5 0.00000000E+00 0.00000000E+00 0.00000000E+00 1.45864993E-02 0.00000000E+00
39  6 0.00000000E+00-2.58517442E-02 0.00000000E+00 0.00000000E+00 0.00000000E+00
39  7 0.00000000E+00 3.52242875E-01 0.00000000E+00 6.13392767E-01 0.00000000E+00
39  8 0.00000000E+00 0.00000000E+00 0.00000000E+00 1.45864993E-02 0.00000000E+00
39  9 0.00000000E+00-2.58517442E-02 0.00000000E+00 0.00000000E+00 0.00000000E+00
39 10 0.00000000E+00-3.52242875E-01 0.00000000E+00 6.13392767E-01
40  1 0.00000000E+00 0.00000000E+00 0.00000000E+00 0.00000000E+00 0.00000000E+00
40  2 0.00000000E+00 0.00000000E+00 0.00000000E+00 0.00000000E+00 0.00000000E+00
40  3 0.00000000E+00 0.00000000E+00 0.00000000E+00 0.00000000E+00 0.00000000E+00
40  4 0.00000000E+00-3.11786419E-02 0.00000000E+00 0.00000000E+00 0.00000000E+00
40  5 0.00000000E+00 0.00000000E+00 0.00000000E+00-2.41309422E-03 0.00000000E+00
40  6 0.00000000E+00 4.74981549E-03 0.00000000E+00 0.00000000E+00 0.00000000E+00
40  7 0.00000000E+00 4.50524377E-01 0.00000000E+00 5.45001020E-01 0.00000000E+00
40  8 0.00000000E+00 0.00000000E+00 0.00000000E+00 2.41309422E-03 0.00000000E+00
40  9 0.00000000E+00-4.74981549E-03 0.00000000E+00 0.00000000E+00 0.00000000E+00
40 10 0.00000000E+00 4.50524377E-01 0.00000000E+00-5.45001020E-01
41  1 1.75983402E-03 3.98811013E-03 2.38188299E-02-2.69074383E-02 0.00000000E+00
41  2 0.00000000E+00-6.91487114E-03 0.00000000E+00 0.00000000E+00 2.54797372E-02
41  3 0.00000000E+00 0.00000000E+00-3.27852053E-02 2.22923264E-02-3.39937985E-02
41  4 1.17014721E-02 0.00000000E+00 0.00000000E+00 0.00000000E+00 8.72237360E-04
41  5-1.51766453E-02 2.09000211E-02-1.24075977E-02 0.00000000E+00-6.77457689E-03
41  6 2.22839838E-02 0.00000000E+00 1.02178921E-02-3.32554690E-01 6.44518347E-01
41  7-3.11963657E-01 0.00000000E+00-2.90595196E-01 0.00000000E+00 8.72237360E-04
41  8-1.51766453E-02 2.09000211E-02 1.24075977E-02 0.00000000E+00-6.77457689E-03
41  9-2.22839838E-02 0.00000000E+00 1.02178921E-02-3.32554690E-01 6.44518347E-01
41 10-3.11963657E-01 0.00000000E+00 2.90595196E-01 0.00000000E+00
42  1 0.00000000E+00 0.00000000E+00 0.00000000E+00 0.00000000E+00-6.19953857E-03
42  2 0.00000000E+00 0.00000000E+00 4.52116720E-02 0.00000000E+00 0.00000000E+00
42  3-9.35612291E-02 0.00000000E+00 0.00000000E+00 0.00000000E+00 0.00000000E+00
42  4 0.00000000E+00 0.00000000E+00 6.54314969E-03 0.00000000E+00 7.95654215E-04
42  5-2.82912420E-02 1.42640685E-02-5.52480098E-02 0.00000000E+00-1.56250727E-02
42  6 8.79542953E-02 0.00000000E+00 3.33176024E-02 6.42465270E-01-4.72474916E-01
42  7-1.69990354E-01 0.00000000E+00 2.39088910E-01 0.00000000E+00-7.95654215E-04
42  8 2.82912420E-02-1.42640685E-02-5.52480098E-02 0.00000000E+00 1.56250727E-02
42  9 8.79542953E-02 0.00000000E+00-3.33176024E-02-6.42465270E-01 4.72474916E-01
42 10 1.69990354E-01 0.00000000E+00 2.39088910E-01 0.00000000E+00
43  1 0.00000000E+00 0.00000000E+00 0.00000000E+00 0.00000000E+00 0.00000000E+00
43  2 3.34694434E-03 0.00000000E+00 0.00000000E+00 2.08647640E-02 0.00000000E+00
43  3 0.00000000E+00-1.42814684E-01 0.00000000E+00 0.00000000E+00 0.00000000E+00
43  4 0.00000000E+00 0.00000000E+00 0.00000000E+00-1.53158700E-01 0.00000000E+00
43  5 0.00000000E+00 0.00000000E+00 0.00000000E+00-3.24643754E-02 0.00000000E+00
43  6 0.00000000E+00 6.65904018E-02 0.00000000E+00 0.00000000E+00 0.00000000E+00
43  7 0.00000000E+00 6.15010740E-01 0.00000000E+00-3.55227211E-01 0.00000000E+00
43  8 0.00000000E+00 0.00000000E+00 0.00000000E+00-3.24643754E-02 0.00000000E+00
43  9 0.00000000E+00 6.65904018E-02 0.00000000E+00 0.00000000E+00 0.00000000E+00
43 10 0.00000000E+00-6.15010740E-01 0.00000000E+00-3.55227211E-01
44  1-4.53676678E-03-9.66346569E-03-6.17350946E-02 4.52148419E-02 0.00000000E+00
44  2 0.00000000E+00 1.28974139E-02 0.00000000E+00 0.00000000E+00-7.37496326E-02
44  3 0.00000000E+00 0.00000000E+00 1.40619947E-01-1.81057853E-01 1.99373572E-02
44  4 1.61120495E-01 0.00000000E+00 0.00000000E+00 0.00000000E+00 1.81958097E-03
44  5 2.19433104E-03-4.03404936E-02-9.05580505E-03 0.00000000E+00 2.99024180E-02
44  6-9.14748156E-03 0.00000000E+00-4.19731534E-02-5.68047597E-01-6.83194564E-02
44  7 6.36367053E-01 0.00000000E+00-1.22580112E-01 0.00000000E+00 1.81958097E-03
44  8 2.19433104E-03-4.03404936E-02 9.05580505E-03 0.00000000E+00 2.99024180E-02
44  9 9.14748156E-03 0.00000000E+00-4.19731534E-02-5.68047597E-01-6.83194564E-02
44 10 6.36367053E-01 0.00000000E+00 1.22580112E-01 0.00000000E+00
45  1-4.82581279E-03-1.84791904E-01-2.89830013E-01 9.57541847E-01 0.00000000E+00
45  2 0.00000000E+00-7.89510589E-02 0.00000000E+00 0.00000000E+00 2.47154854E-01
45  3 0.00000000E+00 0.00000000E+00 4.38433578E-01 1.24933630E-01-3.34193449E-01
45  4 2.09259818E-01 0.00000000E+00 0.00000000E+00 0.00000000E+00 6.04068579E-03
45  5 4.63559853E-01-7.55933115E-01 7.20624732E-02 0.00000000E+00-6.86859761E-02
45  6-3.29371644E-01 0.00000000E+00 2.81979445E-01-2.62467271E-01 2.85341274E-01
45  7-2.28740037E-02 0.00000000E+00 6.26454018E-01 0.00000000E+00 6.04068579E-03
45  8 4.63559853E-01-7.55933115E-01-7.20624732E-02 0.00000000E+00-6.86859761E-02
45  9 3.29371644E-01 0.00000000E+00 2.81979445E-01-2.62467271E-01 2.85341274E-01
45 10-2.28740037E-02 0.00000000E+00-6.26454018E-01 0.00000000E+00
46  1 0.00000000E+00 0.00000000E+00 0.00000000E+00 0.00000000E+00 8.07540390E-02
46  2 0.00000000E+00 0.00000000E+00-2.70798132E-01 0.00000000E+00 0.00000000E+00
46  3-2.75042576E-01 0.00000000E+00 0.00000000E+00 0.00000000E+00 0.00000000E+00
46  4 0.00000000E+00 0.00000000E+00-4.95109812E-01 0.00000000E+00 4.05443349E-03
46  5 3.81482750E-01-5.52456491E-01 7.22733009E-02 0.00000000E+00-7.60907215E-02
46  6-2.46288778E-01 0.00000000E+00 2.78688069E-01-1.29132341E-01 3.51939221E-01
46  7-2.22806880E-01 0.00000000E+00 6.09968827E-01 0.00000000E+00-4.05443349E-03
46  8-3.81482750E-01 5.52456491E-01 7.22733009E-02 0.00000000E+00 7.60907215E-02
46  9-2.46288778E-01 0.00000000E+00-2.78688069E-01 1.29132341E-01-3.51939221E-01
46 10 2.22806880E-01 0.00000000E+00 6.09968827E-01 0.00000000E+00
 $END   
 POPULATION ANALYSIS
S           15.33331   0.66669  15.34035   0.65965
O            8.33335  -0.33335   8.32982  -0.32982
O            8.33335  -0.33335   8.32982  -0.32982
 MOMENTS AT POINT    1 X,Y,Z=  0.000000  0.000000  0.000000
 DIPOLE       0.000000  0.000000 -3.192191
