 $DATA  
Title                                                                           
CNV      2

S          16.0      0.0000000000      0.0000000000     -0.1881632813
   PC1     0
        
O           8.0      1.0336618829      0.0000000000      0.1880588763
   PC1     0
        
 $END      
 $ZMAT   IZMAT(1)=
         1,   3,   1,
         1,   2,   1,
         2,   2,   1,   3,
 $END
--- CLOSED SHELL ORBITALS --- GENERATED AT Thu Feb 26 00:11:56 2015
Title                                                                           
E(R-PBE)=     -547.4942905844, E(NUC)=  139.5361937531,   22 ITERS
 $VEC   
 1  1 1.00298104E+00-1.00651236E-02 2.23552075E-03-9.97941518E-05 0.00000000E+00
 1  2 0.00000000E+00 5.06723944E-05 0.00000000E+00 0.00000000E+00 2.05992421E-04
 1  3 0.00000000E+00 0.00000000E+00 3.56076514E-05 4.37871808E-04-2.31465011E-04
 1  4-2.06406797E-04 0.00000000E+00 0.00000000E+00 0.00000000E+00-1.11623136E-05
 1  5-1.17045538E-04-6.04026948E-04-1.89376677E-04 0.00000000E+00 9.99746232E-05
 1  6-3.49768469E-04 0.00000000E+00 1.87544448E-04 8.16293686E-06 2.08399162E-05
 1  7-2.90028531E-05 0.00000000E+00 5.98611842E-05 0.00000000E+00-1.11623136E-05
 1  8-1.17045538E-04-6.04026948E-04 1.89376677E-04 0.00000000E+00 9.99746232E-05
 1  9 3.49768469E-04 0.00000000E+00 1.87544448E-04 8.16293686E-06 2.08399162E-05
 1 10-2.90028531E-05 0.00000000E+00-5.98611842E-05 0.00000000E+00
 2  1 0.00000000E+00 0.00000000E+00 0.00000000E+00 0.00000000E+00-3.22715984E-04
 2  2 0.00000000E+00 0.00000000E+00 4.42169604E-03 0.00000000E+00 0.00000000E+00
 2  3-6.77437991E-03 0.00000000E+00 0.00000000E+00 0.00000000E+00 0.00000000E+00
 2  4 0.00000000E+00 0.00000000E+00 3.50060899E-03 0.00000000E+00 7.03155056E-01
 2  5 2.82598545E-02-1.23309981E-02 3.01865912E-03 0.00000000E+00-6.76359825E-04
 2  6-5.50200720E-04 0.00000000E+00 1.66744340E-03 1.00940349E-03-2.17285106E-04
 2  7-7.92118385E-04 0.00000000E+00-2.19401081E-05 0.00000000E+00-7.03155056E-01
 2  8-2.82598545E-02 1.23309981E-02 3.01865912E-03 0.00000000E+00 6.76359825E-04
 2  9-5.50200720E-04 0.00000000E+00-1.66744340E-03-1.00940349E-03 2.17285106E-04
 2 10 7.92118385E-04 0.00000000E+00-2.19401081E-05 0.00000000E+00
 3  1-1.00964023E-04 2.53070208E-04-1.77806089E-03 1.07635791E-02 0.00000000E+00
 3  2 0.00000000E+00-7.71391112E-05 0.00000000E+00 0.00000000E+00-6.86821461E-05
 3  3 0.00000000E+00 0.00000000E+00 4.01757636E-03-4.03096367E-03 1.80482873E-03
 3  4 2.22613494E-03 0.00000000E+00 0.00000000E+00 0.00000000E+00 7.03207222E-01
 3  5 2.84157236E-02-1.38304272E-02 2.73373579E-03 0.00000000E+00-1.03806685E-03
 3  6-3.46161966E-03 0.00000000E+00-7.41347218E-04 8.70909191E-05-3.78915768E-04
 3  7 2.91824849E-04 0.00000000E+00-8.40661469E-04 0.00000000E+00 7.03207222E-01
 3  8 2.84157236E-02-1.38304272E-02-2.73373579E-03 0.00000000E+00-1.03806685E-03
 3  9 3.46161966E-03 0.00000000E+00-7.41347218E-04 8.70909191E-05-3.78915768E-04
 3 10 2.91824849E-04 0.00000000E+00 8.40661469E-04 0.00000000E+00
 4  1-2.73531304E-01 1.03827471E+00 4.47455856E-02-5.52903842E-03 0.00000000E+00
 4  2 0.00000000E+00 1.74711135E-02 0.00000000E+00 0.00000000E+00 2.99917535E-03
 4  3 0.00000000E+00 0.00000000E+00-7.18138841E-05 4.13375992E-03-2.10219236E-03
 4  4-2.03156757E-03 0.00000000E+00 0.00000000E+00 0.00000000E+00-2.39526416E-03
 4  5 9.94229330E-04-4.34278469E-03 2.51544847E-03 0.00000000E+00-6.39961226E-04
 4  6-3.15286561E-03 0.00000000E+00 1.64373043E-03 2.48785418E-03-1.31240515E-03
 4  7-1.17544903E-03 0.00000000E+00-1.20463999E-03 0.00000000E+00-2.39526416E-03
 4  8 9.94229330E-04-4.34278469E-03-2.51544847E-03 0.00000000E+00-6.39961226E-04
 4  9 3.15286561E-03 0.00000000E+00 1.64373043E-03 2.48785418E-03-1.31240515E-03
 4 10-1.17544903E-03 0.00000000E+00 1.20463999E-03 0.00000000E+00
 5  1 0.00000000E+00 0.00000000E+00 0.00000000E+00 0.00000000E+00 9.91780779E-01
 5  2 0.00000000E+00 0.00000000E+00 1.46815204E-02 0.00000000E+00 0.00000000E+00
 5  3-1.51605323E-04 0.00000000E+00 0.00000000E+00 0.00000000E+00 0.00000000E+00
 5  4 0.00000000E+00 0.00000000E+00 3.81156830E-03 0.00000000E+00 4.64254454E-03
 5  5-4.79610013E-03 1.35460702E-03-7.03059022E-03 0.00000000E+00 3.35475172E-03
 5  6 1.15356484E-03 0.00000000E+00 1.49577682E-04-2.87935448E-03 2.12634414E-03
 5  7 7.53010341E-04 0.00000000E+00 2.87023419E-03 0.00000000E+00-4.64254454E-03
 5  8 4.79610013E-03-1.35460702E-03-7.03059022E-03 0.00000000E+00-3.35475172E-03
 5  9 1.15356484E-03 0.00000000E+00-1.49577682E-04 2.87935448E-03-2.12634414E-03
 5 10-7.53010341E-04 0.00000000E+00 2.87023419E-03 0.00000000E+00
 6  1 0.00000000E+00 0.00000000E+00 0.00000000E+00 0.00000000E+00 0.00000000E+00
 6  2 9.95893418E-01 0.00000000E+00 0.00000000E+00 1.14478383E-02 0.00000000E+00
 6  3 0.00000000E+00-8.85045322E-04 0.00000000E+00 0.00000000E+00 0.00000000E+00
 6  4 0.00000000E+00 0.00000000E+00 0.00000000E+00 1.43932962E-03 0.00000000E+00
 6  5 0.00000000E+00 0.00000000E+00 0.00000000E+00 1.24372078E-03 0.00000000E+00
 6  6 0.00000000E+00-2.87728808E-04 0.00000000E+00 0.00000000E+00 0.00000000E+00
 6  7 0.00000000E+00 9.60861638E-04 0.00000000E+00-4.79550513E-04 0.00000000E+00
 6  8 0.00000000E+00 0.00000000E+00 0.00000000E+00 1.24372078E-03 0.00000000E+00
 6  9 0.00000000E+00-2.87728808E-04 0.00000000E+00 0.00000000E+00 0.00000000E+00
 6 10 0.00000000E+00-9.60861638E-04 0.00000000E+00-4.79550513E-04
 7  1 5.49279050E-03-2.06643426E-02 1.34266797E-03 7.33197456E-05 0.00000000E+00
 7  2 0.00000000E+00 9.95351075E-01 0.00000000E+00 0.00000000E+00 1.14142653E-02
 7  3 0.00000000E+00 0.00000000E+00-6.35943442E-04-5.52131454E-04-1.06074372E-03
 7  4 1.61287517E-03 0.00000000E+00 0.00000000E+00 0.00000000E+00-1.57857477E-03
 7  5 2.09675208E-03-2.74964955E-04 3.12818260E-03 0.00000000E+00 9.48678213E-05
 7  6-5.70089560E-04 0.00000000E+00-2.30229890E-04 1.55147322E-03-5.02270458E-04
 7  7-1.04920276E-03 0.00000000E+00 1.90324456E-05 0.00000000E+00-1.57857477E-03
 7  8 2.09675208E-03-2.74964955E-04-3.12818260E-03 0.00000000E+00 9.48678213E-05
 7  9 5.70089560E-04 0.00000000E+00-2.30229890E-04 1.55147322E-03-5.02270458E-04
 7 10-1.04920276E-03 0.00000000E+00-1.90324456E-05 0.00000000E+00
 8  1 6.59887992E-02-2.27304378E-01 3.07640352E-01 6.58922501E-02 0.00000000E+00
 8  2 0.00000000E+00-8.23207454E-02 0.00000000E+00 0.00000000E+00 1.09456543E-01
 8  3 0.00000000E+00 0.00000000E+00-1.43602666E-02 7.80060278E-02-4.58038308E-02
 8  4-3.22021969E-02 0.00000000E+00 0.00000000E+00 0.00000000E+00-1.32994809E-01
 8  5 2.36503871E-01 2.17798311E-01 1.64572126E-01 0.00000000E+00-4.24663842E-02
 8  6 3.94638117E-02 0.00000000E+00-3.04798462E-04 2.75134747E-02-1.30383858E-02
 8  7-1.44750889E-02 0.00000000E+00-1.12868220E-02 0.00000000E+00-1.32994809E-01
 8  8 2.36503871E-01 2.17798311E-01-1.64572126E-01 0.00000000E+00-4.24663842E-02
 8  9-3.94638117E-02 0.00000000E+00-3.04798462E-04 2.75134747E-02-1.30383858E-02
 8 10-1.44750889E-02 0.00000000E+00 1.12868220E-02 0.00000000E+00
 9  1 0.00000000E+00 0.00000000E+00 0.00000000E+00 0.00000000E+00-2.44418963E-01
 9  2 0.00000000E+00 0.00000000E+00 3.54426072E-01 0.00000000E+00 0.00000000E+00
 9  3 1.16856708E-03 0.00000000E+00 0.00000000E+00 0.00000000E+00 0.00000000E+00
 9  4 0.00000000E+00 0.00000000E+00 8.72854742E-02 0.00000000E+00 1.52254023E-01
 9  5-2.76217110E-01-2.44053207E-01-1.56193756E-01 0.00000000E+00 6.02784975E-02
 9  6-1.23848852E-02 0.00000000E+00 1.12270725E-02-2.03759145E-02 1.41591519E-02
 9  7 6.21676259E-03 0.00000000E+00 1.90217349E-02 0.00000000E+00-1.52254023E-01
 9  8 2.76217110E-01 2.44053207E-01-1.56193756E-01 0.00000000E+00-6.02784975E-02
 9  9-1.23848852E-02 0.00000000E+00-1.12270725E-02 2.03759145E-02-1.41591519E-02
 9 10-6.21676259E-03 0.00000000E+00 1.90217349E-02 0.00000000E+00
10  1 0.00000000E+00 0.00000000E+00 0.00000000E+00 0.00000000E+00 0.00000000E+00
10  2-2.12884601E-01 0.00000000E+00 0.00000000E+00 4.47390135E-01 0.00000000E+00
10  3 0.00000000E+00 1.12527911E-01 0.00000000E+00 0.00000000E+00 0.00000000E+00
10  4 0.00000000E+00 0.00000000E+00 0.00000000E+00 6.32365250E-02 0.00000000E+00
10  5 0.00000000E+00 0.00000000E+00 0.00000000E+00 3.47560089E-01 0.00000000E+00
10  6 0.00000000E+00 1.68671389E-01 0.00000000E+00 0.00000000E+00 0.00000000E+00
10  7 0.00000000E+00 3.37611688E-02 0.00000000E+00-1.10168744E-02 0.00000000E+00
10  8 0.00000000E+00 0.00000000E+00 0.00000000E+00 3.47560089E-01 0.00000000E+00
10  9 0.00000000E+00 1.68671389E-01 0.00000000E+00 0.00000000E+00 0.00000000E+00
10 10 0.00000000E+00-3.37611688E-02 0.00000000E+00-1.10168744E-02
11  1-1.90308599E-02 5.78892383E-02-1.12763555E-01-1.24623998E-01 0.00000000E+00
11  2 0.00000000E+00-1.92103135E-01 0.00000000E+00 0.00000000E+00 4.03872180E-01
11  3 0.00000000E+00 0.00000000E+00 1.06910140E-01-1.00194413E-01-4.74301421E-03
11  4 1.04937428E-01 0.00000000E+00 0.00000000E+00 0.00000000E+00-3.48272797E-03
11  5 1.91873473E-02 3.29091451E-02 9.59296965E-02 0.00000000E+00 3.33337655E-01
11  6 4.83345837E-02 0.00000000E+00 1.55445609E-01 1.18836522E-02 1.00069550E-03
11  7-1.28843477E-02 0.00000000E+00 2.48261330E-02 0.00000000E+00-3.48272797E-03
11  8 1.91873473E-02 3.29091451E-02-9.59296965E-02 0.00000000E+00 3.33337655E-01
11  9-4.83345837E-02 0.00000000E+00 1.55445609E-01 1.18836522E-02 1.00069550E-03
11 10-1.28843477E-02 0.00000000E+00-2.48261330E-02 0.00000000E+00
12  1 4.39300542E-02-1.23728280E-01 2.69471301E-01 3.68104468E-02 0.00000000E+00
12  2 0.00000000E+00-3.90839823E-02 0.00000000E+00 0.00000000E+00 6.88608043E-02
12  3 0.00000000E+00 0.00000000E+00-3.67175381E-02-3.02116211E-02 1.13254875E-02
12  4 1.88861336E-02 0.00000000E+00 0.00000000E+00 0.00000000E+00 9.34760253E-02
12  5-1.89059964E-01-3.31444762E-01 3.43900419E-01 0.00000000E+00-6.50553505E-02
12  6 1.88440939E-01 0.00000000E+00-3.14919757E-02 2.17568562E-02-1.24039308E-02
12  7-9.35292537E-03 0.00000000E+00-9.18288368E-03 0.00000000E+00 9.34760253E-02
12  8-1.89059964E-01-3.31444762E-01-3.43900419E-01 0.00000000E+00-6.50553505E-02
12  9-1.88440939E-01 0.00000000E+00-3.14919757E-02 2.17568562E-02-1.24039308E-02
12 10-9.35292537E-03 0.00000000E+00 9.18288368E-03 0.00000000E+00
13  1 0.00000000E+00 0.00000000E+00 0.00000000E+00 0.00000000E+00 1.67348547E-01
13  2 0.00000000E+00 0.00000000E+00-3.02616079E-01 0.00000000E+00 0.00000000E+00
13  3 5.64293405E-02 0.00000000E+00 0.00000000E+00 0.00000000E+00 0.00000000E+00
13  4 0.00000000E+00 0.00000000E+00 1.64922792E-02 0.00000000E+00 6.10789060E-02
13  5-1.24674128E-01-2.61798866E-01 3.14326818E-01 0.00000000E+00-2.89832360E-01
13  6 1.37767525E-01 0.00000000E+00-1.62361945E-01 1.60308035E-02-1.42203205E-02
13  7-1.81048302E-03 0.00000000E+00-2.63836121E-02 0.00000000E+00-6.10789060E-02
13  8 1.24674128E-01 2.61798866E-01 3.14326818E-01 0.00000000E+00 2.89832360E-01
13  9 1.37767525E-01 0.00000000E+00 1.62361945E-01-1.60308035E-02 1.42203205E-02
13 10 1.81048302E-03 0.00000000E+00-2.63836121E-02 0.00000000E+00
14  1 0.00000000E+00 0.00000000E+00 0.00000000E+00 0.00000000E+00 0.00000000E+00
14  2 0.00000000E+00 0.00000000E+00 0.00000000E+00 0.00000000E+00 0.00000000E+00
14  3 0.00000000E+00 0.00000000E+00 0.00000000E+00 0.00000000E+00 0.00000000E+00
14  4 0.00000000E+00-2.05018084E-01 0.00000000E+00 0.00000000E+00 0.00000000E+00
14  5 0.00000000E+00 0.00000000E+00 0.00000000E+00 4.57604347E-01 0.00000000E+00
14  6 0.00000000E+00 2.67078714E-01 0.00000000E+00 0.00000000E+00 0.00000000E+00
14  7 0.00000000E+00 2.73635457E-02 0.00000000E+00-6.03281053E-03 0.00000000E+00
14  8 0.00000000E+00 0.00000000E+00 0.00000000E+00-4.57604347E-01 0.00000000E+00
14  9 0.00000000E+00-2.67078714E-01 0.00000000E+00 0.00000000E+00 0.00000000E+00
14 10 0.00000000E+00 2.73635457E-02 0.00000000E+00 6.03281053E-03
15  1 0.00000000E+00 0.00000000E+00 0.00000000E+00 0.00000000E+00 2.66084305E-02
15  2 0.00000000E+00 0.00000000E+00-3.20599309E-02 0.00000000E+00 0.00000000E+00
15  3 5.88980704E-02 0.00000000E+00 0.00000000E+00 0.00000000E+00 0.00000000E+00
15  4 0.00000000E+00 0.00000000E+00-1.89423078E-01 0.00000000E+00 8.60629721E-03
15  5-3.90652817E-02-5.38594852E-02 3.16708045E-01 0.00000000E+00 3.47123580E-01
15  6 1.75249769E-01 0.00000000E+00 2.10281656E-01 3.19141537E-02-1.12399778E-02
15  7-2.06741760E-02 0.00000000E+00 1.51969252E-02 0.00000000E+00-8.60629721E-03
15  8 3.90652817E-02 5.38594852E-02 3.16708045E-01 0.00000000E+00-3.47123580E-01
15  9 1.75249769E-01 0.00000000E+00-2.10281656E-01-3.19141537E-02 1.12399778E-02
15 10 2.06741760E-02 0.00000000E+00 1.51969252E-02 0.00000000E+00
16  1 2.34917898E-02-1.08403352E-01 1.16528736E-01 1.12873236E+00 0.00000000E+00
16  2 0.00000000E+00 1.42304103E-01 0.00000000E+00 0.00000000E+00-2.99294849E-01
16  3 0.00000000E+00 0.00000000E+00-1.81479517E-01-2.29378942E-01 1.15379458E-01
16  4 1.13999484E-01 0.00000000E+00 0.00000000E+00 0.00000000E+00 4.98499802E-02
16  5-7.28797185E-02-3.19272848E-01-1.55262283E-01 0.00000000E+00 2.67828123E-01
16  6-1.28627007E-01 0.00000000E+00 2.29218302E-01-2.97549479E-02 1.69148707E-02
16  7 1.28400772E-02 0.00000000E+00 2.06322240E-02 0.00000000E+00 4.98499802E-02
16  8-7.28797185E-02-3.19272848E-01 1.55262283E-01 0.00000000E+00 2.67828123E-01
16  9 1.28627007E-01 0.00000000E+00 2.29218302E-01-2.97549479E-02 1.69148707E-02
16 10 1.28400772E-02 0.00000000E+00-2.06322240E-02 0.00000000E+00
17  1 0.00000000E+00 0.00000000E+00 0.00000000E+00 0.00000000E+00 0.00000000E+00
17  2-1.80128207E-01 0.00000000E+00 0.00000000E+00 4.94751199E-01 0.00000000E+00
17  3 0.00000000E+00 9.24717205E-01 0.00000000E+00 0.00000000E+00 0.00000000E+00
17  4 0.00000000E+00 0.00000000E+00 0.00000000E+00-1.13896695E-01 0.00000000E+00
17  5 0.00000000E+00 0.00000000E+00 0.00000000E+00-3.73227738E-01 0.00000000E+00
17  6 0.00000000E+00-4.64979318E-01 0.00000000E+00 0.00000000E+00 0.00000000E+00
17  7 0.00000000E+00-8.66779605E-03 0.00000000E+00-2.47661136E-03 0.00000000E+00
17  8 0.00000000E+00 0.00000000E+00 0.00000000E+00-3.73227738E-01 0.00000000E+00
17  9 0.00000000E+00-4.64979318E-01 0.00000000E+00 0.00000000E+00 0.00000000E+00
17 10 0.00000000E+00 8.66779605E-03 0.00000000E+00-2.47661136E-03
18  1-8.29968546E-04-8.37920175E-02-1.01227804E-01 1.59162430E+00 0.00000000E+00
18  2 0.00000000E+00-8.76142445E-02 0.00000000E+00 0.00000000E+00 2.92929018E-01
18  3 0.00000000E+00 0.00000000E+00 1.24288399E+00-8.21386407E-02 1.95798886E-01
18  4-1.13660246E-01 0.00000000E+00 0.00000000E+00 0.00000000E+00 6.06800348E-02
18  5-9.09984316E-02-8.26221913E-01-1.70327870E-01 0.00000000E+00-2.19033730E-01
18  6-3.57638120E-01 0.00000000E+00-2.98272346E-01-2.75033789E-02 2.36529515E-02
18  7 3.85042738E-03 0.00000000E+00 1.17751051E-02 0.00000000E+00 6.06800348E-02
18  8-9.09984316E-02-8.26221913E-01 1.70327870E-01 0.00000000E+00-2.19033730E-01
18  9 3.57638120E-01 0.00000000E+00-2.98272346E-01-2.75033789E-02 2.36529515E-02
18 10 3.85042738E-03 0.00000000E+00-1.17751051E-02 0.00000000E+00
19  1 0.00000000E+00 0.00000000E+00 0.00000000E+00 0.00000000E+00-2.24066321E-02
19  2 0.00000000E+00 0.00000000E+00 1.60243735E-01 0.00000000E+00 0.00000000E+00
19  3 2.04031311E+00 0.00000000E+00 0.00000000E+00 0.00000000E+00 0.00000000E+00
19  4 0.00000000E+00 0.00000000E+00-5.47128783E-02 0.00000000E+00-7.24209427E-02
19  5 8.69772398E-02 1.22377064E+00-8.09703192E-02 0.00000000E+00-1.31698779E-01
19  6 3.08484693E-02 0.00000000E+00-2.54231045E-01 2.16513485E-02-1.19645474E-02
19  7-9.68680108E-03 0.00000000E+00-1.90048579E-02 0.00000000E+00 7.24209427E-02
19  8-8.69772398E-02-1.22377064E+00-8.09703192E-02 0.00000000E+00 1.31698779E-01
19  9 3.08484693E-02 0.00000000E+00 2.54231045E-01-2.16513485E-02 1.19645474E-02
19 10 9.68680108E-03 0.00000000E+00-1.90048579E-02 0.00000000E+00
20  1 0.00000000E+00 0.00000000E+00 0.00000000E+00 0.00000000E+00 0.00000000E+00
20  2-3.06060926E-01 0.00000000E+00 0.00000000E+00 1.14420739E+00 0.00000000E+00
20  3 0.00000000E+00-1.08473368E+00 0.00000000E+00 0.00000000E+00 0.00000000E+00
20  4 0.00000000E+00 0.00000000E+00 0.00000000E+00 5.62632098E-02 0.00000000E+00
20  5 0.00000000E+00 0.00000000E+00 0.00000000E+00-3.76606604E-02 0.00000000E+00
20  6 0.00000000E+00-5.17267903E-02 0.00000000E+00 0.00000000E+00 0.00000000E+00
20  7 0.00000000E+00 4.08403086E-02 0.00000000E+00-1.27749285E-02 0.00000000E+00
20  8 0.00000000E+00 0.00000000E+00 0.00000000E+00-3.76606604E-02 0.00000000E+00
20  9 0.00000000E+00-5.17267903E-02 0.00000000E+00 0.00000000E+00 0.00000000E+00
20 10 0.00000000E+00-4.08403086E-02 0.00000000E+00-1.27749285E-02
21  1-2.63424384E-02-8.91054430E-02-3.94017966E-01 3.64659272E-01 0.00000000E+00
21  2 0.00000000E+00-2.97920018E-01 0.00000000E+00 0.00000000E+00 1.11503006E+00
21  3 0.00000000E+00 0.00000000E+00-9.03452420E-01-2.40894752E-01 1.85415735E-01
21  4 5.54790163E-02 0.00000000E+00 0.00000000E+00 0.00000000E+00 9.96235724E-03
21  5-4.67138547E-02 1.07289322E-01-8.14556583E-02 0.00000000E+00-3.44412697E-02
21  6-3.96559440E-02 0.00000000E+00-1.40020653E-01 1.65150580E-02 7.82902551E-03
21  7-2.43440835E-02 0.00000000E+00 3.17167651E-02 0.00000000E+00 9.96235724E-03
21  8-4.67138547E-02 1.07289322E-01 8.14556583E-02 0.00000000E+00-3.44412697E-02
21  9 3.96559440E-02 0.00000000E+00-1.40020653E-01 1.65150580E-02 7.82902551E-03
21 10-2.43440835E-02 0.00000000E+00-3.17167651E-02 0.00000000E+00
22  1-4.45598541E-02 4.82600927E-02-4.19001182E-01 2.79890574E+00 0.00000000E+00
22  2 0.00000000E+00-3.58613580E-02 0.00000000E+00 0.00000000E+00 2.85303641E-01
22  3 0.00000000E+00 0.00000000E+00 1.04195918E-01 6.28079854E-01-5.73981340E-01
22  4-5.40985141E-02 0.00000000E+00 0.00000000E+00 0.00000000E+00 2.26158034E-02
22  5 7.13968050E-03-1.32164721E+00 2.81763760E-01 0.00000000E+00-1.02046200E-01
22  6-8.00768470E-01 0.00000000E+00 4.25779739E-01-2.96185035E-02 9.95362299E-03
22  7 1.96648805E-02 0.00000000E+00 4.09469779E-02 0.00000000E+00 2.26158034E-02
22  8 7.13968050E-03-1.32164721E+00-2.81763760E-01 0.00000000E+00-1.02046200E-01
22  9 8.00768470E-01 0.00000000E+00 4.25779739E-01-2.96185035E-02 9.95362299E-03
22 10 1.96648805E-02 0.00000000E+00-4.09469779E-02 0.00000000E+00
23  1 0.00000000E+00 0.00000000E+00 0.00000000E+00 0.00000000E+00 0.00000000E+00
23  2-4.33680672E-03 0.00000000E+00 0.00000000E+00 9.13202688E-03 0.00000000E+00
23  3 0.00000000E+00 2.85360452E-01 0.00000000E+00 0.00000000E+00 0.00000000E+00
23  4 0.00000000E+00 0.00000000E+00 0.00000000E+00 9.79857764E-01 0.00000000E+00
23  5 0.00000000E+00 0.00000000E+00 0.00000000E+00-2.26051514E-01 0.00000000E+00
23  6 0.00000000E+00-1.26529265E-01 0.00000000E+00 0.00000000E+00 0.00000000E+00
23  7 0.00000000E+00 2.34444240E-02 0.00000000E+00 6.44249049E-02 0.00000000E+00
23  8 0.00000000E+00 0.00000000E+00 0.00000000E+00-2.26051514E-01 0.00000000E+00
23  9 0.00000000E+00-1.26529265E-01 0.00000000E+00 0.00000000E+00 0.00000000E+00
23 10 0.00000000E+00-2.34444240E-02 0.00000000E+00 6.44249049E-02
24  1 0.00000000E+00 0.00000000E+00 0.00000000E+00 0.00000000E+00-1.80420397E-02
24  2 0.00000000E+00 0.00000000E+00 5.12510820E-01 0.00000000E+00 0.00000000E+00
24  3 2.18654082E-01 0.00000000E+00 0.00000000E+00 0.00000000E+00 0.00000000E+00
24  4 0.00000000E+00 0.00000000E+00 6.23501650E-01 0.00000000E+00-2.07614377E-02
24  5-5.05858859E-02 8.76303293E-01-2.49738023E-01 0.00000000E+00 2.24620892E-01
24  6 1.13810533E+00 0.00000000E+00-1.41208632E-01 1.31328978E-02-1.47410673E-02
24  7 1.60816951E-03 0.00000000E+00-1.63869352E-02 0.00000000E+00 2.07614377E-02
24  8 5.05858859E-02-8.76303293E-01-2.49738023E-01 0.00000000E+00-2.24620892E-01
24  9 1.13810533E+00 0.00000000E+00 1.41208632E-01-1.31328978E-02 1.47410673E-02
24 10-1.60816951E-03 0.00000000E+00-1.63869352E-02 0.00000000E+00
25  1-4.72744610E-03-1.37301115E-01-2.18154371E-01-3.58345568E-01 0.00000000E+00
25  2 0.00000000E+00-2.06041188E-02 0.00000000E+00 0.00000000E+00 2.21466525E-02
25  3 0.00000000E+00 0.00000000E+00 2.97560442E-01-2.44545724E-01-6.64659203E-01
25  4 9.09204927E-01 0.00000000E+00 0.00000000E+00 0.00000000E+00 5.90506834E-04
25  5-8.93410526E-02 2.82831354E-01-2.27800045E-01 0.00000000E+00-1.83964333E-01
25  6 2.89040401E-01 0.00000000E+00-3.16456469E-01 1.46277864E-02-5.80036447E-02
25  7 4.33758583E-02 0.00000000E+00 3.10269657E-02 0.00000000E+00 5.90506834E-04
25  8-8.93410526E-02 2.82831354E-01 2.27800045E-01 0.00000000E+00-1.83964333E-01
25  9-2.89040401E-01 0.00000000E+00-3.16456469E-01 1.46277864E-02-5.80036447E-02
25 10 4.33758583E-02 0.00000000E+00-3.10269657E-02 0.00000000E+00
26  1 1.04338466E-01 5.24917638E-01 1.80114764E+00-1.69816091E-01 0.00000000E+00
26  2 0.00000000E+00-5.72929170E-02 0.00000000E+00 0.00000000E+00 3.72221982E-01
26  3 0.00000000E+00 0.00000000E+00 3.22206145E-01-2.17905680E-01-5.70726433E-02
26  4 2.74978323E-01 0.00000000E+00 0.00000000E+00 0.00000000E+00 5.40458687E-02
26  5-7.56668167E-02-4.89289798E-01 1.49323105E-01 0.00000000E+00 7.42190531E-02
26  6-1.02983302E+00 0.00000000E+00-6.34782279E-02 1.46831626E-02-8.66902065E-03
26  7-6.01414198E-03 0.00000000E+00 6.50397807E-03 0.00000000E+00 5.40458687E-02
26  8-7.56668167E-02-4.89289798E-01-1.49323105E-01 0.00000000E+00 7.42190531E-02
26  9 1.02983302E+00 0.00000000E+00-6.34782279E-02 1.46831626E-02-8.66902065E-03
26 10-6.01414198E-03 0.00000000E+00-6.50397807E-03 0.00000000E+00
27  1 0.00000000E+00 0.00000000E+00 0.00000000E+00 0.00000000E+00 0.00000000E+00
27  2 0.00000000E+00 0.00000000E+00 0.00000000E+00 0.00000000E+00 0.00000000E+00
27  3 0.00000000E+00 0.00000000E+00 0.00000000E+00 0.00000000E+00 0.00000000E+00
27  4 0.00000000E+00 6.96056354E-01 0.00000000E+00 0.00000000E+00 0.00000000E+00
27  5 0.00000000E+00 0.00000000E+00 0.00000000E+00-3.39250873E-01 0.00000000E+00
27  6 0.00000000E+00 9.17388858E-01 0.00000000E+00 0.00000000E+00 0.00000000E+00
27  7 0.00000000E+00-1.94302172E-02 0.00000000E+00 1.36529263E-02 0.00000000E+00
27  8 0.00000000E+00 0.00000000E+00 0.00000000E+00 3.39250873E-01 0.00000000E+00
27  9 0.00000000E+00-9.17388858E-01 0.00000000E+00 0.00000000E+00 0.00000000E+00
27 10 0.00000000E+00-1.94302172E-02 0.00000000E+00-1.36529263E-02
28  1 0.00000000E+00 0.00000000E+00 0.00000000E+00 0.00000000E+00 1.70970178E-01
28  2 0.00000000E+00 0.00000000E+00-8.76617522E-01 0.00000000E+00 0.00000000E+00
28  3 1.89302067E-01 0.00000000E+00 0.00000000E+00 0.00000000E+00 0.00000000E+00
28  4 0.00000000E+00 0.00000000E+00 5.92486707E-01 0.00000000E+00 3.94237349E-02
28  5-6.22508890E-02-2.27483412E-01 5.19528968E-03 0.00000000E+00-2.48075371E-01
28  6-3.51660775E-01 0.00000000E+00 8.85095799E-01-2.21846217E-02-7.16284175E-03
28  7 2.93474635E-02 0.00000000E+00-2.80852583E-02 0.00000000E+00-3.94237349E-02
28  8 6.22508890E-02 2.27483412E-01 5.19528968E-03 0.00000000E+00 2.48075371E-01
28  9-3.51660775E-01 0.00000000E+00-8.85095799E-01 2.21846217E-02 7.16284175E-03
28 10-2.93474635E-02 0.00000000E+00-2.80852583E-02 0.00000000E+00
29  1-4.99623716E-02-2.51059344E-01-8.69682710E-01 4.01446644E-01 0.00000000E+00
29  2 0.00000000E+00 7.63091787E-02 0.00000000E+00 0.00000000E+00-2.43552171E-01
29  3 0.00000000E+00 0.00000000E+00 1.11735358E+00-8.39934563E-02-8.69506819E-02
29  4 1.70944138E-01 0.00000000E+00 0.00000000E+00 0.00000000E+00-6.83186531E-03
29  5 1.47884106E-02 1.53487946E-02 2.78637290E-01 0.00000000E+00 5.19933882E-01
29  6-1.15332979E-02 0.00000000E+00-1.10043332E+00-2.26563499E-02 1.51839647E-02
29  7 7.47238517E-03 0.00000000E+00 1.00708323E-02 0.00000000E+00-6.83186531E-03
29  8 1.47884106E-02 1.53487946E-02-2.78637290E-01 0.00000000E+00 5.19933882E-01
29  9 1.15332979E-02 0.00000000E+00-1.10043332E+00-2.26563499E-02 1.51839647E-02
29 10 7.47238517E-03 0.00000000E+00-1.00708323E-02 0.00000000E+00
30  1 0.00000000E+00 0.00000000E+00 0.00000000E+00 0.00000000E+00 0.00000000E+00
30  2 4.17359525E-02 0.00000000E+00 0.00000000E+00-5.59687319E-02 0.00000000E+00
30  3 0.00000000E+00 1.20644138E+00 0.00000000E+00 0.00000000E+00 0.00000000E+00
30  4 0.00000000E+00 0.00000000E+00 0.00000000E+00 2.03227091E-01 0.00000000E+00
30  5 0.00000000E+00 0.00000000E+00 0.00000000E+00 6.07919908E-01 0.00000000E+00
30  6 0.00000000E+00-1.19578117E+00 0.00000000E+00 0.00000000E+00 0.00000000E+00
30  7 0.00000000E+00 3.63123845E-02 0.00000000E+00-1.18023419E-02 0.00000000E+00
30  8 0.00000000E+00 0.00000000E+00 0.00000000E+00 6.07919908E-01 0.00000000E+00
30  9 0.00000000E+00-1.19578117E+00 0.00000000E+00 0.00000000E+00 0.00000000E+00
30 10 0.00000000E+00-3.63123845E-02 0.00000000E+00-1.18023419E-02
31  1 0.00000000E+00 0.00000000E+00 0.00000000E+00 0.00000000E+00-1.94658602E-01
31  2 0.00000000E+00 0.00000000E+00 9.51103029E-01 0.00000000E+00 0.00000000E+00
31  3-8.63064356E-01 0.00000000E+00 0.00000000E+00 0.00000000E+00 0.00000000E+00
31  4 0.00000000E+00 0.00000000E+00-3.34199757E-01 0.00000000E+00-1.92956939E-02
31  5 5.30719544E-03 7.87795889E-02-1.23516247E-01 0.00000000E+00-5.81589757E-01
31  6 7.81267832E-01 0.00000000E+00 3.84103084E-01-2.37470198E-02 4.30184877E-02
31  7-1.92714679E-02 0.00000000E+00 1.20526049E-02 0.00000000E+00 1.92956939E-02
31  8-5.30719544E-03-7.87795889E-02-1.23516247E-01 0.00000000E+00 5.81589757E-01
31  9 7.81267832E-01 0.00000000E+00-3.84103084E-01 2.37470198E-02-4.30184877E-02
31 10 1.92714679E-02 0.00000000E+00 1.20526049E-02 0.00000000E+00
32  1 0.00000000E+00 0.00000000E+00 0.00000000E+00 0.00000000E+00 0.00000000E+00
32  2 0.00000000E+00 0.00000000E+00 0.00000000E+00 0.00000000E+00 0.00000000E+00
32  3 0.00000000E+00 0.00000000E+00 0.00000000E+00 0.00000000E+00 0.00000000E+00
32  4 0.00000000E+00 8.72576403E-01 0.00000000E+00 0.00000000E+00 0.00000000E+00
32  5 0.00000000E+00 0.00000000E+00 0.00000000E+00 5.98586734E-01 0.00000000E+00
32  6 0.00000000E+00-1.48752849E-01 0.00000000E+00 0.00000000E+00 0.00000000E+00
32  7 0.00000000E+00-4.25701915E-02 0.00000000E+00 6.59655290E-02 0.00000000E+00
32  8 0.00000000E+00 0.00000000E+00 0.00000000E+00-5.98586734E-01 0.00000000E+00
32  9 0.00000000E+00 1.48752849E-01 0.00000000E+00 0.00000000E+00 0.00000000E+00
32 10 0.00000000E+00-4.25701915E-02 0.00000000E+00-6.59655290E-02
33  1 0.00000000E+00 0.00000000E+00 0.00000000E+00 0.00000000E+00-1.97835809E-01
33  2 0.00000000E+00 0.00000000E+00 1.12417505E+00 0.00000000E+00 0.00000000E+00
33  3 1.55765029E+00 0.00000000E+00 0.00000000E+00 0.00000000E+00 0.00000000E+00
33  4 0.00000000E+00 0.00000000E+00 4.65059596E-01 0.00000000E+00-1.44431927E-02
33  5-8.35579655E-01 2.52135988E+00 5.11573735E-01 0.00000000E+00-2.52256181E-02
33  6 1.56087445E-01 0.00000000E+00-3.42918081E-01-1.58006287E-01 4.66937159E-02
33  7 1.11312571E-01 0.00000000E+00 1.64063615E-01 0.00000000E+00 1.44431927E-02
33  8 8.35579655E-01-2.52135988E+00 5.11573735E-01 0.00000000E+00 2.52256181E-02
33  9 1.56087445E-01 0.00000000E+00 3.42918081E-01 1.58006287E-01-4.66937159E-02
33 10-1.11312571E-01 0.00000000E+00 1.64063615E-01 0.00000000E+00
34  1 3.80729258E-02 1.22469369E-01 5.86492899E-01 2.88360486E+00 0.00000000E+00
34  2 0.00000000E+00-8.34600813E-02 0.00000000E+00 0.00000000E+00 5.17794204E-01
34  3 0.00000000E+00 0.00000000E+00 8.00953240E-01 6.69907472E-01-4.39816868E-01
34  4-2.30090605E-01 0.00000000E+00 0.00000000E+00 0.00000000E+00 1.06303393E-02
34  5 9.09037116E-01-2.78755371E+00-3.75315604E-01 0.00000000E+00 2.75120933E-01
34  6-6.91520145E-01 0.00000000E+00-6.49422213E-02 2.02620437E-01-1.36333038E-01
34  7-6.62873999E-02 0.00000000E+00-7.38097582E-02 0.00000000E+00 1.06303393E-02
34  8 9.09037116E-01-2.78755371E+00 3.75315604E-01 0.00000000E+00 2.75120933E-01
34  9 6.91520145E-01 0.00000000E+00-6.49422213E-02 2.02620437E-01-1.36333038E-01
34 10-6.62873999E-02 0.00000000E+00 7.38097582E-02 0.00000000E+00
35  1 0.00000000E+00 0.00000000E+00 0.00000000E+00 0.00000000E+00-2.20300133E-01
35  2 0.00000000E+00 0.00000000E+00 7.78229141E-01 0.00000000E+00 0.00000000E+00
35  3-6.14143227E-01 0.00000000E+00 0.00000000E+00 0.00000000E+00 0.00000000E+00
35  4 0.00000000E+00 0.00000000E+00 4.15927069E-01 0.00000000E+00-1.03225056E-02
35  5 9.68143281E-01-8.75187670E-01 3.96825428E-01 0.00000000E+00-5.73852268E-02
35  6-1.36861641E-01 0.00000000E+00 1.18804027E-01-1.47168862E-01-2.46572966E-01
35  7 3.93741828E-01 0.00000000E+00 6.56145026E-03 0.00000000E+00 1.03225056E-02
35  8-9.68143281E-01 8.75187670E-01 3.96825428E-01 0.00000000E+00 5.73852268E-02
35  9-1.36861641E-01 0.00000000E+00-1.18804027E-01 1.47168862E-01 2.46572966E-01
35 10-3.93741828E-01 0.00000000E+00 6.56145026E-03 0.00000000E+00
36  1-3.41823866E-02 1.09249399E-01-2.85283030E-01 3.07392641E-01 0.00000000E+00
36  2 0.00000000E+00 1.04269466E-01 0.00000000E+00 0.00000000E+00-4.92050824E-01
36  3 0.00000000E+00 0.00000000E+00 2.19971066E-01-8.06263056E-01 3.90427500E-01
36  4 4.15835556E-01 0.00000000E+00 0.00000000E+00 0.00000000E+00 1.82460864E-03
36  5 8.61485156E-01-4.98778069E-01 3.74439488E-01 0.00000000E+00-2.77754143E-01
36  6-2.21780316E-01 0.00000000E+00 6.27341221E-02 7.27697718E-02 2.86433393E-01
36  7-3.59203165E-01 0.00000000E+00 1.68028288E-01 0.00000000E+00 1.82460864E-03
36  8 8.61485156E-01-4.98778069E-01-3.74439488E-01 0.00000000E+00-2.77754143E-01
36  9 2.21780316E-01 0.00000000E+00 6.27341221E-02 7.27697718E-02 2.86433393E-01
36 10-3.59203165E-01 0.00000000E+00-1.68028288E-01 0.00000000E+00
37  1 0.00000000E+00 0.00000000E+00 0.00000000E+00 0.00000000E+00 0.00000000E+00
37  2 0.00000000E+00 0.00000000E+00 0.00000000E+00 0.00000000E+00 0.00000000E+00
37  3 0.00000000E+00 0.00000000E+00 0.00000000E+00 0.00000000E+00 0.00000000E+00
37  4 0.00000000E+00 6.36584762E-02 0.00000000E+00 0.00000000E+00 0.00000000E+00
37  5 0.00000000E+00 0.00000000E+00 0.00000000E+00-2.89805195E-02 0.00000000E+00
37  6 0.00000000E+00 6.32925226E-02 0.00000000E+00 0.00000000E+00 0.00000000E+00
37  7 0.00000000E+00 4.21545316E-01 0.00000000E+00 5.71603002E-01 0.00000000E+00
37  8 0.00000000E+00 0.00000000E+00 0.00000000E+00 2.89805195E-02 0.00000000E+00
37  9 0.00000000E+00-6.32925226E-02 0.00000000E+00 0.00000000E+00 0.00000000E+00
37 10 0.00000000E+00 4.21545316E-01 0.00000000E+00-5.71603002E-01
38  1 0.00000000E+00 0.00000000E+00 0.00000000E+00 0.00000000E+00-1.07272668E-01
38  2 0.00000000E+00 0.00000000E+00 3.32921418E-01 0.00000000E+00 0.00000000E+00
38  3-1.27402691E-02 0.00000000E+00 0.00000000E+00 0.00000000E+00 0.00000000E+00
38  4 0.00000000E+00 0.00000000E+00 9.23285488E-02 0.00000000E+00-5.97158938E-03
38  5 3.00120032E-01-1.63188205E-01 2.09421466E-01 0.00000000E+00 2.16088265E-02
38  6-1.69582700E-01 0.00000000E+00-7.02435550E-02-3.40391032E-01 5.63294801E-01
38  7-2.22903769E-01 0.00000000E+00-3.78965762E-01 0.00000000E+00 5.97158938E-03
38  8-3.00120032E-01 1.63188205E-01 2.09421466E-01 0.00000000E+00-2.16088265E-02
38  9-1.69582700E-01 0.00000000E+00 7.02435550E-02 3.40391032E-01-5.63294801E-01
38 10 2.22903769E-01 0.00000000E+00-3.78965762E-01 0.00000000E+00
39  1 0.00000000E+00 0.00000000E+00 0.00000000E+00 0.00000000E+00 0.00000000E+00
39  2-3.56544673E-02 0.00000000E+00 0.00000000E+00 2.45404214E-01 0.00000000E+00
39  3 0.00000000E+00-7.75619616E-03 0.00000000E+00 0.00000000E+00 0.00000000E+00
39  4 0.00000000E+00 0.00000000E+00 0.00000000E+00-2.25564843E-01 0.00000000E+00
39  5 0.00000000E+00 0.00000000E+00 0.00000000E+00 4.88259232E-02 0.00000000E+00
39  6 0.00000000E+00-8.24482477E-02 0.00000000E+00 0.00000000E+00 0.00000000E+00
39  7 0.00000000E+00-3.72087530E-02 0.00000000E+00 7.22368074E-01 0.00000000E+00
39  8 0.00000000E+00 0.00000000E+00 0.00000000E+00 4.88259232E-02 0.00000000E+00
39  9 0.00000000E+00-8.24482477E-02 0.00000000E+00 0.00000000E+00 0.00000000E+00
39 10 0.00000000E+00 3.72087530E-02 0.00000000E+00 7.22368074E-01
40  1-1.32831166E-02 1.24091524E-01-7.12476526E-03-3.41463965E-03 0.00000000E+00
40  2 0.00000000E+00 5.30960850E-02 0.00000000E+00 0.00000000E+00-2.06472489E-01
40  3 0.00000000E+00 0.00000000E+00 5.89579222E-04-4.65040856E-01 5.66338205E-01
40  4-1.01297349E-01 0.00000000E+00 0.00000000E+00 0.00000000E+00 5.21428525E-03
40  5 4.42602567E-01-1.87124862E-01 2.27010493E-01 0.00000000E+00-1.19092569E-01
40  6-1.46100593E-01 0.00000000E+00 8.64437628E-02 3.34556652E-02-5.19934150E-01
40  7 4.86478485E-01 0.00000000E+00 3.51585512E-01 0.00000000E+00 5.21428525E-03
40  8 4.42602567E-01-1.87124862E-01-2.27010493E-01 0.00000000E+00-1.19092569E-01
40  9 1.46100593E-01 0.00000000E+00 8.64437628E-02 3.34556652E-02-5.19934150E-01
40 10 4.86478485E-01 0.00000000E+00-3.51585512E-01 0.00000000E+00
41  1 0.00000000E+00 0.00000000E+00 0.00000000E+00 0.00000000E+00 0.00000000E+00
41  2 1.02714819E-01 0.00000000E+00 0.00000000E+00-7.00671547E-01 0.00000000E+00
41  3 0.00000000E+00-2.04730939E-01 0.00000000E+00 0.00000000E+00 0.00000000E+00
41  4 0.00000000E+00 0.00000000E+00 0.00000000E+00-4.44236142E-01 0.00000000E+00
41  5 0.00000000E+00 0.00000000E+00 0.00000000E+00-2.46396852E-02 0.00000000E+00
41  6 0.00000000E+00 3.89772480E-01 0.00000000E+00 0.00000000E+00 0.00000000E+00
41  7 0.00000000E+00 8.27864906E-01 0.00000000E+00 1.28127316E-02 0.00000000E+00
41  8 0.00000000E+00 0.00000000E+00 0.00000000E+00-2.46396852E-02 0.00000000E+00
41  9 0.00000000E+00 3.89772480E-01 0.00000000E+00 0.00000000E+00 0.00000000E+00
41 10 0.00000000E+00-8.27864906E-01 0.00000000E+00 1.28127316E-02
42  1 0.00000000E+00 0.00000000E+00 0.00000000E+00 0.00000000E+00 4.26692706E-02
42  2 0.00000000E+00 0.00000000E+00 6.89247490E-01 0.00000000E+00 0.00000000E+00
42  3 3.00688664E-01 0.00000000E+00 0.00000000E+00 0.00000000E+00 0.00000000E+00
42  4 0.00000000E+00 0.00000000E+00-8.74774014E-01 0.00000000E+00-2.99325036E-02
42  5-6.82563766E-01 1.10203440E+00-1.26545696E-01 0.00000000E+00-4.88319215E-02
42  6 3.91468880E-01 0.00000000E+00-5.09944219E-01-5.84738123E-02-3.55246214E-01
42  7 4.13720026E-01 0.00000000E+00-7.07907121E-01 0.00000000E+00 2.99325036E-02
42  8 6.82563766E-01-1.10203440E+00-1.26545696E-01 0.00000000E+00 4.88319215E-02
42  9 3.91468880E-01 0.00000000E+00 5.09944219E-01 5.84738123E-02 3.55246214E-01
42 10-4.13720026E-01 0.00000000E+00-7.07907121E-01 0.00000000E+00
43  1-8.73049892E-02-9.47309970E-01-2.33488932E+00-1.79873192E+00 0.00000000E+00
43  2 0.00000000E+00 6.21510576E-02 0.00000000E+00 0.00000000E+00-1.05706308E+00
43  3 0.00000000E+00 0.00000000E+00-2.69736382E-01-6.70750315E-01 5.10522903E-01
43  4 1.60227412E-01 0.00000000E+00 0.00000000E+00 0.00000000E+00-3.76691130E-02
43  5-4.47834122E-01 2.44580181E+00 4.08051324E-01 0.00000000E+00-1.69968889E-01
43  6 1.12638597E+00 0.00000000E+00-2.87383747E-01 8.61417708E-01-5.12906892E-01
43  7-3.48510816E-01 0.00000000E+00-3.34208444E-01 0.00000000E+00-3.76691130E-02
43  8-4.47834122E-01 2.44580181E+00-4.08051324E-01 0.00000000E+00-1.69968889E-01
43  9-1.12638597E+00 0.00000000E+00-2.87383747E-01 8.61417708E-01-5.12906892E-01
43 10-3.48510816E-01 0.00000000E+00 3.34208444E-01 0.00000000E+00
44  1 0.00000000E+00 0.00000000E+00 0.00000000E+00 0.00000000E+00 0.00000000E+00
44  2 0.00000000E+00 0.00000000E+00 0.00000000E+00 0.00000000E+00 0.00000000E+00
44  3 0.00000000E+00 0.00000000E+00 0.00000000E+00 0.00000000E+00 0.00000000E+00
44  4 0.00000000E+00 1.14906096E+00 0.00000000E+00 0.00000000E+00 0.00000000E+00
44  5 0.00000000E+00 0.00000000E+00 0.00000000E+00 1.69747668E-01 0.00000000E+00
44  6 0.00000000E+00 4.07924662E-01 0.00000000E+00 0.00000000E+00 0.00000000E+00
44  7 0.00000000E+00 7.84367502E-01 0.00000000E+00-5.05840306E-01 0.00000000E+00
44  8 0.00000000E+00 0.00000000E+00 0.00000000E+00-1.69747668E-01 0.00000000E+00
44  9 0.00000000E+00-4.07924662E-01 0.00000000E+00 0.00000000E+00 0.00000000E+00
44 10 0.00000000E+00 7.84367502E-01 0.00000000E+00 5.05840306E-01
45  1 0.00000000E+00 0.00000000E+00 0.00000000E+00 0.00000000E+00-1.72168323E-01
45  2 0.00000000E+00 0.00000000E+00 2.61314882E+00 0.00000000E+00 0.00000000E+00
45  3 2.54922391E-01 0.00000000E+00 0.00000000E+00 0.00000000E+00 0.00000000E+00
45  4 0.00000000E+00 0.00000000E+00 1.12393842E+00 0.00000000E+00-2.47360176E-02
45  5 7.11819344E-02 1.94421627E+00 6.46706783E-01 0.00000000E+00-1.32362473E-01
45  6 1.01517059E+00 0.00000000E+00-1.77068960E-01 8.70077736E-01-3.19869052E-01
45  7-5.50208683E-01 0.00000000E+00-2.82316054E-01 0.00000000E+00 2.47360176E-02
45  8-7.11819344E-02-1.94421627E+00 6.46706783E-01 0.00000000E+00 1.32362473E-01
45  9 1.01517059E+00 0.00000000E+00 1.77068960E-01-8.70077736E-01 3.19869052E-01
45 10 5.50208683E-01 0.00000000E+00-2.82316054E-01 0.00000000E+00
46  1 4.81465186E-02 1.96743558E-01 8.75229980E-01 3.30181119E-01 0.00000000E+00
46  2 0.00000000E+00 5.37215885E-02 0.00000000E+00 0.00000000E+00-2.98327258E-01
46  3 0.00000000E+00 0.00000000E+00-3.37763278E-01 1.51443034E+00-4.94958936E-01
46  4-1.01947141E+00 0.00000000E+00 0.00000000E+00 0.00000000E+00-2.16824023E-02
46  5-6.05251913E-01-3.14332256E-01-3.94943107E-01 0.00000000E+00 3.07752607E-01
46  6 1.82017113E-02 0.00000000E+00 5.41113219E-01 2.87674242E-01 8.60910765E-02
46  7-3.73765319E-01 0.00000000E+00 7.91306372E-01 0.00000000E+00-2.16824023E-02
46  8-6.05251913E-01-3.14332256E-01 3.94943107E-01 0.00000000E+00 3.07752607E-01
46  9-1.82017113E-02 0.00000000E+00 5.41113219E-01 2.87674242E-01 8.60910765E-02
46 10-3.73765319E-01 0.00000000E+00-7.91306372E-01 0.00000000E+00
 $END   
 POPULATION ANALYSIS
S           15.70182   0.29818  15.49475   0.50525
O            8.14909  -0.14909   8.25263  -0.25263
O            8.14909  -0.14909   8.25263  -0.25263
 MOMENTS AT POINT    1 X,Y,Z=  0.000000  0.000000  0.000000
 DIPOLE       0.000000  0.000000  0.461246
