 $DATA  
Title                                                                           
CNV      2

S          16.0      0.0000000000      0.0000000000     -0.4243818058
   PC1     0
        
O           8.0      0.8485281374      0.0000000000      0.4241463316
   PC1     0
        
 $END      
 $ZMAT   IZMAT(1)=
         1,   3,   1,
         1,   2,   1,
         2,   2,   1,   3,
 $END
--- CLOSED SHELL ORBITALS --- GENERATED AT Thu Feb 26 00:12:32 2015
Title                                                                           
E(R-PBE)=     -547.8005583142, E(NUC)=  132.8476703119,   16 ITERS
 $VEC   
 1  1 1.00298060E+00-1.01436570E-02 2.07804091E-03-5.40290773E-04 0.00000000E+00
 1  2 0.00000000E+00 2.11505080E-05 0.00000000E+00 0.00000000E+00 3.73247165E-04
 1  3 0.00000000E+00 0.00000000E+00 1.00965522E-05 6.72132039E-05-1.34503825E-04
 1  4 6.72906213E-05 0.00000000E+00 0.00000000E+00 0.00000000E+00 6.20322912E-06
 1  5-5.67209727E-05-2.67699702E-04-1.12147134E-04 0.00000000E+00 1.04048815E-04
 1  6-1.87757646E-04 0.00000000E+00 2.08421184E-04-3.41279646E-05 5.06820937E-05
 1  7-1.65541291E-05 0.00000000E+00 8.19699504E-05 0.00000000E+00 6.20322912E-06
 1  8-5.67209727E-05-2.67699702E-04 1.12147134E-04 0.00000000E+00 1.04048815E-04
 1  9 1.87757646E-04 0.00000000E+00 2.08421184E-04-3.41279646E-05 5.06820937E-05
 1 10-1.65541291E-05 0.00000000E+00-8.19699504E-05 0.00000000E+00
 2  1-1.11888125E-04 2.28948981E-04-1.45778466E-03 1.10621791E-02 0.00000000E+00
 2  2 0.00000000E+00 2.40075176E-04 0.00000000E+00 0.00000000E+00-6.50681331E-04
 2  3 0.00000000E+00 0.00000000E+00 4.81110656E-03 2.09108485E-04 8.13046826E-04
 2  4-1.02215531E-03 0.00000000E+00 0.00000000E+00 0.00000000E+00 7.03131708E-01
 2  5 2.70126796E-02-1.40153956E-02 1.55011272E-03 0.00000000E+00-1.24978449E-03
 2  6-1.76078114E-03 0.00000000E+00 2.14027653E-03 6.40918895E-04-3.39974803E-04
 2  7-3.00944093E-04 0.00000000E+00-8.61112092E-05 0.00000000E+00 7.03131708E-01
 2  8 2.70126796E-02-1.40153956E-02-1.55011272E-03 0.00000000E+00-1.24978449E-03
 2  9 1.76078114E-03 0.00000000E+00 2.14027653E-03 6.40918895E-04-3.39974803E-04
 2 10-3.00944093E-04 0.00000000E+00 8.61112092E-05 0.00000000E+00
 3  1 0.00000000E+00 0.00000000E+00 0.00000000E+00 0.00000000E+00-2.96932426E-04
 3  2 0.00000000E+00 0.00000000E+00 7.63219276E-04 0.00000000E+00 0.00000000E+00
 3  3-2.79739259E-03 0.00000000E+00 0.00000000E+00 0.00000000E+00 0.00000000E+00
 3  4 0.00000000E+00 0.00000000E+00 2.32925187E-03 0.00000000E+00 7.03215567E-01
 3  5 2.73814102E-02-1.27941606E-02 1.31015406E-03 0.00000000E+00-1.66505646E-03
 3  6-3.10040154E-03 0.00000000E+00 1.49828365E-03-6.76152259E-04 2.85499844E-04
 3  7 3.90652415E-04 0.00000000E+00-4.06168016E-04 0.00000000E+00-7.03215567E-01
 3  8-2.73814102E-02 1.27941606E-02 1.31015406E-03 0.00000000E+00 1.66505646E-03
 3  9-3.10040154E-03 0.00000000E+00-1.49828365E-03 6.76152259E-04-2.85499844E-04
 3 10-3.90652415E-04 0.00000000E+00-4.06168016E-04 0.00000000E+00
 4  1-2.73764422E-01 1.03930473E+00 4.39189851E-02-9.76296250E-03 0.00000000E+00
 4  2 0.00000000E+00 1.28722932E-02 0.00000000E+00 0.00000000E+00 3.83901774E-03
 4  3 0.00000000E+00 0.00000000E+00-1.94391615E-04 5.48338375E-04-1.15312664E-03
 4  4 6.04788267E-04 0.00000000E+00 0.00000000E+00 0.00000000E+00-1.14463196E-03
 4  5 1.64984049E-04-1.41278128E-03 5.19026193E-04 0.00000000E+00-6.72562384E-04
 4  6-1.62995724E-03 0.00000000E+00 1.81123685E-03 1.33515084E-04-5.89877195E-04
 4  7 4.56362111E-04 0.00000000E+00-1.10180208E-03 0.00000000E+00-1.14463196E-03
 4  8 1.64984049E-04-1.41278128E-03-5.19026193E-04 0.00000000E+00-6.72562384E-04
 4  9 1.62995724E-03 0.00000000E+00 1.81123685E-03 1.33515084E-04-5.89877195E-04
 4 10 4.56362111E-04 0.00000000E+00 1.10180208E-03 0.00000000E+00
 5  1 0.00000000E+00 0.00000000E+00 0.00000000E+00 0.00000000E+00 9.95014335E-01
 5  2 0.00000000E+00 0.00000000E+00 1.27532039E-02 0.00000000E+00 0.00000000E+00
 5  3-1.47731745E-04 0.00000000E+00 0.00000000E+00 0.00000000E+00 0.00000000E+00
 5  4 0.00000000E+00 0.00000000E+00 2.71971552E-03 0.00000000E+00 1.80370230E-03
 5  5-1.76998873E-03 1.08468263E-03-1.79952962E-03 0.00000000E+00 2.33686479E-03
 5  6 4.06049692E-04 0.00000000E+00-6.33326897E-04-2.08478176E-04 9.04161851E-04
 5  7-6.95683675E-04 0.00000000E+00 1.38236520E-03 0.00000000E+00-1.80370230E-03
 5  8 1.76998873E-03-1.08468263E-03-1.79952962E-03 0.00000000E+00-2.33686479E-03
 5  9 4.06049692E-04 0.00000000E+00 6.33326897E-04 2.08478176E-04-9.04161851E-04
 5 10 6.95683675E-04 0.00000000E+00 1.38236520E-03 0.00000000E+00
 6  1 0.00000000E+00 0.00000000E+00 0.00000000E+00 0.00000000E+00 0.00000000E+00
 6  2 9.96143390E-01 0.00000000E+00 0.00000000E+00 1.11109450E-02 0.00000000E+00
 6  3 0.00000000E+00-6.52744068E-04 0.00000000E+00 0.00000000E+00 0.00000000E+00
 6  4 0.00000000E+00 0.00000000E+00 0.00000000E+00 1.20988268E-03 0.00000000E+00
 6  5 0.00000000E+00 0.00000000E+00 0.00000000E+00 5.39743824E-04 0.00000000E+00
 6  6 0.00000000E+00-3.04080828E-04 0.00000000E+00 0.00000000E+00 0.00000000E+00
 6  7 0.00000000E+00 2.63040621E-04 0.00000000E+00-3.41740221E-04 0.00000000E+00
 6  8 0.00000000E+00 0.00000000E+00 0.00000000E+00 5.39743824E-04 0.00000000E+00
 6  9 0.00000000E+00-3.04080828E-04 0.00000000E+00 0.00000000E+00 0.00000000E+00
 6 10 0.00000000E+00-2.63040621E-04 0.00000000E+00-3.41740221E-04
 7  1 4.17831198E-03-1.56578007E-02 1.35271419E-03 1.61864412E-03 0.00000000E+00
 7  2 0.00000000E+00 9.95000729E-01 0.00000000E+00 0.00000000E+00 1.26019715E-02
 7  3 0.00000000E+00 0.00000000E+00 3.06092076E-05-7.09822523E-04-1.45425160E-03
 7  4 2.16407413E-03 0.00000000E+00 0.00000000E+00 0.00000000E+00-1.73249925E-03
 7  5 2.07515398E-03-1.17824968E-03 2.27837874E-03 0.00000000E+00-1.98249392E-03
 7  6-7.53718956E-04 0.00000000E+00 2.14923521E-04 3.59039629E-04-6.99705328E-04
 7  7 3.40665699E-04 0.00000000E+00-1.30325420E-03 0.00000000E+00-1.73249925E-03
 7  8 2.07515398E-03-1.17824968E-03-2.27837874E-03 0.00000000E+00-1.98249392E-03
 7  9 7.53718956E-04 0.00000000E+00 2.14923521E-04 3.59039629E-04-6.99705328E-04
 7 10 3.40665699E-04 0.00000000E+00 1.30325420E-03 0.00000000E+00
 8  1 5.75299130E-02-1.76491109E-01 3.04253724E-01 8.09463682E-02 0.00000000E+00
 8  2 0.00000000E+00-1.28499580E-01 0.00000000E+00 0.00000000E+00 1.99695119E-01
 8  3 0.00000000E+00 0.00000000E+00-6.01926383E-03 1.03517961E-02-4.51728748E-02
 8  4 3.48210787E-02 0.00000000E+00 0.00000000E+00 0.00000000E+00-1.24252454E-01
 8  5 2.28961227E-01 1.97605247E-01 1.26747931E-01 0.00000000E+00-9.60532370E-02
 8  6 2.28884215E-02 0.00000000E+00-1.92784327E-02 5.55152512E-03-1.00940056E-02
 8  7 4.54248046E-03 0.00000000E+00-1.78609332E-02 0.00000000E+00-1.24252454E-01
 8  8 2.28961227E-01 1.97605247E-01-1.26747931E-01 0.00000000E+00-9.60532370E-02
 8  9-2.28884215E-02 0.00000000E+00-1.92784327E-02 5.55152512E-03-1.00940056E-02
 8 10 4.54248046E-03 0.00000000E+00 1.78609332E-02 0.00000000E+00
 9  1 0.00000000E+00 0.00000000E+00 0.00000000E+00 0.00000000E+00-1.85698138E-01
 9  2 0.00000000E+00 0.00000000E+00 3.24608494E-01 0.00000000E+00 0.00000000E+00
 9  3 2.84823807E-02 0.00000000E+00 0.00000000E+00 0.00000000E+00 0.00000000E+00
 9  4 0.00000000E+00 0.00000000E+00 1.22743451E-01 0.00000000E+00 1.50013432E-01
 9  5-2.78460554E-01-2.86168123E-01-6.70713046E-02 0.00000000E+00 1.33625856E-01
 9  6-1.48665354E-02 0.00000000E+00 2.38721511E-02-1.37675779E-03 9.54376349E-03
 9  7-8.16700570E-03 0.00000000E+00 1.86127087E-02 0.00000000E+00-1.50013432E-01
 9  8 2.78460554E-01 2.86168123E-01-6.70713046E-02 0.00000000E+00-1.33625856E-01
 9  9-1.48665354E-02 0.00000000E+00-2.38721511E-02 1.37675779E-03-9.54376349E-03
 9 10 8.16700570E-03 0.00000000E+00 1.86127087E-02 0.00000000E+00
10  1 5.56430082E-02-1.60063811E-01 3.45741889E-01 3.77034552E-01 0.00000000E+00
10  2 0.00000000E+00 1.39219674E-01 0.00000000E+00 0.00000000E+00-3.00605425E-01
10  3 0.00000000E+00 0.00000000E+00-1.16434819E-01 6.19427986E-02 2.64138229E-02
10  4-8.83566215E-02 0.00000000E+00 0.00000000E+00 0.00000000E+00 5.36275066E-02
10  5-9.87275109E-02-1.80360657E-01-8.97202420E-02 0.00000000E+00-2.14880969E-01
10  6-4.61554089E-02 0.00000000E+00-9.58405171E-02-1.55072467E-02-7.00467667E-04
10  7 1.62077144E-02 0.00000000E+00-7.73166710E-03 0.00000000E+00 5.36275066E-02
10  8-9.87275109E-02-1.80360657E-01 8.97202420E-02 0.00000000E+00-2.14880969E-01
10  9 4.61554089E-02 0.00000000E+00-9.58405171E-02-1.55072467E-02-7.00467667E-04
10 10 1.62077144E-02 0.00000000E+00 7.73166710E-03 0.00000000E+00
11  1 0.00000000E+00 0.00000000E+00 0.00000000E+00 0.00000000E+00 0.00000000E+00
11  2-2.06556842E-01 0.00000000E+00 0.00000000E+00 4.60976824E-01 0.00000000E+00
11  3 0.00000000E+00 1.52275002E-01 0.00000000E+00 0.00000000E+00 0.00000000E+00
11  4 0.00000000E+00 0.00000000E+00 0.00000000E+00 9.75468552E-02 0.00000000E+00
11  5 0.00000000E+00 0.00000000E+00 0.00000000E+00 3.22948344E-01 0.00000000E+00
11  6 0.00000000E+00 1.59227258E-01 0.00000000E+00 0.00000000E+00 0.00000000E+00
11  7 0.00000000E+00 2.19463689E-02 0.00000000E+00-1.87665072E-02 0.00000000E+00
11  8 0.00000000E+00 0.00000000E+00 0.00000000E+00 3.22948344E-01 0.00000000E+00
11  9 0.00000000E+00 1.59227258E-01 0.00000000E+00 0.00000000E+00 0.00000000E+00
11 10 0.00000000E+00-2.19463689E-02 0.00000000E+00-1.87665072E-02
12  1 2.40424684E-02-4.22091953E-02 1.82274748E-01-9.30200280E-02 0.00000000E+00
12  2 0.00000000E+00-1.00783613E-01 0.00000000E+00 0.00000000E+00 2.15153427E-01
12  3 0.00000000E+00 0.00000000E+00-2.76142382E-02-8.56725426E-02 1.08583810E-03
12  4 8.45867045E-02 0.00000000E+00 0.00000000E+00 0.00000000E+00 8.07609795E-02
12  5-1.68903905E-01-2.95207967E-01 3.67630625E-01 0.00000000E+00-4.92037502E-02
12  6 1.95632397E-01 0.00000000E+00-2.82454532E-02 2.16752344E-02-1.16913664E-02
12  7-9.98386799E-03 0.00000000E+00-1.48967558E-02 0.00000000E+00 8.07609795E-02
12  8-1.68903905E-01-2.95207967E-01-3.67630625E-01 0.00000000E+00-4.92037502E-02
12  9-1.95632397E-01 0.00000000E+00-2.82454532E-02 2.16752344E-02-1.16913664E-02
12 10-9.98386799E-03 0.00000000E+00 1.48967558E-02 0.00000000E+00
13  1 0.00000000E+00 0.00000000E+00 0.00000000E+00 0.00000000E+00-1.61371720E-01
13  2 0.00000000E+00 0.00000000E+00 3.54744854E-01 0.00000000E+00 0.00000000E+00
13  3 4.42100451E-02 0.00000000E+00 0.00000000E+00 0.00000000E+00 0.00000000E+00
13  4 0.00000000E+00 0.00000000E+00 3.71013416E-02 0.00000000E+00-7.29401789E-02
13  5 1.52527151E-01 3.10167012E-01-1.70049440E-01 0.00000000E+00 3.48506921E-01
13  6-9.66774458E-02 0.00000000E+00 1.85324265E-01 2.48025101E-03 1.43275452E-02
13  7-1.68077962E-02 0.00000000E+00 1.68567587E-02 0.00000000E+00 7.29401789E-02
13  8-1.52527151E-01-3.10167012E-01-1.70049440E-01 0.00000000E+00-3.48506921E-01
13  9-9.66774458E-02 0.00000000E+00-1.85324265E-01-2.48025101E-03-1.43275452E-02
13 10 1.68077962E-02 0.00000000E+00 1.68567587E-02 0.00000000E+00
14  1 0.00000000E+00 0.00000000E+00 0.00000000E+00 0.00000000E+00 0.00000000E+00
14  2 0.00000000E+00 0.00000000E+00 0.00000000E+00 0.00000000E+00 0.00000000E+00
14  3 0.00000000E+00 0.00000000E+00 0.00000000E+00 0.00000000E+00 0.00000000E+00
14  4 0.00000000E+00-1.68035603E-01 0.00000000E+00 0.00000000E+00 0.00000000E+00
14  5 0.00000000E+00 0.00000000E+00 0.00000000E+00 4.71150316E-01 0.00000000E+00
14  6 0.00000000E+00 3.29774815E-01 0.00000000E+00 0.00000000E+00 0.00000000E+00
14  7 0.00000000E+00 1.77794730E-02 0.00000000E+00-2.47852492E-02 0.00000000E+00
14  8 0.00000000E+00 0.00000000E+00 0.00000000E+00-4.71150316E-01 0.00000000E+00
14  9 0.00000000E+00-3.29774815E-01 0.00000000E+00 0.00000000E+00 0.00000000E+00
14 10 0.00000000E+00 1.77794730E-02 0.00000000E+00 2.47852492E-02
15  1 1.87923666E-02-8.95626414E-02 8.29121960E-02 6.09929325E-01 0.00000000E+00
15  2 0.00000000E+00 1.64151691E-01 0.00000000E+00 0.00000000E+00-3.56994975E-01
15  3 0.00000000E+00 0.00000000E+00-1.63207329E-01-1.44582771E-01 5.62669686E-02
15  4 8.83158020E-02 0.00000000E+00 0.00000000E+00 0.00000000E+00 8.48679093E-03
15  5-2.13623413E-02-4.95269777E-02 5.76622796E-02 0.00000000E+00 3.67865258E-01
15  6 5.16644835E-02 0.00000000E+00 2.61462829E-01 1.03937445E-02 6.66046873E-03
15  7-1.70542133E-02 0.00000000E+00 1.87280622E-02 0.00000000E+00 8.48679093E-03
15  8-2.13623413E-02-4.95269777E-02-5.76622796E-02 0.00000000E+00 3.67865258E-01
15  9-5.16644835E-02 0.00000000E+00 2.61462829E-01 1.03937445E-02 6.66046873E-03
15 10-1.70542133E-02 0.00000000E+00-1.87280622E-02 0.00000000E+00
16  1 0.00000000E+00 0.00000000E+00 0.00000000E+00 0.00000000E+00-8.05312483E-03
16  2 0.00000000E+00 0.00000000E+00 3.48395170E-02 0.00000000E+00 0.00000000E+00
16  3 2.28140193E-01 0.00000000E+00 0.00000000E+00 0.00000000E+00 0.00000000E+00
16  4 0.00000000E+00 0.00000000E+00-1.56076320E-01 0.00000000E+00-3.05271792E-02
16  5 6.13055017E-02 1.65579854E-01 4.71930698E-01 0.00000000E+00 1.47794284E-01
16  6 3.23734103E-01 0.00000000E+00 1.36422988E-01 2.18317547E-02-1.99443091E-03
16  7-1.98373238E-02 0.00000000E+00-2.40446955E-02 0.00000000E+00 3.05271792E-02
16  8-6.13055017E-02-1.65579854E-01 4.71930698E-01 0.00000000E+00-1.47794284E-01
16  9 3.23734103E-01 0.00000000E+00-1.36422988E-01-2.18317547E-02 1.99443091E-03
16 10 1.98373238E-02 0.00000000E+00-2.40446955E-02 0.00000000E+00
17  1 0.00000000E+00 0.00000000E+00 0.00000000E+00 0.00000000E+00 0.00000000E+00
17  2-1.97371691E-01 0.00000000E+00 0.00000000E+00 5.14598099E-01 0.00000000E+00
17  3 0.00000000E+00 7.09717200E-01 0.00000000E+00 0.00000000E+00 0.00000000E+00
17  4 0.00000000E+00 0.00000000E+00 0.00000000E+00-1.70018945E-01 0.00000000E+00
17  5 0.00000000E+00 0.00000000E+00 0.00000000E+00-3.14190227E-01 0.00000000E+00
17  6 0.00000000E+00-3.67951469E-01 0.00000000E+00 0.00000000E+00 0.00000000E+00
17  7 0.00000000E+00-9.48918573E-03 0.00000000E+00-2.17138194E-03 0.00000000E+00
17  8 0.00000000E+00 0.00000000E+00 0.00000000E+00-3.14190227E-01 0.00000000E+00
17  9 0.00000000E+00-3.67951469E-01 0.00000000E+00 0.00000000E+00 0.00000000E+00
17 10 0.00000000E+00 9.48918573E-03 0.00000000E+00-2.17138194E-03
18  1 0.00000000E+00 0.00000000E+00 0.00000000E+00 0.00000000E+00-1.15787528E-01
18  2 0.00000000E+00 0.00000000E+00 3.03277567E-01 0.00000000E+00 0.00000000E+00
18  3 1.17545488E+00 0.00000000E+00 0.00000000E+00 0.00000000E+00 0.00000000E+00
18  4 0.00000000E+00 0.00000000E+00-2.45889538E-01 0.00000000E+00-3.91255134E-02
18  5 3.76050216E-02 4.51501099E-01-1.46286593E-01 0.00000000E+00-2.75109213E-01
18  6-2.40013281E-01 0.00000000E+00-3.16985690E-01-2.83936739E-03-2.91441695E-03
18  7 5.75378433E-03 0.00000000E+00-4.81541266E-03 0.00000000E+00 3.91255134E-02
18  8-3.76050216E-02-4.51501099E-01-1.46286593E-01 0.00000000E+00 2.75109213E-01
18  9-2.40013281E-01 0.00000000E+00 3.16985690E-01 2.83936739E-03 2.91441695E-03
18 10-5.75378433E-03 0.00000000E+00-4.81541266E-03 0.00000000E+00
19  1 8.36792622E-03-1.46088855E-01-8.71399619E-02 1.64839531E+00 0.00000000E+00
19  2 0.00000000E+00-3.12754513E-02 0.00000000E+00 0.00000000E+00 1.21588464E-01
19  3 0.00000000E+00 0.00000000E+00 1.49542953E+00-9.43631467E-02 2.87272964E-01
19  4-1.92909818E-01 0.00000000E+00 0.00000000E+00 0.00000000E+00 6.63439290E-02
19  5-5.86293857E-02-1.04010008E+00-7.20249474E-02 0.00000000E+00 4.81663939E-02
19  6-2.41560746E-01 0.00000000E+00 6.22941640E-02-1.60818595E-02 2.37100233E-02
19  7-7.62816380E-03 0.00000000E+00 1.84747493E-03 0.00000000E+00 6.63439290E-02
19  8-5.86293857E-02-1.04010008E+00 7.20249474E-02 0.00000000E+00 4.81663939E-02
19  9 2.41560746E-01 0.00000000E+00 6.22941640E-02-1.60818595E-02 2.37100233E-02
19 10-7.62816380E-03 0.00000000E+00-1.84747493E-03 0.00000000E+00
20  1 0.00000000E+00 0.00000000E+00 0.00000000E+00 0.00000000E+00 0.00000000E+00
20  2 2.97460844E-01 0.00000000E+00 0.00000000E+00-1.12380821E+00 0.00000000E+00
20  3 0.00000000E+00 1.16680446E+00 0.00000000E+00 0.00000000E+00 0.00000000E+00
20  4 0.00000000E+00 0.00000000E+00 0.00000000E+00-9.30979285E-02 0.00000000E+00
20  5 0.00000000E+00 0.00000000E+00 0.00000000E+00 3.16593119E-02 0.00000000E+00
20  6 0.00000000E+00-1.26128834E-02 0.00000000E+00 0.00000000E+00 0.00000000E+00
20  7 0.00000000E+00-3.06975194E-02 0.00000000E+00 2.51860552E-02 0.00000000E+00
20  8 0.00000000E+00 0.00000000E+00 0.00000000E+00 3.16593119E-02 0.00000000E+00
20  9 0.00000000E+00-1.26128834E-02 0.00000000E+00 0.00000000E+00 0.00000000E+00
20 10 0.00000000E+00 3.06975194E-02 0.00000000E+00 2.51860552E-02
21  1-7.63838560E-02-2.35599953E-01-1.12403544E+00 1.61301642E+00 0.00000000E+00
21  2 0.00000000E+00-2.28986522E-01 0.00000000E+00 0.00000000E+00 9.14454909E-01
21  3 0.00000000E+00 0.00000000E+00-5.95315633E-01-1.67889275E-01 2.41047208E-01
21  4-7.31579332E-02 0.00000000E+00 0.00000000E+00 0.00000000E+00 1.44941267E-02
21  5-5.03316610E-02-1.99870897E-01 3.95290658E-03 0.00000000E+00-1.89332579E-02
21  6-1.41140351E-01 0.00000000E+00 9.54325886E-02 1.07924543E-02 1.84977083E-02
21  7-2.92901627E-02 0.00000000E+00 6.19896835E-03 0.00000000E+00 1.44941267E-02
21  8-5.03316610E-02-1.99870897E-01-3.95290658E-03 0.00000000E+00-1.89332579E-02
21  9 1.41140351E-01 0.00000000E+00 9.54325886E-02 1.07924543E-02 1.84977083E-02
21 10-2.92901627E-02 0.00000000E+00-6.19896835E-03 0.00000000E+00
22  1 0.00000000E+00 0.00000000E+00 0.00000000E+00 0.00000000E+00 2.10338438E-01
22  2 0.00000000E+00 0.00000000E+00-6.25267164E-01 0.00000000E+00 0.00000000E+00
22  3 1.28530285E+00 0.00000000E+00 0.00000000E+00 0.00000000E+00 0.00000000E+00
22  4 0.00000000E+00 0.00000000E+00 6.23795394E-01 0.00000000E+00-1.83395697E-02
22  5-4.72822340E-02 8.45322900E-01-1.97078319E-01 0.00000000E+00 1.58688954E-01
22  6 3.36596963E-01 0.00000000E+00-2.73121055E-01-8.06467972E-03-3.18329936E-02
22  7 3.98976733E-02 0.00000000E+00-3.43547865E-02 0.00000000E+00 1.83395697E-02
22  8 4.72822340E-02-8.45322900E-01-1.97078319E-01 0.00000000E+00-1.58688954E-01
22  9 3.36596963E-01 0.00000000E+00 2.73121055E-01 8.06467972E-03 3.18329936E-02
22 10-3.98976733E-02 0.00000000E+00-3.43547865E-02 0.00000000E+00
23  1-3.87065210E-02-6.09871572E-02-4.89188360E-01 2.30121775E+00 0.00000000E+00
23  2 0.00000000E+00 2.36485458E-02 0.00000000E+00 0.00000000E+00 1.39369306E-01
23  3 0.00000000E+00 0.00000000E+00 8.15609911E-01 4.79403245E-01-7.14393996E-01
23  4 2.34990751E-01 0.00000000E+00 0.00000000E+00 0.00000000E+00 3.72127645E-02
23  5-3.05786208E-02-1.08404768E+00 2.04421043E-01 0.00000000E+00-2.57106061E-01
23  6-4.13186451E-01 0.00000000E+00 5.76522119E-01-1.24159751E-02 3.12509685E-03
23  7 9.29087827E-03 0.00000000E+00 5.92813385E-02 0.00000000E+00 3.72127645E-02
23  8-3.05786208E-02-1.08404768E+00-2.04421043E-01 0.00000000E+00-2.57106061E-01
23  9 4.13186451E-01 0.00000000E+00 5.76522119E-01-1.24159751E-02 3.12509685E-03
23 10 9.29087827E-03 0.00000000E+00-5.92813385E-02 0.00000000E+00
24  1 0.00000000E+00 0.00000000E+00 0.00000000E+00 0.00000000E+00 0.00000000E+00
24  2 0.00000000E+00 0.00000000E+00 0.00000000E+00 0.00000000E+00 0.00000000E+00
24  3 0.00000000E+00 0.00000000E+00 0.00000000E+00 0.00000000E+00 0.00000000E+00
24  4 0.00000000E+00 1.03239393E+00 0.00000000E+00 0.00000000E+00 0.00000000E+00
24  5 0.00000000E+00 0.00000000E+00 0.00000000E+00 2.74605397E-01 0.00000000E+00
24  6 0.00000000E+00 2.12169543E-01 0.00000000E+00 0.00000000E+00 0.00000000E+00
24  7 0.00000000E+00 4.53444889E-03 0.00000000E+00 4.94880958E-02 0.00000000E+00
24  8 0.00000000E+00 0.00000000E+00 0.00000000E+00-2.74605397E-01 0.00000000E+00
24  9 0.00000000E+00-2.12169543E-01 0.00000000E+00 0.00000000E+00 0.00000000E+00
24 10 0.00000000E+00 4.53444889E-03 0.00000000E+00-4.94880958E-02
25  1 0.00000000E+00 0.00000000E+00 0.00000000E+00 0.00000000E+00-2.19282527E-01
25  2 0.00000000E+00 0.00000000E+00 1.21882802E+00 0.00000000E+00 0.00000000E+00
25  3-2.68787694E-01 0.00000000E+00 0.00000000E+00 0.00000000E+00 0.00000000E+00
25  4 0.00000000E+00 0.00000000E+00 1.72572584E-01 0.00000000E+00-6.21401383E-02
25  5 8.43298514E-02 8.25246923E-01-1.41859922E-01 0.00000000E+00 1.59121025E-01
25  6 1.05936662E+00 0.00000000E+00-8.66318291E-01 1.99586171E-02-2.54120662E-03
25  7-1.74174105E-02 0.00000000E+00-1.04847773E-02 0.00000000E+00 6.21401383E-02
25  8-8.43298514E-02-8.25246923E-01-1.41859922E-01 0.00000000E+00-1.59121025E-01
25  9 1.05936662E+00 0.00000000E+00 8.66318291E-01-1.99586171E-02 2.54120662E-03
25 10 1.74174105E-02 0.00000000E+00-1.04847773E-02 0.00000000E+00
26  1 6.95583548E-02 3.44709588E-01 1.19878511E+00 1.36662448E-01 0.00000000E+00
26  2 0.00000000E+00-1.19677734E-01 0.00000000E+00 0.00000000E+00 6.81141235E-01
26  3 0.00000000E+00 0.00000000E+00 1.18913267E-01-5.30572633E-01-1.22536208E-03
26  4 5.31797996E-01 0.00000000E+00 0.00000000E+00 0.00000000E+00 3.50738214E-02
26  5-2.14810747E-02-4.18601079E-01 8.41031340E-02 0.00000000E+00-5.39019840E-02
26  6-8.23773398E-01 0.00000000E+00 3.57301161E-01 4.11987271E-02-7.94499110E-03
26  7-3.32537360E-02 0.00000000E+00-2.53015399E-02 0.00000000E+00 3.50738214E-02
26  8-2.14810747E-02-4.18601079E-01-8.41031340E-02 0.00000000E+00-5.39019840E-02
26  9 8.23773398E-01 0.00000000E+00 3.57301161E-01 4.11987271E-02-7.94499110E-03
26 10-3.32537360E-02 0.00000000E+00 2.53015399E-02 0.00000000E+00
27  1 0.00000000E+00 0.00000000E+00 0.00000000E+00 0.00000000E+00 0.00000000E+00
27  2 8.06575492E-03 0.00000000E+00 0.00000000E+00-6.23556908E-02 0.00000000E+00
27  3 0.00000000E+00 4.73493204E-01 0.00000000E+00 0.00000000E+00 0.00000000E+00
27  4 0.00000000E+00 0.00000000E+00 0.00000000E+00 1.01726503E+00 0.00000000E+00
27  5 0.00000000E+00 0.00000000E+00 0.00000000E+00-3.19909015E-01 0.00000000E+00
27  6 0.00000000E+00-2.26793246E-01 0.00000000E+00 0.00000000E+00 0.00000000E+00
27  7 0.00000000E+00 5.52520909E-02 0.00000000E+00 8.00461193E-03 0.00000000E+00
27  8 0.00000000E+00 0.00000000E+00 0.00000000E+00-3.19909015E-01 0.00000000E+00
27  9 0.00000000E+00-2.26793246E-01 0.00000000E+00 0.00000000E+00 0.00000000E+00
27 10 0.00000000E+00-5.52520909E-02 0.00000000E+00 8.00461193E-03
28  1 5.54983767E-02 3.00961538E-01 9.85899637E-01-4.26490616E-01 0.00000000E+00
28  2 0.00000000E+00-1.16685033E-01 0.00000000E+00 0.00000000E+00 5.47223259E-01
28  3 0.00000000E+00 0.00000000E+00-8.97292786E-01 4.07518780E-01 2.62158727E-01
28  4-6.69677507E-01 0.00000000E+00 0.00000000E+00 0.00000000E+00 2.16419784E-02
28  5-2.29698858E-03 3.93257268E-02-1.46550975E-01 0.00000000E+00-2.06912181E-01
28  6 7.14321458E-02 0.00000000E+00 8.69020210E-01-1.76250563E-02-1.37085682E-02
28  7 3.13336246E-02 0.00000000E+00-2.70708713E-02 0.00000000E+00 2.16419784E-02
28  8-2.29698858E-03 3.93257268E-02 1.46550975E-01 0.00000000E+00-2.06912181E-01
28  9-7.14321458E-02 0.00000000E+00 8.69020210E-01-1.76250563E-02-1.37085682E-02
28 10 3.13336246E-02 0.00000000E+00 2.70708713E-02 0.00000000E+00
29  1 0.00000000E+00 0.00000000E+00 0.00000000E+00 0.00000000E+00 0.00000000E+00
29  2 0.00000000E+00 0.00000000E+00 0.00000000E+00 0.00000000E+00 0.00000000E+00
29  3 0.00000000E+00 0.00000000E+00 0.00000000E+00 0.00000000E+00 0.00000000E+00
29  4 0.00000000E+00 2.04106692E-01 0.00000000E+00 0.00000000E+00 0.00000000E+00
29  5 0.00000000E+00 0.00000000E+00 0.00000000E+00-5.98035388E-01 0.00000000E+00
29  6 0.00000000E+00 9.25103334E-01 0.00000000E+00 0.00000000E+00 0.00000000E+00
29  7 0.00000000E+00-4.46497194E-02 0.00000000E+00 1.40510310E-02 0.00000000E+00
29  8 0.00000000E+00 0.00000000E+00 0.00000000E+00 5.98035388E-01 0.00000000E+00
29  9 0.00000000E+00-9.25103334E-01 0.00000000E+00 0.00000000E+00 0.00000000E+00
29 10 0.00000000E+00-4.46497194E-02 0.00000000E+00-1.40510310E-02
30  1 0.00000000E+00 0.00000000E+00 0.00000000E+00 0.00000000E+00 0.00000000E+00
30  2-3.58049512E-02 0.00000000E+00 0.00000000E+00 5.73983743E-02 0.00000000E+00
30  3 0.00000000E+00-8.71602335E-01 0.00000000E+00 0.00000000E+00 0.00000000E+00
30  4 0.00000000E+00 0.00000000E+00 0.00000000E+00-2.93755478E-01 0.00000000E+00
30  5 0.00000000E+00 0.00000000E+00 0.00000000E+00-6.00425327E-01 0.00000000E+00
30  6 0.00000000E+00 9.77230714E-01 0.00000000E+00 0.00000000E+00 0.00000000E+00
30  7 0.00000000E+00 3.61056295E-03 0.00000000E+00 3.02712543E-02 0.00000000E+00
30  8 0.00000000E+00 0.00000000E+00 0.00000000E+00-6.00425327E-01 0.00000000E+00
30  9 0.00000000E+00 9.77230714E-01 0.00000000E+00 0.00000000E+00 0.00000000E+00
30 10 0.00000000E+00-3.61056295E-03 0.00000000E+00 3.02712543E-02
31  1 2.59435981E-02 8.30450346E-02 3.91130306E-01-9.78974483E-02 0.00000000E+00
31  2 0.00000000E+00-6.18011106E-02 0.00000000E+00 0.00000000E+00 3.15914280E-01
31  3 0.00000000E+00 0.00000000E+00-9.76146949E-02 6.11279574E-01-1.15984498E-01
31  4-4.95295076E-01 0.00000000E+00 0.00000000E+00 0.00000000E+00 1.22689963E-02
31  5-1.15594344E-01 2.97054227E-02 3.90151905E-01 0.00000000E+00 5.09323546E-01
31  6-3.62836866E-01 0.00000000E+00-1.02377173E-01 1.13674109E-02-3.82958589E-02
31  7 2.69284480E-02 0.00000000E+00-5.79034406E-03 0.00000000E+00 1.22689963E-02
31  8-1.15594344E-01 2.97054227E-02-3.90151905E-01 0.00000000E+00 5.09323546E-01
31  9 3.62836866E-01 0.00000000E+00-1.02377173E-01 1.13674109E-02-3.82958589E-02
31 10 2.69284480E-02 0.00000000E+00 5.79034406E-03 0.00000000E+00
32  1 0.00000000E+00 0.00000000E+00 0.00000000E+00 0.00000000E+00 1.89922559E-02
32  2 0.00000000E+00 0.00000000E+00-3.73666681E-02 0.00000000E+00 0.00000000E+00
32  3 1.07209525E+00 0.00000000E+00 0.00000000E+00 0.00000000E+00 0.00000000E+00
32  4 0.00000000E+00 0.00000000E+00 1.55784632E-01 0.00000000E+00 7.04513259E-03
32  5-9.08108477E-03 1.66820380E-01 4.38842797E-01 0.00000000E+00 4.09613913E-01
32  6-1.01756590E+00 0.00000000E+00-8.95472525E-01 3.77863974E-02-1.85135500E-02
32  7-1.92728475E-02 0.00000000E+00 2.23454968E-02 0.00000000E+00-7.04513259E-03
32  8 9.08108477E-03-1.66820380E-01 4.38842797E-01 0.00000000E+00-4.09613913E-01
32  9-1.01756590E+00 0.00000000E+00 8.95472525E-01-3.77863974E-02 1.85135500E-02
32 10 1.92728475E-02 0.00000000E+00 2.23454968E-02 0.00000000E+00
33  1 3.28488816E-02-1.61066997E-01 1.87428140E-01 9.41757058E-01 0.00000000E+00
33  2 0.00000000E+00-2.14400123E-01 0.00000000E+00 0.00000000E+00 8.28751495E-01
33  3 0.00000000E+00 0.00000000E+00 3.24989869E-01 4.15777099E-01-8.03618363E-01
33  4 3.87841264E-01 0.00000000E+00 0.00000000E+00 0.00000000E+00 4.02318078E-02
33  5-3.27051834E-01-6.69406590E-01-6.14439988E-01 0.00000000E+00 3.54094413E-01
33  6 1.30810253E-01 0.00000000E+00-1.08790823E-02 1.56154428E-01-1.06820335E-01
33  7-4.93340933E-02 0.00000000E+00-2.52771244E-02 0.00000000E+00 4.02318078E-02
33  8-3.27051834E-01-6.69406590E-01 6.14439988E-01 0.00000000E+00 3.54094413E-01
33  9-1.30810253E-01 0.00000000E+00-1.08790823E-02 1.56154428E-01-1.06820335E-01
33 10-4.93340933E-02 0.00000000E+00 2.52771244E-02 0.00000000E+00
34  1-8.52683006E-03-6.31166639E-02-1.68379817E-01 2.50428757E+00 0.00000000E+00
34  2 0.00000000E+00-6.36810733E-02 0.00000000E+00 0.00000000E+00 5.19745369E-01
34  3 0.00000000E+00 0.00000000E+00 1.06184738E+00 6.97170682E-02-3.28383983E-01
34  4 2.58666914E-01 0.00000000E+00 0.00000000E+00 0.00000000E+00-3.27369307E-03
34  5 1.08850149E+00-2.36513448E+00-9.39404945E-02 0.00000000E+00 1.32348475E-01
34  6-3.21467610E-01 0.00000000E+00 2.82394225E-01-1.76603864E-01 1.08964202E-01
34  7 6.76396620E-02 0.00000000E+00-2.37158059E-01 0.00000000E+00-3.27369307E-03
34  8 1.08850149E+00-2.36513448E+00 9.39404945E-02 0.00000000E+00 1.32348475E-01
34  9 3.21467610E-01 0.00000000E+00 2.82394225E-01-1.76603864E-01 1.08964202E-01
34 10 6.76396620E-02 0.00000000E+00 2.37158059E-01 0.00000000E+00
35  1 0.00000000E+00 0.00000000E+00 0.00000000E+00 0.00000000E+00-1.73640138E-01
35  2 0.00000000E+00 0.00000000E+00 9.20949659E-01 0.00000000E+00 0.00000000E+00
35  3 7.23939070E-01 0.00000000E+00 0.00000000E+00 0.00000000E+00 0.00000000E+00
35  4 0.00000000E+00 0.00000000E+00 9.23490094E-01 0.00000000E+00-1.63868967E-02
35  5-6.54496547E-01 2.02123633E+00 3.41279583E-01 0.00000000E+00-4.23837148E-01
35  6 4.05630479E-01 0.00000000E+00-2.61487736E-01-8.39331528E-02 1.67268075E-01
35  7-8.33349223E-02 0.00000000E+00 1.24073884E-01 0.00000000E+00 1.63868967E-02
35  8 6.54496547E-01-2.02123633E+00 3.41279583E-01 0.00000000E+00 4.23837148E-01
35  9 4.05630479E-01 0.00000000E+00 2.61487736E-01 8.39331528E-02-1.67268075E-01
35 10 8.33349223E-02 0.00000000E+00 1.24073884E-01 0.00000000E+00
36  1 0.00000000E+00 0.00000000E+00 0.00000000E+00 0.00000000E+00-1.28453287E-01
36  2 0.00000000E+00 0.00000000E+00 3.49275280E-01 0.00000000E+00 0.00000000E+00
36  3-2.11940063E-01 0.00000000E+00 0.00000000E+00 0.00000000E+00 0.00000000E+00
36  4 0.00000000E+00 0.00000000E+00 8.82974210E-01 0.00000000E+00-1.23151344E-02
36  5 1.05246748E+00-8.19986047E-01 2.61848773E-01 0.00000000E+00-3.98026868E-01
36  6-2.25842855E-01 0.00000000E+00 2.60097914E-01 2.00069704E-01-1.60682166E-01
36  7-3.93875381E-02 0.00000000E+00 5.68164755E-02 0.00000000E+00 1.23151344E-02
36  8-1.05246748E+00 8.19986047E-01 2.61848773E-01 0.00000000E+00 3.98026868E-01
36  9-2.25842855E-01 0.00000000E+00-2.60097914E-01-2.00069704E-01 1.60682166E-01
36 10 3.93875381E-02 0.00000000E+00 5.68164755E-02 0.00000000E+00
37  1 0.00000000E+00 0.00000000E+00 0.00000000E+00 0.00000000E+00 0.00000000E+00
37  2-2.18661507E-03 0.00000000E+00 0.00000000E+00 1.78703690E-02 0.00000000E+00
37  3 0.00000000E+00 5.73363406E-02 0.00000000E+00 0.00000000E+00 0.00000000E+00
37  4 0.00000000E+00 0.00000000E+00 0.00000000E+00-1.66794429E-01 0.00000000E+00
37  5 0.00000000E+00 0.00000000E+00 0.00000000E+00 6.92129222E-02 0.00000000E+00
37  6 0.00000000E+00-7.53736016E-02 0.00000000E+00 0.00000000E+00 0.00000000E+00
37  7 0.00000000E+00 4.78087519E-01 0.00000000E+00 5.13827610E-01 0.00000000E+00
37  8 0.00000000E+00 0.00000000E+00 0.00000000E+00 6.92129222E-02 0.00000000E+00
37  9 0.00000000E+00-7.53736016E-02 0.00000000E+00 0.00000000E+00 0.00000000E+00
37 10 0.00000000E+00-4.78087519E-01 0.00000000E+00 5.13827610E-01
38  1-9.00382301E-03 1.03119553E-02-8.95786017E-02 1.09271196E+00 0.00000000E+00
38  2 0.00000000E+00 2.77444233E-02 0.00000000E+00 0.00000000E+00 5.52326900E-03
38  3 0.00000000E+00 0.00000000E+00 5.01548703E-01-1.50912498E-03 2.26001325E-01
38  4-2.24492200E-01 0.00000000E+00 0.00000000E+00 0.00000000E+00 3.40141080E-03
38  5 6.35694690E-01-1.08086483E+00 7.81092358E-02 0.00000000E+00-3.44389847E-02
38  6-1.89703523E-01 0.00000000E+00 1.78585250E-01 4.20026648E-01-5.70873064E-01
38  7 1.50846416E-01 0.00000000E+00 2.78637917E-01 0.00000000E+00 3.40141080E-03
38  8 6.35694690E-01-1.08086483E+00-7.81092358E-02 0.00000000E+00-3.44389847E-02
38  9 1.89703523E-01 0.00000000E+00 1.78585250E-01 4.20026648E-01-5.70873064E-01
38 10 1.50846416E-01 0.00000000E+00-2.78637917E-01 0.00000000E+00
39  1 0.00000000E+00 0.00000000E+00 0.00000000E+00 0.00000000E+00-4.26326647E-02
39  2 0.00000000E+00 0.00000000E+00 1.87652630E-01 0.00000000E+00 0.00000000E+00
39  3 3.93952371E-02 0.00000000E+00 0.00000000E+00 0.00000000E+00 0.00000000E+00
39  4 0.00000000E+00 0.00000000E+00-1.42378604E-01 0.00000000E+00-3.48592517E-03
39  5-1.48824582E-01 2.01296923E-01 9.02501833E-03 0.00000000E+00 1.30524974E-02
39  6 2.69049795E-02 0.00000000E+00-4.48430806E-02-1.45035964E-01-4.47930330E-01
39  7 5.92966294E-01 0.00000000E+00 3.68213748E-01 0.00000000E+00 3.48592517E-03
39  8 1.48824582E-01-2.01296923E-01 9.02501833E-03 0.00000000E+00-1.30524974E-02
39  9 2.69049795E-02 0.00000000E+00 4.48430806E-02 1.45035964E-01 4.47930330E-01
39 10-5.92966294E-01 0.00000000E+00 3.68213748E-01 0.00000000E+00
40  1 0.00000000E+00 0.00000000E+00 0.00000000E+00 0.00000000E+00 0.00000000E+00
40  2 0.00000000E+00 0.00000000E+00 0.00000000E+00 0.00000000E+00 0.00000000E+00
40  3 0.00000000E+00 0.00000000E+00 0.00000000E+00 0.00000000E+00 0.00000000E+00
40  4 0.00000000E+00-1.33600490E-01 0.00000000E+00 0.00000000E+00 0.00000000E+00
40  5 0.00000000E+00 0.00000000E+00 0.00000000E+00-6.67773630E-02 0.00000000E+00
40  6 0.00000000E+00 8.40103625E-02 0.00000000E+00 0.00000000E+00 0.00000000E+00
40  7 0.00000000E+00 5.55236090E-01 0.00000000E+00 4.64377574E-01 0.00000000E+00
40  8 0.00000000E+00 0.00000000E+00 0.00000000E+00 6.67773630E-02 0.00000000E+00
40  9 0.00000000E+00-8.40103625E-02 0.00000000E+00 0.00000000E+00 0.00000000E+00
40 10 0.00000000E+00 5.55236090E-01 0.00000000E+00-4.64377574E-01
41  1 0.00000000E+00 0.00000000E+00 0.00000000E+00 0.00000000E+00 0.00000000E+00
41  2 0.00000000E+00 0.00000000E+00 0.00000000E+00 0.00000000E+00 0.00000000E+00
41  3 0.00000000E+00 0.00000000E+00 0.00000000E+00 0.00000000E+00 0.00000000E+00
41  4 0.00000000E+00 6.27532313E-01 0.00000000E+00 0.00000000E+00 0.00000000E+00
41  5 0.00000000E+00 0.00000000E+00 0.00000000E+00-3.12144894E-02 0.00000000E+00
41  6 0.00000000E+00 3.06220318E-01 0.00000000E+00 0.00000000E+00 0.00000000E+00
41  7 0.00000000E+00 5.13486870E-01 0.00000000E+00-6.19390382E-01 0.00000000E+00
41  8 0.00000000E+00 0.00000000E+00 0.00000000E+00 3.12144894E-02 0.00000000E+00
41  9 0.00000000E+00-3.06220318E-01 0.00000000E+00 0.00000000E+00 0.00000000E+00
41 10 0.00000000E+00 5.13486870E-01 0.00000000E+00 6.19390382E-01
42  1 0.00000000E+00 0.00000000E+00 0.00000000E+00 0.00000000E+00 0.00000000E+00
42  2-1.14135477E-01 0.00000000E+00 0.00000000E+00 5.88629543E-01 0.00000000E+00
42  3 0.00000000E+00 1.84030416E-01 0.00000000E+00 0.00000000E+00 0.00000000E+00
42  4 0.00000000E+00 0.00000000E+00 0.00000000E+00 6.64474440E-01 0.00000000E+00
42  5 0.00000000E+00 0.00000000E+00 0.00000000E+00-3.20439138E-02 0.00000000E+00
42  6 0.00000000E+00-3.14061369E-01 0.00000000E+00 0.00000000E+00 0.00000000E+00
42  7 0.00000000E+00-6.19142321E-01 0.00000000E+00 5.65852178E-01 0.00000000E+00
42  8 0.00000000E+00 0.00000000E+00 0.00000000E+00-3.20439138E-02 0.00000000E+00
42  9 0.00000000E+00-3.14061369E-01 0.00000000E+00 0.00000000E+00 0.00000000E+00
42 10 0.00000000E+00 6.19142321E-01 0.00000000E+00 5.65852178E-01
43  1-1.21280218E-02-1.66104823E-01-3.71925354E-01-4.04255250E-01 0.00000000E+00
43  2 0.00000000E+00-8.02523716E-02 0.00000000E+00 0.00000000E+00 1.49685418E-01
43  3 0.00000000E+00 0.00000000E+00 2.58435341E-02-8.13930396E-01 4.15006304E-02
43  4 7.72429766E-01 0.00000000E+00 0.00000000E+00 0.00000000E+00-7.65215011E-03
43  5-3.61975821E-01 5.91954848E-01-1.16936143E-01 0.00000000E+00-2.54391219E-02
43  6 2.53957494E-02 0.00000000E+00-4.31121300E-01-5.60350297E-01-2.77383966E-01
43  7 8.37734263E-01 0.00000000E+00-5.05789819E-02 0.00000000E+00-7.65215011E-03
43  8-3.61975821E-01 5.91954848E-01 1.16936143E-01 0.00000000E+00-2.54391219E-02
43  9-2.53957494E-02 0.00000000E+00-4.31121300E-01-5.60350297E-01-2.77383966E-01
43 10 8.37734263E-01 0.00000000E+00 5.05789819E-02 0.00000000E+00
44  1 0.00000000E+00 0.00000000E+00 0.00000000E+00 0.00000000E+00-7.57477578E-02
44  2 0.00000000E+00 0.00000000E+00 1.23257831E+00 0.00000000E+00 0.00000000E+00
44  3 2.15986978E-01 0.00000000E+00 0.00000000E+00 0.00000000E+00 0.00000000E+00
44  4 0.00000000E+00 0.00000000E+00 5.60611092E-01 0.00000000E+00-4.29711424E-02
44  5-7.53228201E-01 2.16946146E+00 1.02115706E-01 0.00000000E+00-1.87233412E-01
44  6 1.06367096E+00 0.00000000E+00-5.05400211E-01 6.33928000E-01-6.22025550E-01
44  7-1.19024501E-02 0.00000000E+00-4.54628232E-01 0.00000000E+00 4.29711424E-02
44  8 7.53228201E-01-2.16946146E+00 1.02115706E-01 0.00000000E+00 1.87233412E-01
44  9 1.06367096E+00 0.00000000E+00 5.05400211E-01-6.33928000E-01 6.22025550E-01
44 10 1.19024501E-02 0.00000000E+00-4.54628232E-01 0.00000000E+00
45  1 0.00000000E+00 0.00000000E+00 0.00000000E+00 0.00000000E+00-1.79261982E-01
45  2 0.00000000E+00 0.00000000E+00 1.40629343E+00 0.00000000E+00 0.00000000E+00
45  3 3.75556019E-01 0.00000000E+00 0.00000000E+00 0.00000000E+00 0.00000000E+00
45  4 0.00000000E+00 0.00000000E+00 8.82411135E-01 0.00000000E+00-1.50093208E-02
45  5 1.71331886E-01 8.64375353E-01 3.18097016E-01 0.00000000E+00-2.42598053E-01
45  6 2.55570151E-02 0.00000000E+00-6.20340735E-01-4.72127590E-01-3.58332548E-02
45  7 5.07960845E-01 0.00000000E+00-6.67381988E-01 0.00000000E+00 1.50093208E-02
45  8-1.71331886E-01-8.64375353E-01 3.18097016E-01 0.00000000E+00 2.42598053E-01
45  9 2.55570151E-02 0.00000000E+00 6.20340735E-01 4.72127590E-01 3.58332548E-02
45 10-5.07960845E-01 0.00000000E+00-6.67381988E-01 0.00000000E+00
46  1-7.86168308E-02-5.73403659E-01-1.77093804E+00-1.33013817E+00 0.00000000E+00
46  2 0.00000000E+00 1.49731988E-01 0.00000000E+00 0.00000000E+00-1.69636636E+00
46  3 0.00000000E+00 0.00000000E+00-3.07907517E-01-6.88269817E-02 4.82695284E-01
46  4-4.13868302E-01 0.00000000E+00 0.00000000E+00 0.00000000E+00-4.44253449E-02
46  5-3.87161895E-01 1.82758966E+00 2.71569273E-01 0.00000000E+00-2.41722619E-01
46  6 7.11687557E-01 0.00000000E+00-6.39274077E-01 3.88300359E-01-4.30459884E-01
46  7 4.21595242E-02 0.00000000E+00-8.41247388E-01 0.00000000E+00-4.44253449E-02
46  8-3.87161895E-01 1.82758966E+00-2.71569273E-01 0.00000000E+00-2.41722619E-01
46  9-7.11687557E-01 0.00000000E+00-6.39274077E-01 3.88300359E-01-4.30459884E-01
46 10 4.21595242E-02 0.00000000E+00 8.41247388E-01 0.00000000E+00
 $END   
 POPULATION ANALYSIS
S           15.44250   0.55750  15.29553   0.70447
O            8.27875  -0.27875   8.35224  -0.35224
O            8.27875  -0.27875   8.35224  -0.35224
 MOMENTS AT POINT    1 X,Y,Z=  0.000000  0.000000  0.000000
 DIPOLE       0.000000  0.000000 -2.148037
