 $DATA  
Title                                                                           
CNV      2

S          16.0      0.0000000000      0.0000000000     -0.1553345218
   PC1     0
        
O           8.0      1.1591109915      0.0000000000      0.1552483323
   PC1     0
        
 $END      
 $ZMAT   IZMAT(1)=
         1,   3,   1,
         1,   2,   1,
         2,   2,   1,   3,
 $END
--- CLOSED SHELL ORBITALS --- GENERATED AT Thu Feb 26 00:13:25 2015
Title                                                                           
E(R-PBE)=     -547.8931831121, E(NUC)=  127.5003358739,   22 ITERS
 $VEC   
 1  1 1.00299201E+00-1.01403266E-02 2.19391521E-03-1.25104011E-04 0.00000000E+00
 1  2 0.00000000E+00 6.11281656E-05 0.00000000E+00 0.00000000E+00 1.56885907E-04
 1  3 0.00000000E+00 0.00000000E+00 4.24194710E-05 4.52281773E-04-2.36582443E-04
 1  4-2.15699331E-04 0.00000000E+00 0.00000000E+00 0.00000000E+00 8.92342165E-06
 1  5-4.43607943E-05-5.96584701E-04-2.07910128E-04 0.00000000E+00 7.39016615E-05
 1  6-3.95453626E-04 0.00000000E+00 1.39046645E-04-9.53690258E-05 6.67494863E-05
 1  7 2.86195395E-05 0.00000000E+00 9.30650967E-05 0.00000000E+00 8.92342165E-06
 1  8-4.43607943E-05-5.96584701E-04 2.07910128E-04 0.00000000E+00 7.39016615E-05
 1  9 3.95453626E-04 0.00000000E+00 1.39046645E-04-9.53690258E-05 6.67494863E-05
 1 10 2.86195395E-05 0.00000000E+00-9.30650967E-05 0.00000000E+00
 2  1-7.70983756E-05 7.06829183E-04-4.80754504E-04 9.67725415E-03 0.00000000E+00
 2  2 0.00000000E+00 6.07506654E-06 0.00000000E+00 0.00000000E+00 2.87896136E-04
 2  3 0.00000000E+00 0.00000000E+00 2.89288951E-03-2.82729787E-03 1.25520887E-03
 2  4 1.57208899E-03 0.00000000E+00 0.00000000E+00 0.00000000E+00 7.03213572E-01
 2  5 2.73459892E-02-1.32236611E-02 2.17334356E-03 0.00000000E+00-3.94270729E-04
 2  6-3.70092769E-03 0.00000000E+00-5.37707897E-04-1.88818261E-05-1.29891567E-04
 2  7 1.48773393E-04 0.00000000E+00-5.40240287E-04 0.00000000E+00 7.03213572E-01
 2  8 2.73459892E-02-1.32236611E-02-2.17334356E-03 0.00000000E+00-3.94270729E-04
 2  9 3.70092769E-03 0.00000000E+00-5.37707897E-04-1.88818261E-05-1.29891567E-04
 2 10 1.48773393E-04 0.00000000E+00 5.40240287E-04 0.00000000E+00
 3  1 0.00000000E+00 0.00000000E+00 0.00000000E+00 0.00000000E+00-3.13927253E-04
 3  2 0.00000000E+00 0.00000000E+00 9.83517473E-04 0.00000000E+00 0.00000000E+00
 3  3-7.99433113E-03 0.00000000E+00 0.00000000E+00 0.00000000E+00 0.00000000E+00
 3  4 0.00000000E+00 0.00000000E+00 1.61713575E-03 0.00000000E+00 7.03198091E-01
 3  5 2.71966538E-02-1.45151934E-02 1.72627261E-03 0.00000000E+00-2.58715990E-04
 3  6-1.61988840E-03 0.00000000E+00 1.60111583E-03 5.06174336E-04-1.02231545E-04
 3  7-4.03942791E-04 0.00000000E+00 2.75655334E-04 0.00000000E+00-7.03198091E-01
 3  8-2.71966538E-02 1.45151934E-02 1.72627261E-03 0.00000000E+00 2.58715990E-04
 3  9-1.61988840E-03 0.00000000E+00-1.60111583E-03-5.06174336E-04 1.02231545E-04
 3 10 4.03942791E-04 0.00000000E+00 2.75655334E-04 0.00000000E+00
 4  1-2.73771655E-01 1.03925455E+00 4.36556655E-02-6.32428354E-03 0.00000000E+00
 4  2 0.00000000E+00 1.56268888E-02 0.00000000E+00 0.00000000E+00 2.48611533E-03
 4  3 0.00000000E+00 0.00000000E+00-1.70353499E-04 3.97851405E-03-1.99920600E-03
 4  4-1.97930805E-03 0.00000000E+00 0.00000000E+00 0.00000000E+00-1.14666602E-03
 4  5 1.71887950E-04-3.68421226E-03 4.62490910E-04 0.00000000E+00 8.32084738E-06
 4  6-3.08611539E-03 0.00000000E+00 1.13948747E-03 1.19286746E-03-5.72447431E-04
 4  7-6.20420025E-04 0.00000000E+00-2.64069228E-04 0.00000000E+00-1.14666602E-03
 4  8 1.71887950E-04-3.68421226E-03-4.62490910E-04 0.00000000E+00 8.32084738E-06
 4  9 3.08611539E-03 0.00000000E+00 1.13948747E-03 1.19286746E-03-5.72447431E-04
 4 10-6.20420025E-04 0.00000000E+00 2.64069228E-04 0.00000000E+00
 5  1 0.00000000E+00 0.00000000E+00 0.00000000E+00 0.00000000E+00 9.94311759E-01
 5  2 0.00000000E+00 0.00000000E+00 1.27462765E-02 0.00000000E+00 0.00000000E+00
 5  3-4.33983398E-04 0.00000000E+00 0.00000000E+00 0.00000000E+00 0.00000000E+00
 5  4 0.00000000E+00 0.00000000E+00 2.58038066E-03 0.00000000E+00 2.43555901E-03
 5  5-2.85242993E-03 5.78733873E-04-4.25071353E-03 0.00000000E+00 1.47916826E-03
 5  6 7.57434708E-04 0.00000000E+00 2.75432483E-04-1.86195466E-03 1.20357121E-03
 5  7 6.58383453E-04 0.00000000E+00 1.47607476E-03 0.00000000E+00-2.43555901E-03
 5  8 2.85242993E-03-5.78733873E-04-4.25071353E-03 0.00000000E+00-1.47916826E-03
 5  9 7.57434708E-04 0.00000000E+00-2.75432483E-04 1.86195466E-03-1.20357121E-03
 5 10-6.58383453E-04 0.00000000E+00 1.47607476E-03 0.00000000E+00
 6  1 0.00000000E+00 0.00000000E+00 0.00000000E+00 0.00000000E+00 0.00000000E+00
 6  2 9.96489039E-01 0.00000000E+00 0.00000000E+00 9.96676122E-03 0.00000000E+00
 6  3 0.00000000E+00-5.92357748E-04 0.00000000E+00 0.00000000E+00 0.00000000E+00
 6  4 0.00000000E+00 0.00000000E+00 0.00000000E+00 1.20551623E-03 0.00000000E+00
 6  5 0.00000000E+00 0.00000000E+00 0.00000000E+00 6.40374014E-04 0.00000000E+00
 6  6 0.00000000E+00-4.67475390E-05 0.00000000E+00 0.00000000E+00 0.00000000E+00
 6  7 0.00000000E+00 6.45697164E-04 0.00000000E+00-2.55873482E-04 0.00000000E+00
 6  8 0.00000000E+00 0.00000000E+00 0.00000000E+00 6.40374014E-04 0.00000000E+00
 6  9 0.00000000E+00-4.67475390E-05 0.00000000E+00 0.00000000E+00 0.00000000E+00
 6 10 0.00000000E+00-6.45697164E-04 0.00000000E+00-2.55873482E-04
 7  1 4.65419042E-03-1.73218650E-02 1.13702094E-03-9.60754304E-04 0.00000000E+00
 7  2 0.00000000E+00 9.96313645E-01 0.00000000E+00 0.00000000E+00 9.80307510E-03
 7  3 0.00000000E+00 0.00000000E+00-5.62236427E-04-7.29935775E-04-7.03293757E-04
 7  4 1.43322953E-03 0.00000000E+00 0.00000000E+00 0.00000000E+00-6.08223351E-04
 7  5 8.83754360E-04 3.90033956E-04 1.42331134E-03 0.00000000E+00 2.45652034E-04
 7  6-7.07492378E-05 0.00000000E+00-9.08624701E-05 7.24892802E-04-1.80132887E-04
 7  7-5.44759915E-04 0.00000000E+00 3.17224761E-04 0.00000000E+00-6.08223351E-04
 7  8 8.83754360E-04 3.90033956E-04-1.42331134E-03 0.00000000E+00 2.45652034E-04
 7  9 7.07492378E-05 0.00000000E+00-9.08624701E-05 7.24892802E-04-1.80132887E-04
 7 10-5.44759915E-04 0.00000000E+00-3.17224761E-04 0.00000000E+00
 8  1 6.12246661E-02-1.92318327E-01 3.19389080E-01 9.30919016E-02 0.00000000E+00
 8  2 0.00000000E+00-5.61781197E-02 0.00000000E+00 0.00000000E+00 9.14546226E-02
 8  3 0.00000000E+00 0.00000000E+00-8.93026415E-03 8.84732876E-02-4.82774544E-02
 8  4-4.01958331E-02 0.00000000E+00 0.00000000E+00 0.00000000E+00-1.28100631E-01
 8  5 2.36622337E-01 2.23567233E-01 1.48097467E-01 0.00000000E+00-2.60727937E-02
 8  6 3.81987153E-02 0.00000000E+00 2.97645129E-03 2.18854931E-02-9.60720580E-03
 8  7-1.22782873E-02 0.00000000E+00-3.11171835E-03 0.00000000E+00-1.28100631E-01
 8  8 2.36622337E-01 2.23567233E-01-1.48097467E-01 0.00000000E+00-2.60727937E-02
 8  9-3.81987153E-02 0.00000000E+00 2.97645129E-03 2.18854931E-02-9.60720580E-03
 8 10-1.22782873E-02 0.00000000E+00 3.11171835E-03 0.00000000E+00
 9  1 0.00000000E+00 0.00000000E+00 0.00000000E+00 0.00000000E+00-2.09364721E-01
 9  2 0.00000000E+00 0.00000000E+00 3.42992263E-01 0.00000000E+00 0.00000000E+00
 9  3-2.40326164E-03 0.00000000E+00 0.00000000E+00 0.00000000E+00 0.00000000E+00
 9  4 0.00000000E+00 0.00000000E+00 6.78059740E-02 0.00000000E+00 1.45881743E-01
 9  5-2.79635758E-01-2.66643780E-01-1.46781505E-01 0.00000000E+00 3.62354320E-02
 9  6-1.68769840E-02 0.00000000E+00 8.91864790E-03-1.55743572E-02 9.38684567E-03
 9  7 6.18751156E-03 0.00000000E+00 1.15658492E-02 0.00000000E+00-1.45881743E-01
 9  8 2.79635758E-01 2.66643780E-01-1.46781505E-01 0.00000000E+00-3.62354320E-02
 9  9-1.68769840E-02 0.00000000E+00-8.91864790E-03 1.55743572E-02-9.38684567E-03
 9 10-6.18751156E-03 0.00000000E+00 1.15658492E-02 0.00000000E+00
10  1 0.00000000E+00 0.00000000E+00 0.00000000E+00 0.00000000E+00 0.00000000E+00
10  2-2.04810516E-01 0.00000000E+00 0.00000000E+00 4.50440650E-01 0.00000000E+00
10  3 0.00000000E+00 1.45749885E-01 0.00000000E+00 0.00000000E+00 0.00000000E+00
10  4 0.00000000E+00 0.00000000E+00 0.00000000E+00 5.06567237E-02 0.00000000E+00
10  5 0.00000000E+00 0.00000000E+00 0.00000000E+00 3.41000607E-01 0.00000000E+00
10  6 0.00000000E+00 1.79802892E-01 0.00000000E+00 0.00000000E+00 0.00000000E+00
10  7 0.00000000E+00 3.16902473E-02 0.00000000E+00-6.66340289E-03 0.00000000E+00
10  8 0.00000000E+00 0.00000000E+00 0.00000000E+00 3.41000607E-01 0.00000000E+00
10  9 0.00000000E+00 1.79802892E-01 0.00000000E+00 0.00000000E+00 0.00000000E+00
10 10 0.00000000E+00-3.16902473E-02 0.00000000E+00-6.66340289E-03
11  1-5.02162125E-02 1.33523360E-01-3.23679328E-01-1.72084000E-01 0.00000000E+00
11  2 0.00000000E+00-5.73441831E-02 0.00000000E+00 0.00000000E+00 1.22836349E-01
11  3 0.00000000E+00 0.00000000E+00 7.38545214E-02-5.90115986E-03-1.48597792E-02
11  4 2.07609390E-02 0.00000000E+00 0.00000000E+00 0.00000000E+00-9.20697264E-02
11  5 1.90058642E-01 3.35105123E-01-2.45404470E-01 0.00000000E+00 1.78623474E-01
11  6-1.29319977E-01 0.00000000E+00 8.84095267E-02-1.14161077E-02 8.49678505E-03
11  7 2.91932268E-03 0.00000000E+00 1.54587802E-02 0.00000000E+00-9.20697264E-02
11  8 1.90058642E-01 3.35105123E-01 2.45404470E-01 0.00000000E+00 1.78623474E-01
11  9 1.29319977E-01 0.00000000E+00 8.84095267E-02-1.14161077E-02 8.49678505E-03
11 10 2.91932268E-03 0.00000000E+00-1.54587802E-02 0.00000000E+00
12  1 6.89061412E-03-1.64403951E-02 4.56753448E-02-4.67366135E-02 0.00000000E+00
12  2 0.00000000E+00-1.85759364E-01 0.00000000E+00 0.00000000E+00 4.05376292E-01
12  3 0.00000000E+00 0.00000000E+00 1.17083609E-01-8.28294389E-02 1.50896929E-03
12  4 8.13204697E-02 0.00000000E+00 0.00000000E+00 0.00000000E+00 4.03613764E-02
12  5-7.75073177E-02-1.22451775E-01 2.02492460E-01 0.00000000E+00 2.83732237E-01
12  6 1.18770113E-01 0.00000000E+00 1.48016005E-01 1.93036399E-02-5.95478339E-03
12  7-1.33488566E-02 0.00000000E+00 2.02007967E-02 0.00000000E+00 4.03613764E-02
12  8-7.75073177E-02-1.22451775E-01-2.02492460E-01 0.00000000E+00 2.83732237E-01
12  9-1.18770113E-01 0.00000000E+00 1.48016005E-01 1.93036399E-02-5.95478339E-03
12 10-1.33488566E-02 0.00000000E+00-2.02007967E-02 0.00000000E+00
13  1 0.00000000E+00 0.00000000E+00 0.00000000E+00 0.00000000E+00 1.59937522E-01
13  2 0.00000000E+00 0.00000000E+00-3.31799452E-01 0.00000000E+00 0.00000000E+00
13  3 6.07165476E-02 0.00000000E+00 0.00000000E+00 0.00000000E+00 0.00000000E+00
13  4 0.00000000E+00 0.00000000E+00-1.33138943E-02 0.00000000E+00 6.55967067E-02
13  5-1.37033547E-01-2.61841678E-01 3.73609103E-01 0.00000000E+00-1.78019957E-01
13  6 1.75543527E-01 0.00000000E+00-1.04145318E-01 1.92646521E-02-1.23781408E-02
13  7-6.88651128E-03 0.00000000E+00-1.60312343E-02 0.00000000E+00-6.55967067E-02
13  8 1.37033547E-01 2.61841678E-01 3.73609103E-01 0.00000000E+00 1.78019957E-01
13  9 1.75543527E-01 0.00000000E+00 1.04145318E-01-1.92646521E-02 1.23781408E-02
13 10 6.88651128E-03 0.00000000E+00-1.60312343E-02 0.00000000E+00
14  1 0.00000000E+00 0.00000000E+00 0.00000000E+00 0.00000000E+00 0.00000000E+00
14  2 0.00000000E+00 0.00000000E+00 0.00000000E+00 0.00000000E+00 0.00000000E+00
14  3 0.00000000E+00 0.00000000E+00 0.00000000E+00 0.00000000E+00 0.00000000E+00
14  4 0.00000000E+00-1.90795447E-01 0.00000000E+00 0.00000000E+00 0.00000000E+00
14  5 0.00000000E+00 0.00000000E+00 0.00000000E+00 4.55454851E-01 0.00000000E+00
14  6 0.00000000E+00 2.82439363E-01 0.00000000E+00 0.00000000E+00 0.00000000E+00
14  7 0.00000000E+00 2.18470852E-02 0.00000000E+00-2.80714927E-03 0.00000000E+00
14  8 0.00000000E+00 0.00000000E+00 0.00000000E+00-4.55454851E-01 0.00000000E+00
14  9 0.00000000E+00-2.82439363E-01 0.00000000E+00 0.00000000E+00 0.00000000E+00
14 10 0.00000000E+00 2.18470852E-02 0.00000000E+00 2.80714927E-03
15  1 0.00000000E+00 0.00000000E+00 0.00000000E+00 0.00000000E+00-8.33296087E-04
15  2 0.00000000E+00 0.00000000E+00-2.15867611E-03 0.00000000E+00 0.00000000E+00
15  3 3.76568260E-02 0.00000000E+00 0.00000000E+00 0.00000000E+00 0.00000000E+00
15  4 0.00000000E+00 0.00000000E+00-1.83678738E-01 0.00000000E+00 5.01185411E-03
15  5-2.20845554E-02-2.75393756E-02 1.97366517E-01 0.00000000E+00 4.15369326E-01
15  6 1.15121063E-01 0.00000000E+00 2.60883125E-01 1.30335838E-02-3.69333011E-03
15  7-9.34025371E-03 0.00000000E+00 2.08079603E-02 0.00000000E+00-5.01185411E-03
15  8 2.20845554E-02 2.75393756E-02 1.97366517E-01 0.00000000E+00-4.15369326E-01
15  9 1.15121063E-01 0.00000000E+00-2.60883125E-01-1.30335838E-02 3.69333011E-03
15 10 9.34025371E-03 0.00000000E+00 2.08079603E-02 0.00000000E+00
16  1 2.54527486E-02-1.44631209E-01 8.44110342E-02 1.10035020E+00 0.00000000E+00
16  2 0.00000000E+00 1.21445646E-01 0.00000000E+00 0.00000000E+00-2.76745267E-01
16  3 0.00000000E+00 0.00000000E+00-1.54579747E-01-2.39625631E-01 1.25169362E-01
16  4 1.14456269E-01 0.00000000E+00 0.00000000E+00 0.00000000E+00 4.33145840E-02
16  5-7.12450802E-02-2.78015677E-01-2.15519054E-01 0.00000000E+00 2.48988960E-01
16  6-1.78011852E-01 0.00000000E+00 2.08935628E-01-2.07865206E-02 1.02209519E-02
16  7 1.05655687E-02 0.00000000E+00 8.22458374E-03 0.00000000E+00 4.33145840E-02
16  8-7.12450802E-02-2.78015677E-01 2.15519054E-01 0.00000000E+00 2.48988960E-01
16  9 1.78011852E-01 0.00000000E+00 2.08935628E-01-2.07865206E-02 1.02209519E-02
16 10 1.05655687E-02 0.00000000E+00-8.22458374E-03 0.00000000E+00
17  1 0.00000000E+00 0.00000000E+00 0.00000000E+00 0.00000000E+00 0.00000000E+00
17  2-2.03107643E-01 0.00000000E+00 0.00000000E+00 5.41566693E-01 0.00000000E+00
17  3 0.00000000E+00 7.59374949E-01 0.00000000E+00 0.00000000E+00 0.00000000E+00
17  4 0.00000000E+00 0.00000000E+00 0.00000000E+00-5.32697270E-02 0.00000000E+00
17  5 0.00000000E+00 0.00000000E+00 0.00000000E+00-3.92471354E-01 0.00000000E+00
17  6 0.00000000E+00-4.24620240E-01 0.00000000E+00 0.00000000E+00 0.00000000E+00
17  7 0.00000000E+00-4.53133631E-03 0.00000000E+00-1.89863923E-03 0.00000000E+00
17  8 0.00000000E+00 0.00000000E+00 0.00000000E+00-3.92471354E-01 0.00000000E+00
17  9 0.00000000E+00-4.24620240E-01 0.00000000E+00 0.00000000E+00 0.00000000E+00
17 10 0.00000000E+00 4.53133631E-03 0.00000000E+00-1.89863923E-03
18  1 4.87924966E-03-9.91779764E-02-6.59952546E-02 1.11197565E+00 0.00000000E+00
18  2 0.00000000E+00-1.53383018E-01 0.00000000E+00 0.00000000E+00 4.35901373E-01
18  3 0.00000000E+00 0.00000000E+00 9.15178387E-01-1.38098611E-01 1.42027173E-01
18  4-3.92856180E-03 0.00000000E+00 0.00000000E+00 0.00000000E+00 4.79662599E-02
18  5-8.52126285E-02-5.02861187E-01-2.22455040E-01 0.00000000E+00-2.85541350E-01
18  6-3.00172710E-01 0.00000000E+00-3.28713278E-01-1.68372202E-02 1.23004499E-02
18  7 4.53677031E-03 0.00000000E+00 4.83770998E-03 0.00000000E+00 4.79662599E-02
18  8-8.52126285E-02-5.02861187E-01 2.22455040E-01 0.00000000E+00-2.85541350E-01
18  9 3.00172710E-01 0.00000000E+00-3.28713278E-01-1.68372202E-02 1.23004499E-02
18 10 4.53677031E-03 0.00000000E+00-4.83770998E-03 0.00000000E+00
19  1 0.00000000E+00 0.00000000E+00 0.00000000E+00 0.00000000E+00-2.93966479E-02
19  2 0.00000000E+00 0.00000000E+00 1.45951071E-01 0.00000000E+00 0.00000000E+00
19  3 2.08576733E+00 0.00000000E+00 0.00000000E+00 0.00000000E+00 0.00000000E+00
19  4 0.00000000E+00 0.00000000E+00-6.17697775E-02 0.00000000E+00-7.67792394E-02
19  5 9.46750375E-02 1.24486915E+00-4.67855627E-02 0.00000000E+00-1.13391964E-01
19  6 1.61044279E-01 0.00000000E+00-2.18492971E-01 2.55408705E-02-1.24542554E-02
19  7-1.30866150E-02 0.00000000E+00-1.09061671E-02 0.00000000E+00 7.67792394E-02
19  8-9.46750375E-02-1.24486915E+00-4.67855627E-02 0.00000000E+00 1.13391964E-01
19  9 1.61044279E-01 0.00000000E+00 2.18492971E-01-2.55408705E-02 1.24542554E-02
19 10 1.30866150E-02 0.00000000E+00-1.09061671E-02 0.00000000E+00
20  1 0.00000000E+00 0.00000000E+00 0.00000000E+00 0.00000000E+00 0.00000000E+00
20  2 2.91788137E-01 0.00000000E+00 0.00000000E+00-1.10727302E+00 0.00000000E+00
20  3 0.00000000E+00 1.19180313E+00 0.00000000E+00 0.00000000E+00 0.00000000E+00
20  4 0.00000000E+00 0.00000000E+00 0.00000000E+00-1.23584896E-01 0.00000000E+00
20  5 0.00000000E+00 0.00000000E+00 0.00000000E+00-3.86277984E-03 0.00000000E+00
20  6 0.00000000E+00-2.91421892E-02 0.00000000E+00 0.00000000E+00 0.00000000E+00
20  7 0.00000000E+00-4.15541304E-02 0.00000000E+00 5.75640410E-03 0.00000000E+00
20  8 0.00000000E+00 0.00000000E+00 0.00000000E+00-3.86277984E-03 0.00000000E+00
20  9 0.00000000E+00-2.91421892E-02 0.00000000E+00 0.00000000E+00 0.00000000E+00
20 10 0.00000000E+00 4.15541304E-02 0.00000000E+00 5.75640410E-03
21  1 6.04358465E-04 1.69507861E-02 3.19494830E-02 4.88167980E-01 0.00000000E+00
21  2 0.00000000E+00 2.84664565E-01 0.00000000E+00 0.00000000E+00-1.04916636E+00
21  3 0.00000000E+00 0.00000000E+00 1.15329000E+00 2.98057013E-01-8.31157829E-02
21  4-2.14941230E-01 0.00000000E+00 0.00000000E+00 0.00000000E+00 4.85688427E-03
21  5 2.88601751E-02-3.90182010E-01 1.07677015E-01 0.00000000E+00-3.16491627E-03
21  6-1.57571667E-01 0.00000000E+00 6.77725721E-02-3.43016414E-02 1.31038988E-02
21  7 2.11977426E-02 0.00000000E+00-2.31174290E-02 0.00000000E+00 4.85688427E-03
21  8 2.88601751E-02-3.90182010E-01-1.07677015E-01 0.00000000E+00-3.16491627E-03
21  9 1.57571667E-01 0.00000000E+00 6.77725721E-02-3.43016414E-02 1.31038988E-02
21 10 2.11977426E-02 0.00000000E+00 2.31174290E-02 0.00000000E+00
22  1-7.77500653E-02-1.49013667E-01-1.01764105E+00 2.83539132E+00 0.00000000E+00
22  2 0.00000000E+00-6.28546602E-02 0.00000000E+00 0.00000000E+00 3.36716119E-01
22  3 0.00000000E+00 0.00000000E+00-6.24792769E-02 5.56170534E-01-4.12502548E-01
22  4-1.43667986E-01 0.00000000E+00 0.00000000E+00 0.00000000E+00 2.61573771E-02
22  5 1.70321071E-03-1.05547584E+00 2.72387413E-01 0.00000000E+00-6.73522058E-02
22  6-6.86681296E-01 0.00000000E+00 2.51585047E-01-5.63017065E-02 2.94584882E-02
22  7 2.68432184E-02 0.00000000E+00 4.69372888E-02 0.00000000E+00 2.61573771E-02
22  8 1.70321071E-03-1.05547584E+00-2.72387413E-01 0.00000000E+00-6.73522058E-02
22  9 6.86681296E-01 0.00000000E+00 2.51585047E-01-5.63017065E-02 2.94584882E-02
22 10 2.68432184E-02 0.00000000E+00-4.69372888E-02 0.00000000E+00
23  1 0.00000000E+00 0.00000000E+00 0.00000000E+00 0.00000000E+00 0.00000000E+00
23  2 3.00449387E-02 0.00000000E+00 0.00000000E+00-1.23626561E-01 0.00000000E+00
23  3 0.00000000E+00 2.35307633E-01 0.00000000E+00 0.00000000E+00 0.00000000E+00
23  4 0.00000000E+00 0.00000000E+00 0.00000000E+00 9.72451733E-01 0.00000000E+00
23  5 0.00000000E+00 0.00000000E+00 0.00000000E+00-1.58940378E-01 0.00000000E+00
23  6 0.00000000E+00-4.34032414E-02 0.00000000E+00 0.00000000E+00 0.00000000E+00
23  7 0.00000000E+00 1.31673096E-02 0.00000000E+00 5.71227667E-02 0.00000000E+00
23  8 0.00000000E+00 0.00000000E+00 0.00000000E+00-1.58940378E-01 0.00000000E+00
23  9 0.00000000E+00-4.34032414E-02 0.00000000E+00 0.00000000E+00 0.00000000E+00
23 10 0.00000000E+00-1.31673096E-02 0.00000000E+00 5.71227667E-02
24  1 1.59149388E-02 2.31211920E-02 2.03147735E-01-2.13140435E-01 0.00000000E+00
24  2 0.00000000E+00 2.18995368E-02 0.00000000E+00 0.00000000E+00-9.83486540E-02
24  3 0.00000000E+00 0.00000000E+00 2.36991768E-01-7.81927075E-02-7.94428465E-01
24  4 8.72621173E-01 0.00000000E+00 0.00000000E+00 0.00000000E+00 4.34507401E-03
24  5-3.75154670E-02 3.64946008E-02-9.76109320E-02 0.00000000E+00-1.46746603E-01
24  6 1.61143031E-02 0.00000000E+00-6.45234820E-02 7.21213872E-03-5.23661081E-02
24  7 4.51539694E-02 0.00000000E+00 1.41255879E-02 0.00000000E+00 4.34507401E-03
24  8-3.75154670E-02 3.64946008E-02 9.76109320E-02 0.00000000E+00-1.46746603E-01
24  9-1.61143031E-02 0.00000000E+00-6.45234820E-02 7.21213872E-03-5.23661081E-02
24 10 4.51539694E-02 0.00000000E+00-1.41255879E-02 0.00000000E+00
25  1 0.00000000E+00 0.00000000E+00 0.00000000E+00 0.00000000E+00 2.25493162E-03
25  2 0.00000000E+00 0.00000000E+00 3.86692438E-01 0.00000000E+00 0.00000000E+00
25  3 3.08686724E-01 0.00000000E+00 0.00000000E+00 0.00000000E+00 0.00000000E+00
25  4 0.00000000E+00 0.00000000E+00 6.98165187E-01 0.00000000E+00-2.33903461E-02
25  5-5.37804268E-02 6.83368624E-01-2.99505763E-01 0.00000000E+00 1.94169721E-01
25  6 9.82223712E-01 0.00000000E+00 3.40591277E-03 7.74416541E-03-1.48214735E-02
25  7 7.07730812E-03 0.00000000E+00-2.39648287E-02 0.00000000E+00 2.33903461E-02
25  8 5.37804268E-02-6.83368624E-01-2.99505763E-01 0.00000000E+00-1.94169721E-01
25  9 9.82223712E-01 0.00000000E+00-3.40591277E-03-7.74416541E-03 1.48214735E-02
25 10-7.07730812E-03 0.00000000E+00-2.39648287E-02 0.00000000E+00
26  1 9.68143193E-02 4.66592811E-01 1.65374301E+00 2.84739261E-01 0.00000000E+00
26  2 0.00000000E+00-5.56003817E-02 0.00000000E+00 0.00000000E+00 3.33512935E-01
26  3 0.00000000E+00 0.00000000E+00 6.67753320E-02 1.75246435E-01-8.64285328E-02
26  4-8.88179021E-02 0.00000000E+00 0.00000000E+00 0.00000000E+00 5.44300866E-02
26  5-7.87083241E-02-6.53345501E-01 1.94182912E-01 0.00000000E+00 3.17263765E-02
26  6-1.14248241E+00 0.00000000E+00 1.89123072E-01 1.44332862E-02-2.85365257E-03
26  7-1.15796337E-02 0.00000000E+00 5.47267148E-03 0.00000000E+00 5.44300866E-02
26  8-7.87083241E-02-6.53345501E-01-1.94182912E-01 0.00000000E+00 3.17263765E-02
26  9 1.14248241E+00 0.00000000E+00 1.89123072E-01 1.44332862E-02-2.85365257E-03
26 10-1.15796337E-02 0.00000000E+00-5.47267148E-03 0.00000000E+00
27  1 0.00000000E+00 0.00000000E+00 0.00000000E+00 0.00000000E+00-2.05716931E-01
27  2 0.00000000E+00 0.00000000E+00 1.02158684E+00 0.00000000E+00 0.00000000E+00
27  3-3.03873426E-01 0.00000000E+00 0.00000000E+00 0.00000000E+00 0.00000000E+00
27  4 0.00000000E+00 0.00000000E+00-5.33314873E-01 0.00000000E+00-3.72001245E-02
27  5 7.85006576E-02 2.13041121E-01-3.51135194E-02 0.00000000E+00 2.23228076E-01
27  6 5.61030495E-01 0.00000000E+00-7.46352184E-01-7.75492269E-03 2.13863995E-02
27  7-1.36314768E-02 0.00000000E+00 4.80016112E-02 0.00000000E+00 3.72001245E-02
27  8-7.85006576E-02-2.13041121E-01-3.51135194E-02 0.00000000E+00-2.23228076E-01
27  9 5.61030495E-01 0.00000000E+00 7.46352184E-01 7.75492269E-03-2.13863995E-02
27 10 1.36314768E-02 0.00000000E+00 4.80016112E-02 0.00000000E+00
28  1 0.00000000E+00 0.00000000E+00 0.00000000E+00 0.00000000E+00 0.00000000E+00
28  2 0.00000000E+00 0.00000000E+00 0.00000000E+00 0.00000000E+00 0.00000000E+00
28  3 0.00000000E+00 0.00000000E+00 0.00000000E+00 0.00000000E+00 0.00000000E+00
28  4 0.00000000E+00 7.38978083E-01 0.00000000E+00 0.00000000E+00 0.00000000E+00
28  5 0.00000000E+00 0.00000000E+00 0.00000000E+00-3.39929882E-01 0.00000000E+00
28  6 0.00000000E+00 8.52676843E-01 0.00000000E+00 0.00000000E+00 0.00000000E+00
28  7 0.00000000E+00-3.78852818E-02 0.00000000E+00 1.88638914E-02 0.00000000E+00
28  8 0.00000000E+00 0.00000000E+00 0.00000000E+00 3.39929882E-01 0.00000000E+00
28  9 0.00000000E+00-8.52676843E-01 0.00000000E+00 0.00000000E+00 0.00000000E+00
28 10 0.00000000E+00-3.78852818E-02 0.00000000E+00-1.88638914E-02
29  1 0.00000000E+00 0.00000000E+00 0.00000000E+00 0.00000000E+00 0.00000000E+00
29  2 0.00000000E+00 0.00000000E+00 0.00000000E+00 0.00000000E+00 0.00000000E+00
29  3 0.00000000E+00 0.00000000E+00 0.00000000E+00 0.00000000E+00 0.00000000E+00
29  4 0.00000000E+00 7.84244243E-01 0.00000000E+00 0.00000000E+00 0.00000000E+00
29  5 0.00000000E+00 0.00000000E+00 0.00000000E+00 5.83907639E-01 0.00000000E+00
29  6 0.00000000E+00-2.22107796E-01 0.00000000E+00 0.00000000E+00 0.00000000E+00
29  7 0.00000000E+00-5.22656539E-02 0.00000000E+00 3.66914235E-02 0.00000000E+00
29  8 0.00000000E+00 0.00000000E+00 0.00000000E+00-5.83907639E-01 0.00000000E+00
29  9 0.00000000E+00 2.22107796E-01 0.00000000E+00 0.00000000E+00 0.00000000E+00
29 10 0.00000000E+00-5.22656539E-02 0.00000000E+00-3.66914235E-02
30  1 0.00000000E+00 0.00000000E+00 0.00000000E+00 0.00000000E+00-1.79566965E-01
30  2 0.00000000E+00 0.00000000E+00 8.31181612E-01 0.00000000E+00 0.00000000E+00
30  3-6.23693707E-01 0.00000000E+00 0.00000000E+00 0.00000000E+00 0.00000000E+00
30  4 0.00000000E+00 0.00000000E+00-1.80585363E-01 0.00000000E+00-1.38026459E-02
30  5-1.34838197E-02 8.74092450E-02-6.40629570E-02 0.00000000E+00-5.97193965E-01
30  6 5.93678359E-01 0.00000000E+00 4.97168006E-01-2.80771505E-02 2.88942669E-02
30  7-8.17116383E-04 0.00000000E+00 2.38082014E-02 0.00000000E+00 1.38026459E-02
30  8 1.34838197E-02-8.74092450E-02-6.40629570E-02 0.00000000E+00 5.97193965E-01
30  9 5.93678359E-01 0.00000000E+00-4.97168006E-01 2.80771505E-02-2.88942669E-02
30 10 8.17116383E-04 0.00000000E+00 2.38082014E-02 0.00000000E+00
31  1 2.05385887E-02 1.00532663E-01 3.56303664E-01-1.15030330E-01 0.00000000E+00
31  2 0.00000000E+00-4.97570088E-02 0.00000000E+00 0.00000000E+00 1.42105634E-01
31  3 0.00000000E+00 0.00000000E+00-1.03247639E+00 1.77039134E-01 5.19225992E-02
31  4-2.28961733E-01 0.00000000E+00 0.00000000E+00 0.00000000E+00-3.57552593E-03
31  5 6.24357600E-02-7.46399713E-02-2.22414359E-01 0.00000000E+00-5.54008518E-01
31  6 1.22674081E-01 0.00000000E+00 1.08798029E+00-8.03772807E-04-1.50852768E-03
31  7 2.31230049E-03 0.00000000E+00-3.43020466E-02 0.00000000E+00-3.57552593E-03
31  8 6.24357600E-02-7.46399713E-02 2.22414359E-01 0.00000000E+00-5.54008518E-01
31  9-1.22674081E-01 0.00000000E+00 1.08798029E+00-8.03772807E-04-1.50852768E-03
31 10 2.31230049E-03 0.00000000E+00 3.43020466E-02 0.00000000E+00
32  1 0.00000000E+00 0.00000000E+00 0.00000000E+00 0.00000000E+00 0.00000000E+00
32  2-3.78187282E-02 0.00000000E+00 0.00000000E+00 7.21499191E-02 0.00000000E+00
32  3 0.00000000E+00-1.06284991E+00 0.00000000E+00 0.00000000E+00 0.00000000E+00
32  4 0.00000000E+00 0.00000000E+00 0.00000000E+00-1.64658618E-01 0.00000000E+00
32  5 0.00000000E+00 0.00000000E+00 0.00000000E+00-6.15368300E-01 0.00000000E+00
32  6 0.00000000E+00 1.12721876E+00 0.00000000E+00 0.00000000E+00 0.00000000E+00
32  7 0.00000000E+00-4.70410935E-02 0.00000000E+00 4.12863451E-03 0.00000000E+00
32  8 0.00000000E+00 0.00000000E+00 0.00000000E+00-6.15368300E-01 0.00000000E+00
32  9 0.00000000E+00 1.12721876E+00 0.00000000E+00 0.00000000E+00 0.00000000E+00
32 10 0.00000000E+00 4.70410935E-02 0.00000000E+00 4.12863451E-03
33  1 0.00000000E+00 0.00000000E+00 0.00000000E+00 0.00000000E+00-3.02032201E-01
33  2 0.00000000E+00 0.00000000E+00 1.18573176E+00 0.00000000E+00 0.00000000E+00
33  3 2.54653023E-01 0.00000000E+00 0.00000000E+00 0.00000000E+00 0.00000000E+00
33  4 0.00000000E+00 0.00000000E+00 6.62706359E-01 0.00000000E+00-3.63152410E-02
33  5 3.00998000E-01 5.30560342E-01 6.72269633E-01 0.00000000E+00 1.46851328E-02
33  6-3.72838081E-02 0.00000000E+00-2.12080292E-02-1.54766956E-01 1.77491212E-02
33  7 1.37017834E-01 0.00000000E+00-4.82060326E-02 0.00000000E+00 3.63152410E-02
33  8-3.00998000E-01-5.30560342E-01 6.72269633E-01 0.00000000E+00-1.46851328E-02
33  9-3.72838081E-02 0.00000000E+00 2.12080292E-02 1.54766956E-01-1.77491212E-02
33 10-1.37017834E-01 0.00000000E+00-4.82060326E-02 0.00000000E+00
34  1 2.66000732E-02-2.62118080E-02 2.82861759E-01 2.54802958E+00 0.00000000E+00
34  2 0.00000000E+00-7.10419809E-02 0.00000000E+00 0.00000000E+00 4.03201016E-01
34  3 0.00000000E+00 0.00000000E+00 5.50939772E-01 9.82863194E-01-5.63974378E-01
34  4-4.18888816E-01 0.00000000E+00 0.00000000E+00 0.00000000E+00 1.53759428E-02
34  5 7.08922261E-01-2.31213754E+00-4.54081849E-01 0.00000000E+00 2.86849238E-01
34  6-6.09936655E-01 0.00000000E+00-9.51443807E-02 1.50882453E-01-1.23311260E-01
34  7-2.75711939E-02 0.00000000E+00-8.94958164E-02 0.00000000E+00 1.53759428E-02
34  8 7.08922261E-01-2.31213754E+00 4.54081849E-01 0.00000000E+00 2.86849238E-01
34  9 6.09936655E-01 0.00000000E+00-9.51443807E-02 1.50882453E-01-1.23311260E-01
34 10-2.75711939E-02 0.00000000E+00 8.94958164E-02 0.00000000E+00
35  1 0.00000000E+00 0.00000000E+00 0.00000000E+00 0.00000000E+00-1.78455525E-02
35  2 0.00000000E+00 0.00000000E+00 3.93582374E-01 0.00000000E+00 0.00000000E+00
35  3 1.78515076E+00 0.00000000E+00 0.00000000E+00 0.00000000E+00 0.00000000E+00
35  4 0.00000000E+00 0.00000000E+00 1.33260516E-01 0.00000000E+00-8.37077791E-03
35  5-1.29941411E+00 2.59701116E+00 1.30889546E-01 0.00000000E+00 4.35644337E-02
35  6 2.79507014E-01 0.00000000E+00-3.06140117E-01-9.36169301E-02 8.12648117E-02
35  7 1.23521185E-02 0.00000000E+00 1.68933210E-01 0.00000000E+00 8.37077791E-03
35  8 1.29941411E+00-2.59701116E+00 1.30889546E-01 0.00000000E+00-4.35644337E-02
35  9 2.79507014E-01 0.00000000E+00 3.06140117E-01 9.36169301E-02-8.12648117E-02
35 10-1.23521185E-02 0.00000000E+00 1.68933210E-01 0.00000000E+00
36  1-1.92924291E-02 1.40174017E-01-5.47300845E-02 7.47846897E-01 0.00000000E+00
36  2 0.00000000E+00 7.96763135E-02 0.00000000E+00 0.00000000E+00-2.96927530E-01
36  3 0.00000000E+00 0.00000000E+00 2.84282142E-01-7.32029427E-01 3.88601487E-01
36  4 3.43427940E-01 0.00000000E+00 0.00000000E+00 0.00000000E+00-8.33901118E-03
36  5 1.03188721E+00-9.97378379E-01 3.78106937E-01 0.00000000E+00-1.80921650E-01
36  6-4.24279238E-01 0.00000000E+00 3.68974300E-02 1.44346288E-01 8.55273189E-02
36  7-2.29873607E-01 0.00000000E+00 2.21282244E-01 0.00000000E+00-8.33901118E-03
36  8 1.03188721E+00-9.97378379E-01-3.78106937E-01 0.00000000E+00-1.80921650E-01
36  9 4.24279238E-01 0.00000000E+00 3.68974300E-02 1.44346288E-01 8.55273189E-02
36 10-2.29873607E-01 0.00000000E+00-2.21282244E-01 0.00000000E+00
37  1 0.00000000E+00 0.00000000E+00 0.00000000E+00 0.00000000E+00 0.00000000E+00
37  2 0.00000000E+00 0.00000000E+00 0.00000000E+00 0.00000000E+00 0.00000000E+00
37  3 0.00000000E+00 0.00000000E+00 0.00000000E+00 0.00000000E+00 0.00000000E+00
37  4 0.00000000E+00 4.19297754E-02 0.00000000E+00 0.00000000E+00 0.00000000E+00
37  5 0.00000000E+00 0.00000000E+00 0.00000000E+00-1.19946351E-02 0.00000000E+00
37  6 0.00000000E+00 2.71316282E-02 0.00000000E+00 0.00000000E+00 0.00000000E+00
37  7 0.00000000E+00 3.00126580E-01 0.00000000E+00 6.41207262E-01 0.00000000E+00
37  8 0.00000000E+00 0.00000000E+00 0.00000000E+00 1.19946351E-02 0.00000000E+00
37  9 0.00000000E+00-2.71316282E-02 0.00000000E+00 0.00000000E+00 0.00000000E+00
37 10 0.00000000E+00 3.00126580E-01 0.00000000E+00-6.41207262E-01
38  1 0.00000000E+00 0.00000000E+00 0.00000000E+00 0.00000000E+00-7.24415269E-03
38  2 0.00000000E+00 0.00000000E+00 6.73836377E-03 0.00000000E+00 0.00000000E+00
38  3 6.56992997E-02 0.00000000E+00 0.00000000E+00 0.00000000E+00 0.00000000E+00
38  4 0.00000000E+00 0.00000000E+00-3.40250847E-02 0.00000000E+00-9.60132457E-04
38  5-1.97783041E-02 5.02880657E-02 1.89082057E-02 0.00000000E+00 1.75831430E-02
38  6-3.05228671E-02 0.00000000E+00-3.65769934E-02-1.25225409E-01 6.16301200E-01
38  7-4.91075790E-01 0.00000000E+00-2.77100321E-01 0.00000000E+00 9.60132457E-04
38  8 1.97783041E-02-5.02880657E-02 1.89082057E-02 0.00000000E+00-1.75831430E-02
38  9-3.05228671E-02 0.00000000E+00 3.65769934E-02 1.25225409E-01-6.16301200E-01
38 10 4.91075790E-01 0.00000000E+00-2.77100321E-01 0.00000000E+00
39  1 0.00000000E+00 0.00000000E+00 0.00000000E+00 0.00000000E+00 0.00000000E+00
39  2-3.69911578E-02 0.00000000E+00 0.00000000E+00 1.90597569E-01 0.00000000E+00
39  3 0.00000000E+00-1.23388545E-03 0.00000000E+00 0.00000000E+00 0.00000000E+00
39  4 0.00000000E+00 0.00000000E+00 0.00000000E+00-1.91252726E-01 0.00000000E+00
39  5 0.00000000E+00 0.00000000E+00 0.00000000E+00 3.57379953E-02 0.00000000E+00
39  6 0.00000000E+00-6.30799481E-02 0.00000000E+00 0.00000000E+00 0.00000000E+00
39  7 0.00000000E+00-8.39821811E-02 0.00000000E+00 7.11990519E-01 0.00000000E+00
39  8 0.00000000E+00 0.00000000E+00 0.00000000E+00 3.57379953E-02 0.00000000E+00
39  9 0.00000000E+00-6.30799481E-02 0.00000000E+00 0.00000000E+00 0.00000000E+00
39 10 0.00000000E+00 8.39821811E-02 0.00000000E+00 7.11990519E-01
40  1 2.69184985E-03-6.16803892E-02-4.80540396E-02 1.02556602E-02 0.00000000E+00
40  2 0.00000000E+00-1.10239838E-02 0.00000000E+00 0.00000000E+00 2.31959060E-02
40  3 0.00000000E+00 0.00000000E+00 1.17932801E-02 2.38815222E-01-3.60287378E-01
40  4 1.21472156E-01 0.00000000E+00 0.00000000E+00 0.00000000E+00 1.08809737E-03
40  5-2.05501678E-01 1.03236999E-01-1.18946286E-01 0.00000000E+00 4.26895184E-02
40  6 8.54835374E-02 0.00000000E+00-3.10775792E-02-2.03803845E-04 5.87475550E-01
40  7-5.87271746E-01 0.00000000E+00-1.93974558E-01 0.00000000E+00 1.08809737E-03
40  8-2.05501678E-01 1.03236999E-01 1.18946286E-01 0.00000000E+00 4.26895184E-02
40  9-8.54835374E-02 0.00000000E+00-3.10775792E-02-2.03803845E-04 5.87475550E-01
40 10-5.87271746E-01 0.00000000E+00 1.93974558E-01 0.00000000E+00
41  1 0.00000000E+00 0.00000000E+00 0.00000000E+00 0.00000000E+00 0.00000000E+00
41  2 9.86261018E-02 0.00000000E+00 0.00000000E+00-5.12845404E-01 0.00000000E+00
41  3 0.00000000E+00-1.48850510E-01 0.00000000E+00 0.00000000E+00 0.00000000E+00
41  4 0.00000000E+00 0.00000000E+00 0.00000000E+00-2.95122436E-01 0.00000000E+00
41  5 0.00000000E+00 0.00000000E+00 0.00000000E+00-6.85124687E-02 0.00000000E+00
41  6 0.00000000E+00 2.91836481E-01 0.00000000E+00 0.00000000E+00 0.00000000E+00
41  7 0.00000000E+00 7.69995450E-01 0.00000000E+00 7.22120538E-02 0.00000000E+00
41  8 0.00000000E+00 0.00000000E+00 0.00000000E+00-6.85124687E-02 0.00000000E+00
41  9 0.00000000E+00 2.91836481E-01 0.00000000E+00 0.00000000E+00 0.00000000E+00
41 10 0.00000000E+00-7.69995450E-01 0.00000000E+00 7.22120538E-02
42  1-1.63125989E-02-2.79330485E-01-5.78355547E-01-6.68860592E-01 0.00000000E+00
42  2 0.00000000E+00 8.43536339E-02 0.00000000E+00 0.00000000E+00-6.05520980E-01
42  3 0.00000000E+00 0.00000000E+00-3.13080818E-01 4.97081270E-01-5.32979897E-02
42  4-4.43783281E-01 0.00000000E+00 0.00000000E+00 0.00000000E+00-1.87078562E-02
42  5-6.73324224E-01 1.01236939E+00-1.60065001E-01 0.00000000E+00 2.98614533E-02
42  6 6.03086471E-01 0.00000000E+00 2.13026507E-01 5.91382689E-01-2.27589536E-01
42  7-3.63793153E-01 0.00000000E+00 4.79935909E-01 0.00000000E+00-1.87078562E-02
42  8-6.73324224E-01 1.01236939E+00 1.60065001E-01 0.00000000E+00 2.98614533E-02
42  9-6.03086471E-01 0.00000000E+00 2.13026507E-01 5.91382689E-01-2.27589536E-01
42 10-3.63793153E-01 0.00000000E+00-4.79935909E-01 0.00000000E+00
43  1 0.00000000E+00 0.00000000E+00 0.00000000E+00 0.00000000E+00 3.47775092E-04
43  2 0.00000000E+00 0.00000000E+00-3.67685983E-01 0.00000000E+00 0.00000000E+00
43  3-2.21222234E-01 0.00000000E+00 0.00000000E+00 0.00000000E+00 0.00000000E+00
43  4 0.00000000E+00 0.00000000E+00 8.74083765E-01 0.00000000E+00 1.18561722E-02
43  5 4.43823055E-01-6.10231724E-01 1.31701175E-01 0.00000000E+00 2.53165910E-02
43  6-1.96202293E-01 0.00000000E+00 3.86763330E-01 1.78858872E-01 1.96085224E-01
43  7-3.74944096E-01 0.00000000E+00 7.38381425E-01 0.00000000E+00-1.18561722E-02
43  8-4.43823055E-01 6.10231724E-01 1.31701175E-01 0.00000000E+00-2.53165910E-02
43  9-1.96202293E-01 0.00000000E+00-3.86763330E-01-1.78858872E-01-1.96085224E-01
43 10 3.74944096E-01 0.00000000E+00 7.38381425E-01 0.00000000E+00
44  1 0.00000000E+00 0.00000000E+00 0.00000000E+00 0.00000000E+00 0.00000000E+00
44  2 0.00000000E+00 0.00000000E+00 0.00000000E+00 0.00000000E+00 0.00000000E+00
44  3 0.00000000E+00 0.00000000E+00 0.00000000E+00 0.00000000E+00 0.00000000E+00
44  4 0.00000000E+00 9.86136488E-01 0.00000000E+00 0.00000000E+00 0.00000000E+00
44  5 0.00000000E+00 0.00000000E+00 0.00000000E+00 9.39479192E-02 0.00000000E+00
44  6 0.00000000E+00 3.35797467E-01 0.00000000E+00 0.00000000E+00 0.00000000E+00
44  7 0.00000000E+00 8.11133187E-01 0.00000000E+00-3.48893025E-01 0.00000000E+00
44  8 0.00000000E+00 0.00000000E+00 0.00000000E+00-9.39479192E-02 0.00000000E+00
44  9 0.00000000E+00-3.35797467E-01 0.00000000E+00 0.00000000E+00 0.00000000E+00
44 10 0.00000000E+00 8.11133187E-01 0.00000000E+00 3.48893025E-01
45  1-8.72470487E-02-5.28964432E-01-1.81606130E+00-1.64749707E+00 0.00000000E+00
45  2 0.00000000E+00 2.55907751E-02 0.00000000E+00 0.00000000E+00-4.45058014E-01
45  3 0.00000000E+00 0.00000000E+00-5.32833108E-02-1.39294234E+00 6.82327051E-01
45  4 7.10615287E-01 0.00000000E+00 0.00000000E+00 0.00000000E+00-3.68910279E-02
45  5-1.87889382E-01 1.96758756E+00 4.94240353E-01 0.00000000E+00-1.88692405E-01
45  6 9.20035601E-01 0.00000000E+00-3.87709887E-01 6.63959051E-01-4.56598943E-01
45  7-2.07360108E-01 0.00000000E+00-6.65065488E-01 0.00000000E+00-3.68910279E-02
45  8-1.87889382E-01 1.96758756E+00-4.94240353E-01 0.00000000E+00-1.88692405E-01
45  9-9.20035601E-01 0.00000000E+00-3.87709887E-01 6.63959051E-01-4.56598943E-01
45 10-2.07360108E-01 0.00000000E+00 6.65065488E-01 0.00000000E+00
46  1 0.00000000E+00 0.00000000E+00 0.00000000E+00 0.00000000E+00-1.92408347E-01
46  2 0.00000000E+00 0.00000000E+00 2.23206087E+00 0.00000000E+00 0.00000000E+00
46  3 3.96620649E-01 0.00000000E+00 0.00000000E+00 0.00000000E+00 0.00000000E+00
46  4 0.00000000E+00 0.00000000E+00 6.88278654E-01 0.00000000E+00-4.48471058E-02
46  5-3.59788251E-01 1.86456112E+00 3.95909637E-01 0.00000000E+00-4.49566434E-02
46  6 9.75113790E-01 0.00000000E+00-1.80844110E-01 9.22758467E-01-4.17047159E-01
46  7-5.05711308E-01 0.00000000E+00-2.25120809E-01 0.00000000E+00 4.48471058E-02
46  8 3.59788251E-01-1.86456112E+00 3.95909637E-01 0.00000000E+00 4.49566434E-02
46  9 9.75113790E-01 0.00000000E+00 1.80844110E-01-9.22758467E-01 4.17047159E-01
46 10 5.05711308E-01 0.00000000E+00-2.25120809E-01 0.00000000E+00
 $END   
 POPULATION ANALYSIS
S           15.66222   0.33778  15.48094   0.51906
O            8.16889  -0.16889   8.25953  -0.25953
O            8.16889  -0.16889   8.25953  -0.25953
 MOMENTS AT POINT    1 X,Y,Z=  0.000000  0.000000  0.000000
 DIPOLE       0.000000  0.000000  0.489494
